# Bundle file v0.3
60 5736
8.7195327890e+02 -3.1996990497e-01 -2.3761584755e-02
9.4823982050e-01 3.6170117384e-02 -3.1548845529e-01
8.1708342724e-02 9.3225101727e-01 3.5246529976e-01
3.0686314464e-01 -3.5999967141e-01 8.8104213693e-01
7.2198553787e-01 -3.0754614345e+00 -2.0552773199e+01
2.2963621016e+03 -1.3675560647e-01 1.5852239757e-01
9.9929008354e-01 -1.8494392022e-02 3.2822041305e-02
5.1955911374e-03 9.3054032631e-01 3.6615257331e-01
-3.7314002257e-02 -3.6572210566e-01 9.2997580972e-01
-2.2427453555e+00 -2.1290111859e+00 -1.5810190084e+01
5.9258596249e+02 -1.1869438447e-01 3.0300993502e-01
9.8899676960e-01 -9.1579970465e-02 1.1618303978e-01
-2.9023199057e-02 6.4998021496e-01 7.5939671719e-01
-1.4506220610e-01 -7.5441290364e-01 6.4017038918e-01
-3.7847837029e-01 -3.5156262930e+00 -7.4571952477e+00
0 0 0
0 0 0
0 0 0
0 0 0
0 0 0
0 0 0
0 0 0
0 0 0
0 0 0
0 0 0
0 0 0
0 0 0
0 0 0
0 0 0
0 0 0
0 0 0
0 0 0
0 0 0
0 0 0
0 0 0
0 0 0
0 0 0
0 0 0
0 0 0
0 0 0
2.5130120352e+03 -1.7818473661e-01 4.3360890812e-01
9.7384449767e-01 3.9432227536e-02 -2.2376772285e-01
3.6377687452e-02 9.4506378218e-01 3.2485552399e-01
2.2428454743e-01 -3.2449891685e-01 9.1891071098e-01
6.7155108570e-01 -1.4452232481e+00 -1.6566206985e+01
0 0 0
0 0 0
0 0 0
0 0 0
0 0 0
0 0 0
0 0 0
0 0 0
0 0 0
0 0 0
1.9837980843e+03 -3.1813496420e-01 2.0862241802e-01
-9.7092098436e-01 -4.1931268969e-03 -2.3936344712e-01
-9.8816013283e-02 -9.0367842473e-01 4.1665417338e-01
-2.1805466665e-01 4.2819122173e-01 8.7698599760e-01
9.3795441966e-01 -2.3552965563e+00 1.1820666148e+00
3.3184249463e+03 2.4001327920e-02 7.7325098740e-03
8.7626738449e-01 3.5652199843e-02 -4.8050430959e-01
1.7410491219e-01 9.0644718264e-01 3.8476094480e-01
4.4926935177e-01 -4.2081162738e-01 7.8808287878e-01
1.0517551133e+00 -3.5828041928e+00 -1.7952190702e+01
0 0 0
0 0 0
0 0 0
0 0 0
0 0 0
2.7809465808e+03 -8.5588224732e-02 -1.3685677287e-01
9.8607578044e-01 4.5260641150e-02 -1.6001884138e-01
1.6435324582e-02 9.3101448807e-01 3.6461198981e-01
1.6548243212e-01 -3.6216501401e-01 9.1730696459e-01
4.8190371703e-01 -2.1597255636e+00 -1.6116411442e+01
0 0 0
0 0 0
0 0 0
0 0 0
0 0 0
2.0673406625e+03 3.9212864422e-03 -4.8617563954e-02
9.8033895085e-01 1.7197884691e-01 -9.6740982360e-02
-2.0791250799e-02 5.7757282290e-01 8.1607435822e-01
1.9622248939e-01 -7.9801811412e-01 5.6979279058e-01
-8.1357510671e-02 -3.2351647102e+00 -6.8398951801e+00
0 0 0
0 0 0
0 0 0
0 0 0
0 0 0
5.7746178196e+02 -1.2167215714e-01 4.6623836409e-02
-9.9692827918e-01 -6.6638865745e-03 -7.8035881382e-02
-4.0041017219e-03 -9.9073403070e-01 1.3575731135e-01
-7.8217474625e-02 1.3565276640e-01 9.8766408947e-01
4.1812276567e-01 -5.5236885030e-01 7.6823978197e+00
2.4381804969e+03 -1.7376645410e-01 -1.5618798255e-01
9.8970050657e-01 2.8768433880e-02 -1.4023296515e-01
-1.1987597110e-02 9.9281347730e-01 1.1907013395e-01
1.4265063904e-01 -1.1616271560e-01 9.8293286581e-01
5.3125834103e-01 1.5964346657e+00 -1.9659065809e+01
0 0 0
0 0 0
0 0 0
0 0 0
0 0 0
0 0 0
0 0 0
0 0 0
0 0 0
0 0 0
0 0 0
0 0 0
0 0 0
0 0 0
0 0 0
0 0 0
0 0 0
0 0 0
0 0 0
0 0 0
0 0 0
0 0 0
0 0 0
0 0 0
0 0 0
1.3234919115e+03 -2.8508793207e-02 -1.4877259977e-01
9.0968392247e-01 8.1146230488e-02 -4.0729651419e-01
7.9630730733e-02 9.2844730910e-01 3.6282852829e-01
4.0759551999e-01 -3.6249259785e-01 8.3813185632e-01
6.1167279356e-01 -9.7256722145e-01 -1.3401503669e+01
2.2235446831e+03 -3.4100651329e-04 -2.4569001000e-01
9.9794498160e-01 -2.9678073621e-02 5.6789309195e-02
1.7594515372e-02 9.7912311901e-01 2.0250518721e-01
-6.1613689400e-02 -2.0108985495e-01 9.7763317431e-01
-6.3420816939e-01 -2.1116290550e-01 -1.3878080440e+01
3.3064340714e+03 -9.4761894732e-01 -1.1642645758e-01
9.9287324307e-01 -1.8475605804e-02 -1.1773434159e-01
4.7796182739e-03 9.9328834173e-01 -1.1556567584e-01
1.1907929479e-01 1.1417934215e-01 9.8629772350e-01
2.9471943032e-02 2.4642521825e+00 -7.7453589509e+00
1.0743147291e+03 -2.3424759992e-02 1.9443533585e-01
9.9440648138e-01 -2.2443111092e-02 -1.0320880079e-01
8.3113970603e-02 7.6925042034e-01 6.3351863327e-01
6.5175284326e-02 -6.3855312823e-01 7.6681293986e-01
3.3386191756e-01 -3.0957875567e+00 -9.2821656957e+00
0 0 0
0 0 0
0 0 0
0 0 0
0 0 0
3.6486721205e+03 -1.2352724837e-01 6.4629178424e-02
9.5580266865e-01 3.4806739183e-02 -2.9194134601e-01
2.9923497528e-02 9.7629471376e-01 2.1436701281e-01
2.9248220954e-01 -2.1362846906e-01 9.3210355343e-01
-7.7878953616e-01 -4.1462972046e-01 -2.8459260843e+01
0 0 0
0 0 0
0 0 0
0 0 0
0 0 0
0 0 0
0 0 0
0 0 0
0 0 0
0 0 0
1.0616304052e+04 -2.8199063619e-01 -4.1817738091e-03
9.9996026007e-01 -3.7373862882e-03 -8.0938384569e-03
5.0656507698e-03 9.8527866817e-01 1.7088090948e-01
7.3360384072e-03 -1.7091511924e-01 9.8525844556e-01
-2.6206800400e+00 1.3519029396e+00 -2.7420329170e+01
0 0 0
0 0 0
0 0 0
0 0 0
0 0 0
0 0 0
0 0 0
0 0 0
0 0 0
0 0 0
-9.5015324841e+02 -1.2475311932e-02 1.7701937956e-05
9.9988541681e-01 5.0743123438e-03 1.4261998803e-02
-4.0502324794e-03 9.9747249902e-01 -7.0938066782e-02
-1.4585913495e-02 7.0872174061e-02 9.9737875758e-01
-8.7276649239e-02 3.0859799214e-01 2.0575406547e+00
0 0 0
0 0 0
0 0 0
0 0 0
0 0 0
2.2865803510e+03 -5.2010003579e-02 -4.6388130751e-01
8.6973082872e-01 3.2394069858e-02 -4.9246208972e-01
1.3079294667e-01 9.4703518388e-01 2.9328751353e-01
4.7587970189e-01 -3.1949176004e-01 8.1942877945e-01
5.5187604508e-01 -2.1171096193e+00 -1.8826050119e+01
2.5760835296e+03 -4.3452952167e-02 2.5285248881e-01
9.9592643055e-01 2.2468561499e-02 -8.7325303769e-02
5.0310244642e-02 6.6523183575e-01 7.4493991972e-01
7.4829300533e-02 -7.4629871261e-01 6.6139156884e-01
-5.7824738491e-02 -3.3769372270e+00 -7.5767478562e+00
0 0 0
0 0 0
0 0 0
0 0 0
0 0 0
0 0 0
0 0 0
0 0 0
0 0 0
0 0 0
0 0 0
0 0 0
0 0 0
0 0 0
0 0 0
0 0 0
0 0 0
0 0 0
0 0 0
0 0 0
8.6785759518e+02 -1.5823197327e-01 -8.9810437649e-02
9.6642091337e-01 4.3626999913e-02 -2.5323369264e-01
5.9871662040e-02 9.2013007156e-01 3.8700908968e-01
2.4989198125e-01 -3.8917519999e-01 8.8662092318e-01
4.2071080553e-01 -3.3476972784e+00 -1.7765021528e+01
0 0 0
0 0 0
0 0 0
0 0 0
0 0 0
0 0 0
0 0 0
0 0 0
0 0 0
0 0 0
1.9399744855e+03 1.8534598650e-02 -6.0275172895e-02
9.9884674148e-01 -1.2475051226e-02 4.6363348944e-02
-1.4487747964e-03 9.5738331381e-01 2.8881670915e-01
-4.7990499893e-02 -2.8855079887e-01 9.5626112981e-01
-1.2172328922e-01 -1.9587158077e-01 -1.0274671647e+01
1.1718048138e+03 1.4374844431e+00 9.0197509552e-02
9.9311867892e-01 -6.0905692427e-02 -1.0002892687e-01
5.1062080396e-02 9.9385776374e-01 -9.8180493946e-02
1.0539427653e-01 9.2397197338e-02 9.9012868073e-01
2.4996321075e-01 2.4785108212e+00 -8.0023189808e+00
0 0 0
0 0 0
0 0 0
0 0 0
0 0 0
3.8889023260e+03 -9.5476225520e-02 -7.3986867033e-03
8.8884617889e-01 6.4176042806e-02 -4.5368921720e-01
9.3383700279e-02 9.4399018624e-01 3.1648382708e-01
4.4858884828e-01 -3.2367261826e-01 8.3306907360e-01
6.9115006077e-01 -2.7193009976e+00 -2.1348614090e+01
0 0 0
0 0 0
0 0 0
0 0 0
0 0 0
1.7955646291e+03 -1.8618592462e-01 -3.9200839016e-02
9.9551779751e-01 3.4135994520e-02 -8.8198915598e-02
-2.7293323900e-02 9.9660655994e-01 7.7655902295e-02
9.0550479319e-02 -7.4900591246e-02 9.9307125229e-01
5.8769217804e-01 2.8142162543e+00 -1.9122398088e+01
-2.0950211897e+03 4.9669984682e-02 -2.4586213259e-01
9.9804791838e-01 -2.4313167585e-03 6.2405459079e-02
2.6049328427e-02 9.2437603677e-01 -3.8059213750e-01
-5.6760770894e-02 3.8147481088e-01 9.2263491347e-01
-4.0989507336e-01 7.9742864858e-01 5.0646204648e+00
0 0 0
0 0 0
0 0 0
0 0 0
0 0 0
2.7232381560e+03 -4.6896839582e-02 -2.7866316378e-02
9.3764217473e-01 2.5839690294e-02 -3.4664024951e-01
1.0401703488e-01 9.3067968506e-01 3.5073605500e-01
3.3167394928e-01 -3.6492140829e-01 8.6995675590e-01
7.3498807466e-01 -3.9092390265e+00 -2.5806567491e+01
6.0241980873e+02 -9.5729321639e-03 -9.2375681000e-02
9.9970073045e-01 9.2648504048e-03 -2.2640938369e-02
4.7729082891e-04 9.1794591405e-01 3.9670526978e-01
2.4458571845e-02 -3.9659735428e-01 9.1766677876e-01
-8.2822788330e-02 -1.1877106905e+00 -1.0646757391e+01
0 0 0
0 0 0
0 0 0
0 0 0
0 0 0
0 0 0
0 0 0
0 0 0
0 0 0
0 0 0
2.0247338924e+03 -3.1044937291e-02 1.0478258910e-01
9.9874957942e-01 -2.6880116317e-03 -4.9920458765e-02
3.2244558460e-02 7.9772648102e-01 6.0215674864e-01
3.8204267557e-02 -6.0301346260e-01 7.9681566116e-01
-2.0404811274e-01 -3.2230528278e+00 -9.9850382772e+00
1.5700388632e+00 2.4191459245e-01 3.0143203730e+00
58 55 62
7 36 99 283.1200 64.0500 53 60 359.6000 -25.9000 1 107 -95.9800 -134.5500 56 74 105.8500 15.0700 18 70 75.1200 23.0100 0 128 67.9200 -79.1600 2 31 144.4100 -116.0000
2.4066885623e+00 3.1691738924e+00 3.1180354232e+00
156 151 140
5 36 172 418.3900 568.1699 53 66 507.5900 608.6100 28 43 284.5000 187.3700 18 119 116.4300 167.2900 0 143 107.6800 53.4500
5.7676668314e-03 -7.7134780615e-01 -2.3708970269e+00
147 147 133
2 36 177 310.0500 760.2000 53 123 -446.5100 797.8300
2.5275408828e+00 5.9570544235e+00 3.1923435160e+00
173 185 183
5 36 384 417.3600 997.8201 53 593 467.0601 1056.6201 18 260 117.2000 293.6000 0 340 106.0500 168.4500 55 154 246.9000 337.8900
-1.4329696189e+00 7.6198277943e-01 2.9579004447e+00
179 170 157
9 36 249 -278.7500 162.5400 53 151 -425.0600 83.2700 56 266 -115.3900 50.4800 18 234 -86.2500 48.1700 0 407 -71.5100 -66.1200 19 274 -183.3200 389.4900 55 178 -182.0000 -259.9600 44 296 -90.9800 -85.9600 12 250 -316.7500 -401.5100
-1.8755028634e+00 1.2846756932e+00 2.9868904740e+00
198 191 181
13 36 360 -353.4900 253.8600 53 212 -524.5500 198.3600 1 351 -681.1300 24.2200 28 168 -253.6400 -49.3200 56 386 -143.5500 83.7400 8 352 -301.5000 114.6600 14 208 -350.5700 20.7300 18 306 -107.3400 73.6000 25 329 -240.0000 126.0300 0 416 -89.4000 -44.7800 2 152 -188.5600 -33.5100 19 284 -240.7200 459.0100 44 450 -112.4400 -60.6500
1.4091536638e+00 1.0820521199e+00 3.0186953728e+00
137 123 113
8 36 353 252.4000 215.9500 53 211 303.2900 173.4900 47 296 351.4600 427.5400 56 270 91.2200 72.8300 14 160 295.2100 -4.0500 18 238 65.3400 66.0500 0 418 57.0300 -42.6500 38 447 52.3400 -2.3600
-1.5965540457e-01 -1.2496427567e+00 2.9699508024e+00
176 164 148
9 36 445 -36.1500 -221.6500 53 194 -111.7100 -425.1600 28 94 -17.4300 -378.4400 52 176 15.7800 199.4700 56 342 -25.7600 -94.4900 25 303 -110.0900 -134.0600 0 559 -20.1500 -158.0800 19 351 -10.7700 104.0601 44 421 -33.1100 -196.8300
2.1708672304e+00 -1.1177778737e+00 2.9486182615e+00
115 99 83
9 36 640 413.0000 -200.6300 53 288 563.9800 -378.2500 52 238 275.6200 209.3200 56 345 163.3700 -84.1600 8 463 398.6400 -280.7800 18 392 109.8800 -53.0900 33 90 -205.5500 335.4299 0 566 90.7900 -148.5800 44 613 103.7600 -188.4700
2.2397806040e+00 -1.2372267263e+00 2.9514171070e+00
203 197 184
8 36 636 425.4100 -222.6801 53 431 587.4399 -412.4000 52 359 281.1300 196.6100 8 454 412.1899 -303.7800 18 600 113.6700 -59.4600 33 164 -173.8300 283.8900 0 867 94.5700 -154.0600 44 608 106.7700 -195.0400
-1.9260738342e+00 -1.1237581070e+00 2.9456876968e+00
103 89 76
10 36 644 -375.0100 -194.7500 53 432 -607.3100 -395.9000 52 375 -176.5800 217.6600 56 495 -164.6800 -83.7300 8 724 -340.6700 -292.8900 18 607 -114.2100 -53.1700 25 589 -286.0700 -127.3800 0 873 -97.0700 -154.0400 38 1288 -352.8600 -345.2600 44 967 -127.0000 -190.2900
-2.2635509025e+00 8.8407673404e-01 2.9890357321e+00
134 127 109
3 36 713 -426.6800 184.0801 53 501 -628.5300 104.4200 0 999 -105.7000 -63.5400
-1.4098422466e+00 9.8612708317e-01 2.9724929900e+00
139 130 117
9 36 717 -271.5900 202.3101 53 504 -414.5400 135.1400 28 225 -194.4100 -78.7400 8 815 -229.4600 71.1600 18 676 -84.0700 59.6100 0 1004 -69.8300 -55.7500 19 582 -178.3300 419.5701 44 1080 -89.6100 -74.9900 12 918 -312.3600 -357.7400
2.3703498669e+00 1.4283264716e+00 3.0460100853e+00
171 161 153
8 36 731 428.3000 275.2500 53 514 542.8500 258.8401 1 817 33.8700 55.7300 56 804 160.1300 95.3500 59 377 487.2400 -42.0000 18 682 118.1900 84.0200 0 1035 103.3900 -22.6700 2 607 183.6800 -28.4200
-1.5098430483e+00 2.2701059632e+00 3.0202890053e+00
17 14 17
8 36 764 -280.2100 427.2800 53 365 -413.6500 405.5701 59 241 -420.7100 79.8700 8 572 -232.8800 273.8700 18 480 -86.2800 122.9300 0 1057 -72.3900 -0.8400 19 617 -184.1800 593.6799 26 246 -398.2400 511.6500
-2.1937847240e+00 2.4475879697e+00 3.0482139702e+00
169 168 160
11 36 769 -397.9400 453.2300 53 538 -567.0500 437.1400 18 487 -119.7200 130.0800 25 452 -255.2000 231.1900 0 1061 -99.0600 3.3400 2 403 -199.0500 37.2800 19 623 -273.8600 614.0801 16 192 -584.9800 201.4800 38 1045 -349.4100 99.5000 44 726 -122.9000 -3.3000 50 388 -466.2500 62.9300
-1.8010591840e+00 2.4397970785e+00 3.0225441948e+00
174 170 159
9 36 772 -328.2900 455.0901 53 540 -478.3500 440.7900 8 577 -275.9300 295.0701 18 486 -100.3700 130.8400 0 1064 -84.4100 5.0400 2 406 -165.8100 36.9600 19 624 -221.7300 615.0901 55 465 -216.8600 -85.1500 50 615 -407.4800 68.7100
-1.7992419125e+00 2.4409302462e+00 3.0183604341e+00
174 170 159
7 36 773 -328.2900 455.0901 53 541 -478.3500 440.7900 8 578 -275.9300 295.0701 25 456 -222.5200 237.1900 0 1065 -84.4100 5.0400 19 625 -221.7300 615.0901 44 728 -104.2800 -2.6700
-1.4254992192e+00 2.4305744983e+00 3.0229824726e+00
176 170 159
8 36 503 -261.8700 453.7900 53 368 -391.1400 440.0601 56 557 -105.6900 152.8900 8 580 -216.7600 299.4000 14 302 -250.6900 226.8101 18 485 -81.3700 130.8000 0 1068 -69.4500 6.6900 19 622 -171.6000 614.5601
1.2672988962e+00 -2.1049637063e+00 2.9288487744e+00
92 72 56
9 36 1457 240.9000 -391.8400 53 667 319.8400 -679.4200 56 694 93.3600 -165.2500 8 676 225.6200 -471.5500 14 569 259.8101 -674.4600 11 89 715.9500 -466.1899 25 416 52.9300 -241.2900 33 245 -603.8300 -95.0100 0 1360 46.3100 -198.5900
-1.6786122663e+00 -1.2258675760e+00 2.9302591314e+00
193 184 175
6 36 638 -329.0700 -214.7000 53 429 -543.0500 -424.4800 52 361 -150.4400 205.8100 18 601 -101.8000 -58.5700 0 1421 -87.2600 -158.5000 44 955 -114.0600 -195.9500
-8.3999162357e-01 -8.5916658112e-01 2.9521930787e+00
179 167 153
4 36 1020 -165.0100 -146.5699 53 451 -301.1400 -318.3199 0 1444 -51.0800 -140.8200 2 185 -94.6400 -219.0200
3.8354936077e-01 -8.3074134686e-01 2.9755984890e+00
174 161 145
10 36 1023 66.9700 -140.4700 53 452 44.2500 -304.8900 28 312 70.0200 -300.8700 52 634 75.5500 245.1000 56 715 17.6800 -60.2800 59 291 9.2400 -592.7600 18 949 10.2800 -36.6900 25 604 -44.4600 -80.3400 33 283 -980.9700 452.1300 0 1454 4.8700 -137.1200
5.8164421453e-01 -7.2832043592e-01 2.9672787290e+00
192 185 169
10 36 1037 104.9000 -121.6200 53 723 99.1600 -275.8400 28 324 102.0900 -283.0600 52 651 97.8200 256.0000 56 727 33.6300 -53.0200 59 295 65.0000 -562.9000 8 1123 100.1801 -214.7600 18 962 21.4300 -31.5700 33 292 -894.9100 495.5100 0 1467 14.2000 -132.1700
-1.6808914196e+00 2.6427590532e-01 3.0130608453e+00
95 81 69
3 36 1634 -327.0300 71.0200 53 784 -491.7500 -41.6400 0 1521 -81.3300 -88.5900
-2.0624322905e+00 6.3111422612e-01 2.9270932648e+00
105 89 73
8 36 1668 -400.3100 140.1799 53 803 -591.0400 47.5800 56 784 -162.3000 41.0900 18 1047 -120.0700 41.1400 25 1015 -261.9000 58.1100 0 1556 -98.5200 -73.0900 38 2198 -341.9800 -117.0000 12 880 -419.0500 -439.2800
-1.9805928874e+00 6.9105876180e-01 2.9361702344e+00
194 188 177
9 36 1106 -382.0500 150.7300 53 806 -567.9900 63.5400 28 563 -277.4000 -122.4500 56 785 -155.8600 45.7200 18 1053 -115.2200 44.0700 25 1018 -255.0200 64.7500 0 1563 -95.1900 -69.9200 38 3385 -333.8300 -109.6200 12 1332 -406.0400 -426.9100
-1.2145693867e+00 1.2948544888e+00 2.9974991836e+00
181 172 157
9 36 1124 -231.8000 256.2600 53 823 -359.8800 204.5801 1 1249 -571.7100 28.4500 28 575 -164.9700 -41.1300 56 1212 -96.1800 84.5800 14 718 -224.9800 24.3900 18 1068 -72.7100 74.6600 0 1608 -61.2400 -42.1300 55 695 -158.5600 -200.9800
1.4557794195e+00 1.2317775448e+00 3.0646116024e+00
170 155 136
3 36 1122 259.2200 241.1599 53 822 312.0699 204.2900 0 1612 59.0000 -36.0800
-2.0018440042e+00 2.5195108730e+00 3.0198007720e+00
38 33 27
12 36 1205 -364.7200 470.2200 53 897 -522.6500 455.4500 8 1295 -307.9700 306.4500 14 756 -353.9600 238.0300 18 1141 -110.1500 134.7200 25 1092 -237.4500 240.8300 0 1685 -91.8500 7.7700 38 2403 -330.2000 111.8301 44 1882 -113.8200 0.7300 50 1614 -437.7700 78.8100 26 502 -490.6000 555.7000 30 912 -474.8100 356.0801
1.5040406779e+00 2.1838482401e+00 3.0697275145e+00
37 30 31
7 36 1160 264.7100 409.9700 53 534 310.5300 407.7500 8 865 274.5601 298.0901 14 744 315.3600 203.2600 18 703 70.3600 121.9100 0 1688 61.1900 8.9100 26 486 187.9600 500.4299
-1.6196209832e+00 2.5088926130e+00 3.0247286903e+00
37 29 26
12 36 1199 -296.0900 468.0200 53 890 -433.7900 456.2000 8 1298 -248.1900 309.1899 14 762 -284.3000 239.0000 25 1097 -204.1400 246.6400 0 1689 -76.2900 8.7800 19 1333 -197.7800 624.3301 55 750 -197.1700 -75.5600 44 1884 -95.1300 1.6000 50 991 -377.9500 84.9300 26 498 -416.3800 554.6200 30 564 -427.6100 358.0701
-1.6287682331e+00 2.5098124269e+00 3.0281673890e+00
37 29 26
9 36 1200 -296.0900 468.0200 53 891 -433.7900 456.2000 25 1098 -204.1400 246.6400 0 1690 -76.2900 8.7800 55 751 -197.1700 -75.5600 38 2407 -292.0100 118.4199 44 1885 -95.1300 1.6000 50 992 -377.9500 84.9300 30 565 -427.6100 358.0701
-1.6275490876e+00 2.5093743148e+00 3.0271459950e+00
37 29 26
10 36 1201 -296.0900 468.0200 53 893 -433.7900 456.2000 8 1299 -248.1900 309.1899 25 1099 -204.1400 246.6400 0 1691 -76.2900 8.7800 55 752 -197.1700 -75.5600 38 2408 -292.0100 118.4199 44 1886 -95.1300 1.6000 50 993 -377.9500 84.9300 30 566 -427.6100 358.0701
1.7517989338e+00 2.3858321913e+00 3.0663842404e+00
49 42 30
13 36 1178 308.4600 442.6000 53 880 366.5800 452.6599 28 657 219.1600 106.4000 56 839 110.8300 151.9300 8 882 316.3199 330.5500 18 1135 83.2300 131.5500 39 363 524.0300 209.3600 0 1711 72.2700 17.6200 2 652 115.8100 25.2200 55 773 161.9100 -49.9000 38 2471 91.7100 178.9199 12 1033 255.1801 13.9600 50 1025 211.2500 137.5200
2.0780681501e+00 2.3749096993e+00 3.0707036107e+00
48 39 32
16 36 1175 367.9900 440.0000 53 879 446.2400 453.0500 1 866 -19.4100 200.2500 28 659 261.7500 109.7200 56 838 133.5300 151.5300 59 415 387.5601 132.5200 8 884 374.0300 332.8700 18 713 100.2800 131.2400 39 365 643.7500 215.7500 0 1712 87.5300 18.5500 2 650 140.6000 24.1400 55 775 198.2400 -47.2600 38 1596 132.3300 185.2700 44 1154 99.2800 8.2700 12 1036 318.8800 24.6899 50 1027 272.5500 143.0000
2.6281063507e+00 2.4687681513e+00 3.0335036520e+00
196 191 185
7 36 771 471.8700 455.9800 53 547 582.8101 487.8101 56 851 173.0500 161.1400 18 721 129.7500 136.2200 0 1717 110.9800 24.0600 55 786 253.0900 -34.6900 44 1161 127.8500 15.3300
-1.2913836638e+00 5.1445424369e+00 3.1098672540e+00
142 138 131
6 36 820 -222.2100 884.4299 53 963 -317.5300 911.8000 56 885 -84.7200 289.8500 18 790 -69.0800 254.3700 0 1789 -58.1300 115.9200 44 1243 -70.5900 123.4000
-2.0191852035e+00 5.2604295798e+00 3.0879363029e+00
154 146 143
4 36 1264 -346.1400 903.0500 53 964 -466.5800 924.2900 0 1790 -86.8400 115.8700 19 1009 -233.1100 967.4900
2.2163808600e+00 5.0603966007e+00 3.1554220681e+00
146 138 132
7 36 1854 374.0800 869.1200 53 1467 423.3500 924.5500 28 1040 224.8600 321.6000 0 1809 92.0300 133.2600 19 1010 335.2400 969.3000 55 1352 209.5700 241.2100 12 1111 334.3600 522.4900
2.5426057656e+00 6.1092861718e+00 3.2144865562e+00
159 163 163
7 36 1881 414.8400 1018.6201 53 2255 464.3900 1071.0000 18 1212 116.7900 299.9300 0 1817 105.8700 177.1100 55 852 245.8800 353.7500 38 2626 192.1600 662.4600 44 2029 122.3700 187.9200
1.2649655103e+00 -2.2578930166e+00 2.9304815067e+00
118 101 89
9 36 2122 242.4301 -423.5400 53 659 320.8800 -728.3500 52 926 171.9300 82.9800 8 1010 225.9800 -498.9301 14 899 259.2100 -705.7800 25 863 51.2900 -261.3700 33 239 -606.1600 -162.3100 0 2023 46.2800 -206.3400 44 2362 48.0100 -256.9000
1.3065899074e+00 -2.0340694116e+00 2.9388194744e+00
194 186 184
11 36 1463 249.7300 -379.4200 53 672 330.1500 -656.4301 52 577 177.3600 108.3500 56 1038 97.1700 -160.1200 8 680 236.1700 -457.4200 14 571 268.8800 -656.0800 18 902 62.4000 -104.2500 11 147 736.3300 -416.4000 33 248 -587.7400 -62.1700 0 2049 47.9600 -194.8700 44 919 51.4900 -244.0000
2.6783081852e+00 -2.0285944456e+00 2.9320333900e+00
182 178 168
7 36 1461 516.4200 -381.1000 53 675 751.3000 -650.6899 52 941 330.3900 106.0600 56 1037 213.9300 -160.1300 18 1414 139.8100 -104.2800 33 398 16.3700 -56.3300 0 2053 116.3500 -193.3900
5.8115360903e-01 -1.3424448918e+00 2.9547454843e+00
208 201 191
10 36 1492 105.1300 -240.9500 53 683 102.7100 -449.4399 1 1078 -280.8600 -417.3900 28 287 112.5100 -386.8700 52 588 96.7900 187.6600 8 1064 98.0800 -326.6100 18 916 21.5400 -65.4200 33 413 -898.1200 234.8800 0 2108 14.3600 -161.4100 44 1565 8.7800 -202.3000
-1.7584709438e+00 -1.2830660398e+00 2.9452038556e+00
120 99 85
7 36 1496 -343.8500 -225.7300 53 685 -565.5400 -441.5200 52 977 -158.9500 199.9600 56 1050 -153.6800 -97.0700 18 1428 -106.2200 -61.7200 25 890 -272.1400 -145.2300 0 2110 -90.5300 -161.6800
-5.1487338981e-01 -1.2129159576e+00 2.9297918252e+00
180 172 153
4 36 2193 -105.7300 -213.7800 53 1110 -214.1800 -415.9100 52 982 -23.9700 204.2600 0 2122 -36.3100 -156.3000
3.7629768761e-01 -1.2173333504e+00 2.9524066550e+00
194 187 176
9 36 2187 65.3900 -218.8500 53 1109 42.0600 -416.6100 52 976 73.6300 200.9100 56 1051 17.3200 -92.5200 8 1075 59.4700 -305.1801 33 268 -989.6400 285.8201 0 2124 4.4100 -155.9900 27 160 53.6400 598.0000 44 1573 -2.5100 -195.5400
6.3295459476e-01 -1.2099109254e+00 2.9618220298e+00
193 189 179
9 36 1498 115.9400 -215.3000 53 686 117.2600 -411.6400 28 460 118.7400 -363.2200 52 981 103.3700 202.2800 8 1077 107.4200 -302.0500 33 269 -875.7900 291.4200 0 2125 16.5800 -155.0500 27 281 215.5100 601.3700 44 2524 11.6800 -194.6000
-2.4875910196e+00 -9.3615566555e-01 2.9250349981e+00
171 157 144
10 36 1545 -481.1800 -156.4100 53 692 -756.6800 -345.0300 52 631 -236.2000 240.1700 56 1089 -207.8500 -69.1500 8 1090 -431.8500 -261.0900 14 931 -506.1200 -413.6300 18 934 -144.3400 -42.8500 0 2141 -120.4900 -145.8900 38 3098 -408.7000 -325.0400 44 2588 -153.9600 -179.8000
-2.4915579549e+00 -9.3313389384e-01 2.9332243415e+00
171 157 144
9 36 1546 -481.1800 -156.4100 53 693 -756.6800 -345.0300 52 632 -236.2000 240.1700 56 1090 -207.8500 -69.1500 8 1091 -431.8500 -261.0900 18 935 -144.3400 -42.8500 0 2142 -120.4900 -145.8900 38 3099 -408.7000 -325.0400 44 2589 -153.9600 -179.8000
-2.2884059969e+00 -9.2451705884e-01 2.9416970902e+00
159 147 132
9 36 1014 -442.4500 -154.7800 53 697 -700.4400 -342.1899 52 629 -214.3300 240.0700 56 1092 -192.3700 -68.3600 8 1093 -397.3700 -258.4399 18 933 -133.6600 -42.3400 25 1444 -316.1900 -107.8900 0 2143 -112.1100 -145.3800 38 3100 -388.4800 -323.2600
-2.0715013836e+00 -9.2298195975e-01 2.9230120391e+00
167 152 139
7 36 1544 -403.0800 -155.9600 53 695 -643.2600 -341.4399 52 627 -192.0000 239.4000 56 706 -176.0400 -68.2300 0 2146 -103.3500 -144.9900 55 886 -256.2200 -454.7800 44 1613 -133.0800 -179.0400
2.9030602567e+00 -1.0284380697e+00 2.9495958742e+00
219 219 216
6 36 1511 552.2300 -184.0500 53 1164 776.2200 -347.3800 52 987 355.9100 218.8700 56 1061 222.9500 -76.0400 18 1451 150.6200 -48.1200 0 2151 127.1400 -142.4300
-6.3598682549e-01 -8.9903622092e-01 2.9708020562e+00
168 158 144
7 36 1550 -126.1400 -153.3600 53 700 -241.8400 -327.9000 56 707 -62.5600 -66.2200 25 911 -156.4100 -96.1200 0 2152 -40.9000 -142.5500 55 896 -107.4100 -445.5100 44 1620 -57.5200 -177.6800
-1.8641064668e+00 -8.3847958062e-01 2.9208887082e+00
171 157 144
9 36 1024 -363.1900 -138.7800 53 709 -583.8500 -316.5300 52 386 -169.4700 248.4600 56 713 -159.2800 -61.2900 14 599 -383.4800 -394.8900 18 619 -111.2400 -37.8400 0 2161 -94.7000 -140.6200 55 897 -234.9900 -444.4600 44 1635 -122.3000 -174.7900
-1.8636827579e+00 -8.3822291938e-01 2.9200343486e+00
171 157 144
8 36 1025 -363.1900 -138.7800 53 710 -583.8500 -316.5300 52 387 -169.4700 248.4600 56 714 -159.2800 -61.2900 14 600 -383.4800 -394.8900 18 620 -111.2400 -37.8400 0 2162 -94.7000 -140.6200 55 898 -234.9900 -444.4600
5.8007734808e-01 -8.7632497022e-01 2.9533664415e+00
185 172 156
15 36 1015 104.5400 -150.7200 53 449 99.3700 -318.2700 28 307 103.1300 -306.5800 52 625 96.9400 239.7400 56 709 33.3600 -64.5900 59 286 64.3101 -604.9301 8 1105 99.8900 -242.7500 14 598 113.3700 -404.4700 18 942 21.3000 -39.9300 11 165 200.5000 237.7500 25 926 -22.5000 -84.8700 33 280 -896.6700 430.5100 0 2164 14.1800 -139.6000 2 281 75.3800 -216.2200 19 753 97.4200 155.3101
-1.2618431165e+00 -8.0753433027e-01 2.9332573223e+00
183 175 157
6 36 1558 -247.9900 -135.2000 53 713 -416.2100 -305.4500 52 639 -104.2400 250.2600 56 1104 -112.1200 -59.7900 18 951 -78.9300 -36.0400 0 2168 -68.6800 -138.5300
-2.0747260513e+00 -7.8850293664e-01 2.9315286200e+00
173 163 153
8 36 1561 -401.9300 -129.9301 53 715 -639.7500 -305.5300 52 647 -191.6500 254.3100 56 1108 -175.2000 -57.5700 18 954 -122.2900 -34.9400 0 2169 -103.5100 -138.7200 2 187 -252.6100 -218.4700 55 904 -256.3900 -439.6500
-6.3106901742e-01 -8.0683677142e-01 2.9476858879e+00
174 167 156
5 36 1556 -125.8500 -135.2100 53 716 -241.3400 -302.7200 52 637 -34.9700 249.2900 0 2174 -40.7700 -137.2800 55 914 -107.6400 -434.6500
2.1596248010e+00 -8.8621563927e-01 2.9481085419e+00
195 185 173
10 36 1547 407.5100 -154.4700 53 711 553.1400 -311.0300 52 619 272.4700 235.9300 56 1102 160.5800 -64.7100 8 1107 396.7400 -239.0200 14 594 454.5400 -407.9399 18 941 109.0100 -40.2100 33 281 -207.5200 433.1200 0 2177 90.4600 -137.0600 44 1633 101.9900 -174.8000
-8.3550531505e-01 -6.8239038935e-01 2.9655034797e+00
190 180 168
7 36 1573 -163.4600 -112.4200 53 733 -297.0400 -270.8400 52 662 -55.9700 262.4700 56 1121 -78.0700 -49.7400 0 2200 -50.5800 -133.0100 2 301 -93.3600 -197.2900 44 1666 -68.1700 -166.0400
7.6673116047e-01 -7.2794995153e-01 2.9750612066e+00
195 188 177
10 36 1036 139.8700 -121.2900 53 729 150.6800 -274.4000 28 327 132.7400 -281.3500 52 649 118.0300 256.1900 56 725 48.2000 -53.1300 8 755 133.6500 -213.1700 18 960 31.3900 -31.5500 11 172 304.5000 314.2200 33 300 -815.0800 497.6700 0 2215 22.8100 -131.5300
1.9641016227e+00 -7.2207075031e-01 2.9610778800e+00
193 185 172
6 36 1565 368.5500 -122.1000 53 736 491.3101 -267.7300 52 644 250.4000 254.7500 18 964 97.6000 -31.0300 33 302 -293.9500 503.4700 0 2229 80.4700 -129.2000
-1.6634129723e+00 5.6321694178e-01 2.9407133888e+00
194 188 178
9 36 1657 -324.8700 125.9900 53 1298 -490.2300 34.1600 56 1194 -133.8700 36.5800 18 1573 -99.0100 37.3900 0 2332 -81.9500 -75.4300 55 1055 -206.5200 -283.7400 38 3369 -302.2900 -120.7100 44 2773 -104.7900 -97.0900 12 1330 -355.7600 -442.5800
-2.0491507558e+00 9.1198952410e-01 2.9488223843e+00
195 188 178
12 36 1115 -391.3700 190.1200 53 815 -577.0600 112.4700 56 789 -158.3100 59.3600 59 361 -588.6900 -191.1600 8 1218 -335.1000 53.9300 25 1035 -258.3800 85.9600 0 2354 -96.8700 -60.7000 2 362 -212.8100 -63.0400 19 838 -268.8600 408.9399 16 421 -726.1500 -88.0500 38 2232 -340.3100 -82.5900 44 1788 -122.6500 -78.9900
-2.0499051762e+00 9.1370323042e-01 2.9502183709e+00
195 188 178
11 36 1116 -391.3700 190.1200 53 816 -577.0600 112.4700 56 790 -158.3100 59.3600 59 362 -588.6900 -191.1600 8 1219 -335.1000 53.9300 14 708 -390.3700 -50.2900 25 1036 -258.3800 85.9600 0 2355 -96.8700 -60.7000 19 839 -268.8600 408.9399 16 420 -726.1500 -88.0500 38 2233 -340.3100 -82.5900
-2.2165250784e+00 1.0590183152e+00 2.9721133596e+00
200 192 182
5 36 1691 -418.3200 215.7300 53 1317 -613.7800 146.7000 1 1245 -743.0300 -11.1500 0 2361 -103.5600 -55.0800 44 2814 -129.7300 -71.9200
-2.2138982246e+00 1.0637665544e+00 2.9730634154e+00
200 192 182
8 36 1692 -418.3200 215.7300 53 1318 -613.7800 146.7000 1 1246 -743.0300 -11.1500 8 1789 -358.5200 78.0700 18 1592 -124.2700 63.5600 25 1620 -271.7500 100.6600 0 2362 -103.5600 -55.0800 44 2815 -129.7300 -71.9200
-1.3257821263e+00 1.0512554598e+00 2.9866335911e+00
193 185 178
9 36 1690 -253.9900 212.7400 53 819 -392.6600 150.2000 1 1243 -593.4100 -10.3700 28 570 -182.0400 -69.9400 56 1209 -105.5500 69.4300 59 582 -408.6000 -152.8600 18 1062 -79.1200 62.5400 0 2365 -66.2600 -52.7900 19 1274 -166.5400 428.1000
1.5474364817e+00 9.7712637606e-01 3.0068637418e+00
202 193 176
9 36 1683 279.3500 198.8401 53 1319 341.0300 151.5701 28 907 221.0900 -44.4200 56 1809 102.7300 66.0200 18 1586 74.0700 61.2000 0 2376 64.4800 -46.2000 19 1272 244.6000 427.1200 16 655 483.5300 -93.3400 44 2822 70.1400 -66.6200
1.5523348430e+00 9.8805154548e-01 3.0027533438e+00
202 193 176
12 36 1684 279.3500 198.8401 53 1320 341.0300 151.5701 28 908 221.0900 -44.4200 56 1810 102.7300 66.0200 8 1799 285.1600 98.6800 14 1036 326.6400 -18.7600 18 1587 74.0700 61.2000 39 937 514.2500 -171.3900 0 2377 64.4800 -46.2000 19 1273 244.6000 427.1200 38 3501 70.8101 -11.5400 44 2823 70.1400 -66.6200
-2.2807221713e+00 2.3839971172e+00 3.0134269742e+00
38 28 27
11 36 1183 -417.3800 446.2000 53 864 -591.4500 424.6599 8 1273 -353.2000 282.1100 14 746 -407.0500 213.5000 18 1124 -124.9300 127.7900 25 1678 -263.0700 223.0900 0 2450 -103.6300 1.2400 38 3651 -358.7600 89.8700 44 1852 -127.9500 -7.0300 26 493 -546.9700 530.6200 30 899 -509.9500 336.8201
-2.3792232326e+00 2.4131157718e+00 3.0117797193e+00
178 170 159
10 36 1189 -432.9200 452.1899 53 1381 -612.0900 431.4000 8 1278 -367.4500 284.9399 14 1087 -422.9100 217.4700 18 1130 -129.2700 128.9400 25 1680 -270.6900 224.5500 0 2451 -107.2900 1.6400 2 672 -216.0500 36.1800 38 3652 -367.7100 91.1500 50 1579 -496.5000 51.7600
-1.9981198058e+00 2.3981388595e+00 3.0174894495e+00
201 193 184
12 36 1187 -364.7400 449.5601 53 873 -523.5200 430.7500 56 1261 -143.5800 150.7300 8 1280 -307.6100 286.9900 18 1129 -110.2300 128.6600 25 1686 -238.0000 229.2600 0 2458 -91.9500 2.5300 19 913 -249.4800 611.4299 38 3670 -329.8500 96.7300 44 1865 -113.8800 -5.3400 50 1590 -437.5700 56.9900 30 900 -474.5300 339.6300
-1.3213141060e+00 2.3649822390e+00 3.0214895797e+00
61 48 42
5 36 1750 -244.5500 442.0300 53 1378 -366.4800 428.7800 8 1865 -201.6100 290.7500 0 2461 -64.0800 3.5900 55 1199 -167.3000 -88.2100
-1.6081150525e+00 2.3851845442e+00 3.0239117302e+00
189 185 174
14 36 1184 -295.6200 446.4900 53 872 -433.9900 431.8301 8 1281 -247.2300 289.7800 14 751 -283.5300 217.6300 18 1128 -90.7400 128.3100 25 1088 -204.3500 235.2000 0 2463 -76.2500 3.4800 2 668 -150.8300 33.6900 19 910 -196.9100 609.9299 55 1197 -196.4200 -89.0500 38 3684 -291.7300 103.1799 44 1866 -95.1000 -4.3700 50 1599 -377.2600 62.9600 26 492 -415.0200 531.2700
1.8366769089e+00 2.2230925186e+00 3.0679629007e+00
77 68 61
8 36 1738 322.5601 415.6200 53 1375 387.9700 418.9600 56 1875 116.7200 142.3100 8 1290 332.0500 305.6300 0 2479 76.2100 11.2200 55 1234 171.6800 -66.5500 38 3794 102.3600 159.6100 50 1638 227.1000 109.9900
-1.5379479968e+00 2.6026837175e+00 3.0375570384e+00
156 147 138
9 36 1774 -279.2400 482.0500 53 1397 -411.7700 475.3101 18 1145 -86.1300 138.6300 25 1114 -196.8300 256.6800 0 2488 -72.9700 12.3600 2 1026 -142.7600 46.6400 19 937 -185.2900 635.4199 55 1235 -188.6900 -66.6900 38 3738 -284.9200 129.2800
-1.5419740583e+00 2.6037124312e+00 3.0373568125e+00
156 147 138
7 36 1775 -279.2400 482.0500 53 1398 -411.7700 475.3101 18 1146 -86.1300 138.6300 25 1115 -196.8300 256.6800 0 2490 -72.9700 12.3600 55 1236 -188.6900 -66.6900 38 3739 -284.9200 129.2800
-8.1791002140e-01 2.3333495902e+00 2.6087973346e+00
148 140 127
3 36 1771 -164.0700 478.3600 53 1401 -269.8400 485.6500 18 1144 -54.3700 138.1400
-1.7797093486e+00 5.3036986351e+00 3.1036914742e+00
180 173 167
6 36 1865 -301.7100 910.4500 53 1472 -412.3600 933.0901 0 2619 -76.3700 119.0300 55 1342 -202.4900 202.8600 38 3978 -291.3200 430.5200 44 2003 -92.3000 127.8600
-1.2589568397e+00 -1.4747167707e+00 2.9216614050e+00
202 197 191
6 36 2174 -251.3500 -263.4100 53 1094 -430.7800 -494.9100 52 1570 -106.5900 177.3200 14 1357 -272.4800 -525.8800 0 3086 -69.2600 -169.4700 44 2479 -93.0400 -209.8700
-3.7536227315e-01 -1.2967869231e+00 2.9571830164e+00
209 202 194
11 36 1495 -78.7100 -230.0300 53 1103 -173.9900 -439.0000 28 455 -54.4400 -389.4500 52 973 -8.3100 195.0700 56 1048 -42.9600 -97.8600 14 920 -88.8000 -490.4100 18 1427 -31.3700 -62.6700 25 1410 -133.7300 -140.7700 0 3120 -30.1400 -160.2400 19 1661 -41.5700 95.5400 44 2513 -45.2400 -199.7300
-2.0831470535e+00 -6.9291158069e-01 2.9288462977e+00
173 163 153
7 36 1575 -402.4500 -111.3101 53 1176 -639.0000 -278.4301 52 664 -191.6900 264.9400 56 1118 -174.7100 -50.7700 8 1637 -361.1600 -218.3600 18 1481 -122.3400 -29.7400 0 3221 -103.4900 -134.7700
2.7002786520e+00 -7.8713664543e-01 2.9577438999e+00
89 74 56
9 36 2232 511.1700 -136.4700 53 1172 708.3600 -281.2900 52 1615 332.7600 246.8600 56 1653 204.0500 -57.1300 8 1639 499.5100 -217.1200 18 2237 139.0700 -34.8000 25 1517 247.5300 -56.9500 33 643 25.9900 477.2400 0 3238 116.5400 -131.5200
6.2559227348e-01 -6.5971264496e-01 2.9680812886e+00
73 53 42
9 36 2247 112.7400 -108.7900 53 1191 110.8600 -257.5699 28 791 108.6500 -272.4400 52 1049 102.5300 263.4700 56 1673 37.1100 -48.1300 59 522 76.7100 -544.8800 18 2246 23.5300 -27.7800 33 448 -875.5800 525.7200 0 3255 15.9200 -128.4700
2.6113297156e+00 -6.8195845599e-01 2.9922148712e+00
50 35 28
10 36 2238 491.8400 -115.8400 53 1196 676.1600 -253.3300 52 1045 322.2500 258.4500 56 1119 195.4400 -49.4300 8 1665 480.5601 -197.4800 18 1485 133.5900 -28.7200 25 958 234.4300 -43.0900 0 3272 111.7700 -126.0200 2 485 290.5300 -189.3700 44 2645 128.3600 -162.1200
1.8684563138e+00 -6.1047317340e-01 2.9603183797e+00
177 163 144
9 36 2265 350.8400 -101.8400 53 1216 462.9800 -237.2400 52 1057 240.5900 266.9500 56 1695 136.0600 -43.8900 8 1696 338.5699 -187.3600 18 1507 92.6200 -25.0500 33 666 -335.9500 550.7500 0 3280 75.5300 -123.8200 44 2681 84.0300 -158.4800
-8.5216232853e-01 5.3401631109e-01 2.8961041542e+00
106 97 93
4 36 2376 -165.9400 119.4500 53 1941 -286.4200 45.4500 18 2382 -55.2800 36.3400 0 3395 -49.5900 -75.8700
-1.9731174223e-01 4.9150795971e-01 3.1218366425e+00
189 182 174
3 36 2368 -48.6900 108.0000 53 1928 -103.6600 13.1500 0 3397 -13.9100 -74.5200
-2.3495362089e+00 1.0590471875e+00 2.9746256055e+00
186 178 167
8 36 2408 -443.3000 215.9900 53 1975 -646.1700 144.3101 28 891 -318.6100 -81.6200 56 1813 -177.7900 69.0000 18 1590 -132.1500 62.4400 0 3435 -108.9400 -55.6200 19 1890 -306.4900 427.9900 44 2810 -136.6800 -72.8600
-1.1852400823e+00 1.0371650717e+00 2.9873694898e+00
174 166 155
11 36 1686 -229.1300 210.0300 53 1316 -357.3200 146.8600 1 1842 -569.3100 -12.4900 28 893 -162.8500 -70.9200 56 1812 -95.5000 68.2500 14 1033 -221.7500 -21.9399 18 1589 -71.8800 61.9700 0 3441 -60.2400 -53.4000 2 945 -125.3800 -52.7400 19 1886 -147.2300 427.1400 55 1731 -155.1100 -229.0900
-2.4232894965e+00 1.1922754823e+00 2.9732148936e+00
178 166 152
7 36 1701 -456.2900 239.8800 53 1322 -660.2200 174.1000 1 1852 -775.2900 10.3600 28 896 -325.5800 -66.9500 56 1827 -181.8500 77.5600 18 1602 -135.9900 69.1600 0 3445 -111.9500 -50.2900
-2.2738948833e+00 1.1906064381e+00 2.9777395324e+00
183 174 163
9 36 1700 -428.2700 238.9399 53 1989 -623.7400 174.5300 1 1851 -750.8900 9.6400 28 898 -306.0000 -65.5600 56 1826 -171.3300 77.4000 18 1600 -128.1400 69.0600 0 3446 -105.6600 -49.7200 19 1912 -295.0800 445.9600 44 2826 -132.5200 -65.8800
1.4278886138e+00 9.5999929167e-01 3.0046764104e+00
189 179 170
9 36 2400 255.3900 195.4500 53 1976 309.5300 146.4900 28 904 203.8200 -48.2300 56 1807 93.7200 64.8700 8 1793 263.8700 93.3600 39 935 465.7000 -180.1600 0 3452 58.7600 -47.8800 19 1884 225.4100 423.8800 44 2819 63.6300 -67.9000
1.4855093453e+00 9.9720123893e-01 3.0018009384e+00
103 87 70
12 36 2404 265.6700 201.9900 53 1980 323.9301 155.7200 28 909 211.3600 -43.0100 56 1811 97.7600 67.3600 8 1800 273.6899 99.6800 18 1588 70.3300 61.8600 39 943 488.5400 -168.0400 0 3455 61.2000 -45.9000 2 938 119.5900 -57.9300 19 1892 233.4200 429.3900 16 656 461.6600 -89.3100 44 4509 66.6800 -65.6800
-1.7209939916e+00 1.2434331671e+00 2.9853861983e+00
201 191 182
11 36 2419 -326.1800 247.5100 53 1994 -486.5300 190.1200 28 1331 -233.1100 -52.7800 56 2744 -132.4900 81.2800 8 2572 -277.4600 108.9000 14 2493 -320.8700 13.6400 25 2386 -226.5300 123.2200 0 3457 -82.9900 -45.9500 19 1915 -219.8900 453.2300 55 1753 -210.9400 -211.8700 44 2831 -104.8200 -62.3200
-5.0832245170e-01 1.2114740630e+00 2.9961420536e+00
182 172 162
11 36 2417 -103.9700 240.8201 53 1992 -184.9900 189.8201 47 2023 -128.8700 461.5000 8 1809 -77.3000 115.4000 18 1607 -36.3800 71.2300 25 2391 -108.8300 137.7100 0 3461 -30.6000 -43.3400 19 1914 -51.7800 452.3401 55 1762 -83.7600 -202.9400 44 2836 -42.6900 -60.4700 12 1965 -157.4200 -289.2300
1.5070105394e+00 1.1024098697e+00 3.0496142999e+00
180 171 154
7 36 2411 268.6600 219.3201 53 1325 326.8600 176.5200 56 1820 98.9100 73.3200 8 1811 275.9399 117.2700 18 1595 71.3000 66.9800 0 3466 62.3300 -41.2000 19 1904 236.2000 443.2500
-2.1642080640e-01 1.2824487082e+00 3.0033459873e+00
179 173 162
8 36 2422 -48.5500 253.8301 53 1997 -111.6100 208.3301 1 2745 -403.7200 28.3700 59 894 -139.4200 -95.9000 0 3472 -17.7700 -39.0500 55 1776 -53.2200 -192.6600 44 2840 -26.9500 -55.4900 12 1987 -107.7100 -266.8300
-1.3204439145e+00 1.9653301426e+00 2.9963914791e+00
29 19 19
5 36 2446 -249.9800 378.2700 53 2037 -372.3500 346.4500 18 1634 -77.2800 109.4900 0 3513 -63.7900 -11.7800 2 995 -131.3400 5.0900
-2.3110977970e+00 2.6146403599e+00 3.0245244215e+00
160 153 145
8 36 2512 -415.9500 485.2000 53 2103 -588.7300 473.0500 8 1887 -354.4800 316.5801 18 1685 -124.9100 138.7500 25 2488 -262.5200 243.7200 0 3553 -103.9500 9.8800 38 5415 -361.1200 115.7500 50 2503 -484.8900 88.2100
-1.3352833590e+00 2.5785754524e+00 3.0080450660e+00
163 156 146
4 36 1772 -245.3500 479.3600 53 2101 -368.6500 473.8000 18 1681 -76.5400 137.9100 0 3566 -64.9200 12.6200
1.9331134436e+00 4.9238598261e+00 3.1424018185e+00
183 184 176
3 36 2639 327.0800 851.5400 53 2209 365.7900 902.3101 0 3768 79.5800 127.1300
1.7350386398e+00 4.9954805373e+00 3.1404326960e+00
179 172 166
13 36 2644 293.0900 861.8600 53 2212 322.7900 911.5801 47 2197 370.7700 1207.3301 56 1979 100.0300 285.4000 8 2030 307.7900 722.5300 14 1834 356.8500 681.6799 18 1783 79.9500 252.6400 0 3770 70.6600 128.5500 19 1440 269.8199 959.7900 55 2082 157.9100 228.7000 38 4008 90.4900 505.3500 44 3086 80.2900 134.8000 12 1606 247.7200 489.6699
2.3007382064e+00 -1.3563010051e+00 2.9456113848e+00
187 173 161
7 36 91 437.7500 -247.0000 53 37 611.1100 -447.1801 52 57 288.2200 182.8300 8 59 425.5601 -324.5100 18 101 116.8700 -65.8500 33 18 -148.8100 232.4800 44 78 112.3900 -203.4100
1.8648519069e+00 1.8969884556e+00 3.1782348704e+00
165 155 145
3 36 163 326.7700 351.2800 53 111 400.0400 337.1699 18 114 88.7200 105.1400
1.8662825322e+00 1.8999152202e+00 3.1833664951e+00
165 155 145
2 36 164 326.7700 351.2800 53 112 400.0400 337.1699
2.0704931053e+00 -2.5709133153e+00 2.9608083374e+00
10 8 11
4 36 229 396.0800 -486.4500 53 92 577.2500 -828.2900 56 167 163.3900 -208.1500 18 147 107.2300 -135.0700
-1.7532756898e+00 5.3044419123e-01 2.9390660886e+00
144 137 127
11 36 155 -339.0700 120.5801 53 146 -512.8900 28.4500 1 179 -672.0000 -95.9900 28 100 -248.8800 -140.0000 56 185 -140.5200 34.6600 59 82 -532.0900 -274.1600 18 157 -103.7200 35.1800 25 322 -236.0600 49.4100 55 124 -215.3100 -289.5900 44 196 -108.4500 -97.3100 12 247 -370.7100 -452.1200
2.1184720053e+00 1.1043841676e+00 3.0290616253e+00
194 186 173
11 36 252 380.8300 219.6500 53 154 484.4900 184.3301 1 248 -9.1600 4.4900 28 112 299.1200 -21.7500 56 269 143.5800 74.3500 8 246 389.0400 121.6400 14 117 441.5500 3.1400 18 239 103.6300 67.3400 39 46 748.2200 -116.4900 38 451 139.9000 13.4400 44 205 102.4900 -58.7600
1.6741384693e+00 1.1299090603e+00 3.0090689884e+00
184 177 161
13 36 253 302.5900 223.0500 53 155 370.3101 184.1599 1 251 -83.0100 5.7900 28 111 235.0700 -26.1200 47 236 414.8600 437.3500 56 271 110.9000 75.0700 8 247 306.8900 122.0600 14 161 349.3101 7.0701 39 76 556.7100 -123.7700 19 189 261.8101 446.6300 38 449 84.5200 8.7500 44 305 77.6100 -58.6600 50 146 193.4100 -113.0300
-1.5181608310e+00 -2.5252876101e+00 2.9117179393e+00
73 56 45
