# Bundle file v0.3
60 4919
9.0242975526e+02 -3.3925235705e-01 -2.0767293858e-02
9.4606925771e-01 3.4364987865e-02 -3.2213662821e-01
8.2121430597e-02 9.3644146804e-01 3.4107689394e-01
3.1338320035e-01 -3.4913668462e-01 8.8311638258e-01
7.5009663718e-01 -3.0917252919e+00 -2.1766535098e+01
2.3675229880e+03 -1.1899144521e-01 1.5741900960e-01
9.9956874636e-01 -1.6042756340e-02 2.4595757022e-02
6.2280939932e-03 9.3434232814e-01 3.5632236063e-01
-2.8697249688e-02 -3.5601551063e-01 9.3403930541e-01
-2.2742608374e+00 -2.1215618359e+00 -1.6694202574e+01
5.9449672613e+02 -1.1201690106e-01 2.9583953705e-01
9.8893817387e-01 -9.2615813972e-02 1.1586025746e-01
-2.7419599722e-02 6.5349698180e-01 7.5643232369e-01
-1.4577192394e-01 -7.5124164274e-01 6.4372862327e-01
-3.6155785628e-01 -3.5359160974e+00 -7.6818120465e+00
0 0 0
0 0 0
0 0 0
0 0 0
0 0 0
0 0 0
0 0 0
0 0 0
0 0 0
0 0 0
0 0 0
0 0 0
0 0 0
0 0 0
0 0 0
0 0 0
0 0 0
0 0 0
0 0 0
0 0 0
0 0 0
0 0 0
0 0 0
0 0 0
0 0 0
2.5877026311e+03 -1.5839013674e-01 3.8864037422e-01
9.7264503009e-01 3.7963372609e-02 -2.2917335750e-01
3.7452051417e-02 9.4802135592e-01 3.1599501985e-01
2.2925747380e-01 -3.1593399796e-01 9.2066645406e-01
7.0375120216e-01 -1.4215595617e+00 -1.7454367937e+01
0 0 0
0 0 0
0 0 0
0 0 0
0 0 0
0 0 0
0 0 0
0 0 0
0 0 0
0 0 0
1.9387032495e+03 -3.3619984868e-01 2.3342809335e-01
-9.7247081462e-01 -5.3835148435e-03 -2.3296251303e-01
-9.6144490859e-02 -9.0140246592e-01 4.2217275056e-01
-2.1226575698e-01 4.3294874085e-01 8.7606999504e-01
9.0780037432e-01 -2.4189091836e+00 1.2485856257e+00
0 0 0
0 0 0
0 0 0
0 0 0
0 0 0
0 0 0
0 0 0
0 0 0
0 0 0
0 0 0
2.8686678683e+03 -7.0439588800e-02 -1.3204739281e-01
9.8537342668e-01 4.4072246280e-02 -1.6461119983e-01
1.7529671712e-02 9.3463760355e-01 3.5516934078e-01
1.6950492799e-01 -3.5286001067e-01 9.2019448610e-01
5.1191843875e-01 -2.1539435030e+00 -1.7006101167e+01
0 0 0
0 0 0
0 0 0
0 0 0
0 0 0
2.0678425741e+03 5.1670306497e-04 -6.6321080563e-02
9.7959527469e-01 1.7395072745e-01 -1.0066897348e-01
-1.8751671803e-02 5.7781007710e-01 8.1595581352e-01
2.0010365466e-01 -7.9741874772e-01 5.6928188814e-01
-6.7616122250e-02 -3.2448254727e+00 -7.0011120129e+00
0 0 0
0 0 0
0 0 0
0 0 0
0 0 0
5.9973128584e+02 -1.2498275905e-01 5.2917443005e-02
-9.9666951907e-01 -6.5550245976e-03 -8.1282848239e-02
-4.6506865723e-03 -9.9057258950e-01 1.3690988296e-01
-8.1414009112e-02 1.3683192826e-01 9.8724302101e-01
4.1709410505e-01 -5.7113025422e-01 8.4673563453e+00
2.5217888339e+03 -1.6591856597e-01 -1.3715125673e-01
9.8917342352e-01 2.7621813814e-02 -1.4412832342e-01
-1.0949753796e-02 9.9328081514e-01 1.1520991779e-01
1.4634220547e-01 -1.1238441914e-01 9.8282943649e-01
5.6268365762e-01 1.6842038375e+00 -2.0803970371e+01
0 0 0
0 0 0
0 0 0
0 0 0
0 0 0
0 0 0
0 0 0
0 0 0
0 0 0
0 0 0
0 0 0
0 0 0
0 0 0
0 0 0
0 0 0
0 0 0
0 0 0
0 0 0
0 0 0
0 0 0
0 0 0
0 0 0
0 0 0
0 0 0
0 0 0
1.3108939392e+03 2.4730322656e-02 -2.6528249854e-01
9.0683538998e-01 8.0366043129e-02 -4.1375218984e-01
8.2373801285e-02 9.2893058430e-01 3.6097441241e-01
4.1335714866e-01 -3.6142671272e-01 8.3576707220e-01
6.1425746068e-01 -9.4450697086e-01 -1.3649030989e+01
0 0 0
0 0 0
0 0 0
0 0 0
0 0 0
3.4312168582e+03 -1.0990585748e+00 -1.4580012257e-01
9.8703612348e-01 -1.9532980610e-02 -1.5930522153e-01
-6.9769539884e-04 9.9203510189e-01 -1.2595979453e-01
1.6049674190e-01 1.2443801383e-01 9.7916085326e-01
1.5919764711e-01 2.5810525032e+00 -8.0622765691e+00
1.0828314684e+03 -1.3009475445e-02 1.9356710150e-01
9.9405212846e-01 -2.3330810450e-02 -1.0637687334e-01
8.5425436507e-02 7.7289659603e-01 6.2875539492e-01
6.7548950361e-02 -6.3410292944e-01 7.7029255104e-01
3.5946424117e-01 -3.1069697228e+00 -9.5894369297e+00
0 0 0
0 0 0
0 0 0
0 0 0
0 0 0
0 0 0
0 0 0
0 0 0
0 0 0
0 0 0
0 0 0
0 0 0
0 0 0
0 0 0
0 0 0
0 0 0
0 0 0
0 0 0
0 0 0
0 0 0
1.3209337153e+04 -3.1203079655e-01 -2.9256226870e-03
9.9981056969e-01 -1.9430712910e-03 -1.9366187389e-02
5.2077391070e-03 9.8543266371e-01 1.6998630754e-01
1.8753778111e-02 -1.7005496103e-01 9.8525611190e-01
-2.6577407249e+00 1.4300410256e+00 -3.4410889948e+01
0 0 0
0 0 0
0 0 0
0 0 0
0 0 0
0 0 0
0 0 0
0 0 0
0 0 0
0 0 0
-9.5359665975e+02 -1.1890791110e-02 4.2510579366e-04
9.9989611344e-01 4.4946075326e-03 1.3695284962e-02
-3.5220921914e-03 9.9752493149e-01 -7.0225393661e-02
-1.3977023777e-02 7.0169862130e-02 9.9743713248e-01
-7.0423971079e-02 3.2000555381e-01 2.2522987863e+00
0 0 0
0 0 0
0 0 0
0 0 0
0 0 0
2.1454514437e+03 8.2016578753e-02 -4.2545557399e-01
8.7577288964e-01 2.5590383537e-02 -4.8204458098e-01
1.2849600010e-01 9.5020686385e-01 2.8389380733e-01
4.6530702094e-01 -3.1056730052e-01 8.2887714899e-01
5.1870615282e-01 -2.1131706194e+00 -1.8344673968e+01
2.5816333510e+03 -4.2774892356e-02 2.4352551103e-01
9.9563457884e-01 2.2505515165e-02 -9.0583040391e-02
5.2434154606e-02 6.6801835280e-01 7.4229518371e-01
7.7216868947e-02 -7.4380439775e-01 6.6392211369e-01
-4.2992848371e-02 -3.3928356687e+00 -7.7830225045e+00
0 0 0
0 0 0
0 0 0
0 0 0
0 0 0
0 0 0
0 0 0
0 0 0
0 0 0
0 0 0
0 0 0
0 0 0
0 0 0
0 0 0
0 0 0
0 0 0
0 0 0
0 0 0
0 0 0
0 0 0
9.0012172502e+02 -1.5942864588e-01 -8.6580383705e-02
9.6432754929e-01 4.2982979348e-02 -2.6119885368e-01
6.0710519506e-02 9.2451577894e-01 3.7627756684e-01
2.5765599255e-01 -3.7871234199e-01 8.8892651638e-01
4.4689301530e-01 -3.3730240325e+00 -1.8837672339e+01
0 0 0
0 0 0
0 0 0
0 0 0
0 0 0
0 0 0
0 0 0
0 0 0
0 0 0
0 0 0
1.9696921879e+03 2.2397076541e-02 -6.1749554147e-02
9.9883402464e-01 -1.3659455889e-02 4.6303460835e-02
-8.4595924785e-05 9.5863975191e-01 2.8462223893e-01
-4.8276123125e-02 -2.8429429350e-01 9.5752084605e-01
-1.0357388203e-01 -1.4908113097e-01 -1.0637288007e+01
0 0 0
0 0 0
0 0 0
0 0 0
0 0 0
0 0 0
0 0 0
0 0 0
0 0 0
0 0 0
0 0 0
0 0 0
0 0 0
0 0 0
0 0 0
0 0 0
0 0 0
0 0 0
0 0 0
0 0 0
2.1250989813e+03 -2.7410091774e-01 -2.4238276292e-02
9.9402012010e-01 3.4644207419e-02 -1.0355568417e-01
-2.5981879993e-02 9.9613896671e-01 8.3857622886e-02
1.0606103310e-01 -8.0665593014e-02 9.9108229697e-01
6.6293390055e-01 2.9074802553e+00 -2.2699925112e+01
-2.1174367824e+03 5.4176764976e-02 -2.5573295736e-01
9.9804680132e-01 -2.6712690170e-03 6.2413513709e-02
2.6321993735e-02 9.2405062033e-01 -3.8136282424e-01
-5.6654523363e-02 3.8226079499e-01 9.2231607901e-01
-4.0026557391e-01 7.9604473897e-01 5.4247119720e+00
0 0 0
0 0 0
0 0 0
0 0 0
0 0 0
2.8218402849e+03 -1.0540296878e-01 -1.6234208742e-02
9.3471489764e-01 2.3213148900e-02 -3.5463954919e-01
1.0034555083e-01 9.4002624077e-01 3.2600833899e-01
3.4093816237e-01 -3.4031135211e-01 8.7632719521e-01
7.6422181932e-01 -3.9210540089e+00 -2.7415600194e+01
6.0972896191e+02 -2.3185873772e-03 -1.0001267097e-01
9.9964202495e-01 8.8497541086e-03 -2.5248837650e-02
1.7476564263e-03 9.2009656588e-01 3.9168770105e-01
2.6697708655e-02 -3.9159161292e-01 9.1975172794e-01
-6.3870230849e-02 -1.1597526157e+00 -1.1017237689e+01
0 0 0
0 0 0
0 0 0
0 0 0
0 0 0
0 0 0
0 0 0
0 0 0
0 0 0
0 0 0
2.0429710066e+03 -1.5993927551e-02 8.8374725469e-02
9.9858092274e-01 -2.9783775992e-03 -5.3172079202e-02
3.4174444553e-02 8.0158596461e-01 5.9690204278e-01
4.0844192724e-02 -5.9787211894e-01 8.0055023660e-01
-1.8979184321e-01 -3.2408572962e+00 -1.0329823742e+01
1.6056029824e+00 2.3764725322e-01 3.0045628074e+00
58 55 62
7 36 99 283.1200 64.0500 53 60 359.6000 -25.9000 1 107 -95.9800 -134.5500 56 74 105.8500 15.0700 18 70 75.1200 23.0100 0 128 67.9200 -79.1600 2 31 144.4100 -116.0000
2.4635305941e+00 3.2476608538e+00 3.0987619752e+00
156 151 140
5 36 172 418.3900 568.1699 53 66 507.5900 608.6100 28 43 284.5000 187.3700 18 119 116.4300 167.2900 0 143 107.6800 53.4500
-1.6000079640e-02 -8.1146955956e-01 -2.5846920624e+00
147 147 133
2 36 177 310.0500 760.2000 53 123 -446.5100 797.8300
1.6186388143e+00 6.6594176858e-01 3.0038739093e+00
196 188 177
7 36 248 285.8600 140.6699 53 150 355.2700 76.3700 1 243 -96.5400 -67.8200 28 104 232.1400 -83.6900 56 263 106.0200 44.5200 18 233 75.9200 44.3400 0 292 67.0000 -60.9400
2.5808983350e+00 6.0897710307e+00 3.1611200822e+00
173 185 183
5 36 384 417.3600 997.8201 53 593 467.0601 1056.6201 18 260 117.2000 293.6000 0 340 106.0500 168.4500 55 154 246.9000 337.8900
-1.5025308251e+00 7.7992014823e-01 2.9671604392e+00
179 170 157
8 36 249 -278.7500 162.5400 53 151 -425.0600 83.2700 56 266 -115.3900 50.4800 18 234 -86.2500 48.1700 0 407 -71.5100 -66.1200 19 274 -183.3200 389.4900 55 178 -182.0000 -259.9600 44 296 -90.9800 -85.9600
-1.9520348295e+00 1.3152852643e+00 2.9769369237e+00
198 191 181
13 36 360 -353.4900 253.8600 53 212 -524.5500 198.3600 1 351 -681.1300 24.2200 28 168 -253.6400 -49.3200 56 386 -143.5500 83.7400 8 352 -301.5000 114.6600 14 208 -350.5700 20.7300 18 306 -107.3400 73.6000 25 329 -240.0000 126.0300 0 416 -89.4000 -44.7800 2 152 -188.5600 -33.5100 19 284 -240.7200 459.0100 44 450 -112.4400 -60.6500
1.4373909353e+00 1.1039009661e+00 3.0101418869e+00
137 123 113
8 36 353 252.4000 215.9500 53 211 303.2900 173.4900 47 296 351.4600 427.5400 56 270 91.2200 72.8300 14 160 295.2100 -4.0500 18 238 65.3400 66.0500 0 418 57.0300 -42.6500 38 447 52.3400 -2.3600
-1.8208005927e-01 -1.3024832876e+00 2.9605744252e+00
176 164 148
9 36 445 -36.1500 -221.6500 53 194 -111.7100 -425.1600 28 94 -17.4300 -378.4400 52 176 15.7800 199.4700 56 342 -25.7600 -94.4900 25 303 -110.0900 -134.0600 0 559 -20.1500 -158.0800 19 351 -10.7700 104.0601 44 421 -33.1100 -196.8300
2.2277130513e+00 -1.1673963187e+00 2.9414486959e+00
115 99 83
9 36 640 413.0000 -200.6300 53 288 563.9800 -378.2500 52 238 275.6200 209.3200 56 345 163.3700 -84.1600 8 463 398.6400 -280.7800 18 392 109.8800 -53.0900 33 90 -205.5500 335.4299 0 566 90.7900 -148.5800 44 613 103.7600 -188.4700
2.2992069963e+00 -1.2909285252e+00 2.9453705368e+00
203 197 184
8 36 636 425.4100 -222.6801 53 431 587.4399 -412.4000 52 359 281.1300 196.6100 8 454 412.1899 -303.7800 18 600 113.6700 -59.4600 33 164 -173.8300 283.8900 0 867 94.5700 -154.0600 44 608 106.7700 -195.0400
-2.0090320681e+00 -1.1699994711e+00 2.9403291984e+00
103 89 76
10 36 644 -375.0100 -194.7500 53 432 -607.3100 -395.9000 52 375 -176.5800 217.6600 56 495 -164.6800 -83.7300 8 724 -340.6700 -292.8900 18 607 -114.2100 -53.1700 25 589 -286.0700 -127.3800 0 873 -97.0700 -154.0400 38 1288 -352.8600 -345.2600 44 967 -127.0000 -190.2900
-2.3533629232e+00 9.0287254068e-01 2.9806944373e+00
134 127 109
3 36 713 -426.6800 184.0801 53 501 -628.5300 104.4200 0 999 -105.7000 -63.5400
-1.4745734778e+00 1.0091376767e+00 2.9705342716e+00
139 130 117
8 36 717 -271.5900 202.3101 53 504 -414.5400 135.1400 28 225 -194.4100 -78.7400 8 815 -229.4600 71.1600 18 676 -84.0700 59.6100 0 1004 -69.8300 -55.7500 19 582 -178.3300 419.5701 44 1080 -89.6100 -74.9900
2.4298163848e+00 1.4596419456e+00 3.0318762452e+00
171 161 153
8 36 731 428.3000 275.2500 53 514 542.8500 258.8401 1 817 33.8700 55.7300 56 804 160.1300 95.3500 59 377 487.2400 -42.0000 18 682 118.1900 84.0200 0 1035 103.3900 -22.6700 2 607 183.6800 -28.4200
-1.5750961604e+00 2.3281454273e+00 3.0069498560e+00
17 14 17
7 36 764 -280.2100 427.2800 53 365 -413.6500 405.5701 59 241 -420.7100 79.8700 8 572 -232.8800 273.8700 18 480 -86.2800 122.9300 0 1057 -72.3900 -0.8400 19 617 -184.1800 593.6799
-2.2822397946e+00 2.5172111544e+00 3.0451111578e+00
169 168 160
10 36 769 -397.9400 453.2300 53 538 -567.0500 437.1400 18 487 -119.7200 130.0800 25 452 -255.2000 231.1900 0 1061 -99.0600 3.3400 2 403 -199.0500 37.2800 19 623 -273.8600 614.0801 16 192 -584.9800 201.4800 38 1045 -349.4100 99.5000 44 726 -122.9000 -3.3000
-1.8678753654e+00 2.5041471526e+00 3.0030062371e+00
174 170 159
8 36 772 -328.2900 455.0901 53 540 -478.3500 440.7900 8 577 -275.9300 295.0701 18 486 -100.3700 130.8400 0 1064 -84.4100 5.0400 2 406 -165.8100 36.9600 19 624 -221.7300 615.0901 55 465 -216.8600 -85.1500
-1.8703300997e+00 2.5047752226e+00 3.0047468594e+00
174 170 159
7 36 773 -328.2900 455.0901 53 541 -478.3500 440.7900 8 578 -275.9300 295.0701 25 456 -222.5200 237.1900 0 1065 -84.4100 5.0400 19 625 -221.7300 615.0901 44 728 -104.2800 -2.6700
-1.4849971921e+00 2.4930620113e+00 3.0076181910e+00
176 170 159
8 36 503 -261.8700 453.7900 53 368 -391.1400 440.0601 56 557 -105.6900 152.8900 8 580 -216.7600 299.4000 14 302 -250.6900 226.8101 18 485 -81.3700 130.8000 0 1068 -69.4500 6.6900 19 622 -171.6000 614.5601
1.2936770898e+00 -2.1889508823e+00 2.9243557300e+00
92 72 56
9 36 1457 240.9000 -391.8400 53 667 319.8400 -679.4200 56 694 93.3600 -165.2500 8 676 225.6200 -471.5500 14 569 259.8101 -674.4600 11 89 715.9500 -466.1899 25 416 52.9300 -241.2900 33 245 -603.8300 -95.0100 0 1360 46.3100 -198.5900
-1.7542474970e+00 -1.2769413873e+00 2.9273465520e+00
193 184 175
6 36 638 -329.0700 -214.7000 53 429 -543.0500 -424.4800 52 361 -150.4400 205.8100 18 601 -101.8000 -58.5700 0 1421 -87.2600 -158.5000 44 955 -114.0600 -195.9500
-8.8630096730e-01 -8.9829648167e-01 2.9479769217e+00
179 167 153
4 36 1020 -165.0100 -146.5699 53 451 -301.1400 -318.3199 0 1444 -51.0800 -140.8200 2 185 -94.6400 -219.0200
3.7979604719e-01 -8.6990489011e-01 2.9658358514e+00
174 161 145
10 36 1023 66.9700 -140.4700 53 452 44.2500 -304.8900 28 312 70.0200 -300.8700 52 634 75.5500 245.1000 56 715 17.6800 -60.2800 59 291 9.2400 -592.7600 18 949 10.2800 -36.6900 25 604 -44.4600 -80.3400 33 283 -980.9700 452.1300 0 1454 4.8700 -137.1200
5.8445518125e-01 -7.6452539284e-01 2.9600094171e+00
192 185 169
10 36 1037 104.9000 -121.6200 53 723 99.1600 -275.8400 28 324 102.0900 -283.0600 52 651 97.8200 256.0000 56 727 33.6300 -53.0200 59 295 65.0000 -562.9000 8 1123 100.1801 -214.7600 18 962 21.4300 -31.5700 33 292 -894.9100 495.5100 0 1467 14.2000 -132.1700
-1.7533092549e+00 2.6320566169e-01 3.0075063722e+00
95 81 69
3 36 1634 -327.0300 71.0200 53 784 -491.7500 -41.6400 0 1521 -81.3300 -88.5900
-2.1503218156e+00 6.3580966747e-01 2.9184542769e+00
105 89 73
7 36 1668 -400.3100 140.1799 53 803 -591.0400 47.5800 56 784 -162.3000 41.0900 18 1047 -120.0700 41.1400 25 1015 -261.9000 58.1100 0 1556 -98.5200 -73.0900 38 2198 -341.9800 -117.0000
-2.0652914281e+00 7.0065173671e-01 2.9302996995e+00
194 188 177
8 36 1106 -382.0500 150.7300 53 806 -567.9900 63.5400 28 563 -277.4000 -122.4500 56 785 -155.8600 45.7200 18 1053 -115.2200 44.0700 25 1018 -255.0200 64.7500 0 1563 -95.1900 -69.9200 38 3385 -333.8300 -109.6200
-1.2698863849e+00 1.3251165138e+00 2.9866580262e+00
181 172 157
9 36 1124 -231.8000 256.2600 53 823 -359.8800 204.5801 1 1249 -571.7100 28.4500 28 575 -164.9700 -41.1300 56 1212 -96.1800 84.5800 14 718 -224.9800 24.3900 18 1068 -72.7100 74.6600 0 1608 -61.2400 -42.1300 55 695 -158.5600 -200.9800
1.4867638789e+00 1.2584998945e+00 3.0534353929e+00
170 155 136
3 36 1122 259.2200 241.1599 53 822 312.0699 204.2900 0 1612 59.0000 -36.0800
-2.0818646703e+00 2.5884005136e+00 3.0035802320e+00
38 33 27
9 36 1205 -364.7200 470.2200 53 897 -522.6500 455.4500 8 1295 -307.9700 306.4500 14 756 -353.9600 238.0300 18 1141 -110.1500 134.7200 25 1092 -237.4500 240.8300 0 1685 -91.8500 7.7700 38 2403 -330.2000 111.8301 44 1882 -113.8200 0.7300
1.5389380818e+00 2.2394747850e+00 3.0594625863e+00
37 30 31
6 36 1160 264.7100 409.9700 53 534 310.5300 407.7500 8 865 274.5601 298.0901 14 744 315.3600 203.2600 18 703 70.3600 121.9100 0 1688 61.1900 8.9100
-1.6861932879e+00 2.5766224023e+00 3.0060813063e+00
37 29 26
9 36 1199 -296.0900 468.0200 53 890 -433.7900 456.2000 8 1298 -248.1900 309.1899 14 762 -284.3000 239.0000 25 1097 -204.1400 246.6400 0 1689 -76.2900 8.7800 19 1333 -197.7800 624.3301 55 750 -197.1700 -75.5600 44 1884 -95.1300 1.6000
-1.6909999389e+00 2.5801845294e+00 3.0149279072e+00
37 29 26
7 36 1200 -296.0900 468.0200 53 891 -433.7900 456.2000 25 1098 -204.1400 246.6400 0 1690 -76.2900 8.7800 55 751 -197.1700 -75.5600 38 2407 -292.0100 118.4199 44 1885 -95.1300 1.6000
-1.6898692820e+00 2.5777570733e+00 3.0115984612e+00
37 29 26
8 36 1201 -296.0900 468.0200 53 893 -433.7900 456.2000 8 1299 -248.1900 309.1899 25 1099 -204.1400 246.6400 0 1691 -76.2900 8.7800 55 752 -197.1700 -75.5600 38 2408 -292.0100 118.4199 44 1886 -95.1300 1.6000
1.7874261176e+00 2.4451512671e+00 3.0556672602e+00
49 42 30
11 36 1178 308.4600 442.6000 53 880 366.5800 452.6599 28 657 219.1600 106.4000 56 839 110.8300 151.9300 8 882 316.3199 330.5500 18 1135 83.2300 131.5500 39 363 524.0300 209.3600 0 1711 72.2700 17.6200 2 652 115.8100 25.2200 55 773 161.9100 -49.9000 38 2471 91.7100 178.9199
2.1237566176e+00 2.4325335849e+00 3.0596013593e+00
48 39 32
14 36 1175 367.9900 440.0000 53 879 446.2400 453.0500 1 866 -19.4100 200.2500 28 659 261.7500 109.7200 56 838 133.5300 151.5300 59 415 387.5601 132.5200 8 884 374.0300 332.8700 18 713 100.2800 131.2400 39 365 643.7500 215.7500 0 1712 87.5300 18.5500 2 650 140.6000 24.1400 55 775 198.2400 -47.2600 38 1596 132.3300 185.2700 44 1154 99.2800 8.2700
2.6952749295e+00 2.5322333205e+00 3.0193562255e+00
196 191 185
7 36 771 471.8700 455.9800 53 547 582.8101 487.8101 56 851 173.0500 161.1400 18 721 129.7500 136.2200 0 1717 110.9800 24.0600 55 786 253.0900 -34.6900 44 1161 127.8500 15.3300
-1.3396401887e+00 5.2709590052e+00 3.0857586569e+00
142 138 131
6 36 820 -222.2100 884.4299 53 963 -317.5300 911.8000 56 885 -84.7200 289.8500 18 790 -69.0800 254.3700 0 1789 -58.1300 115.9200 44 1243 -70.5900 123.4000
-2.0857949153e+00 5.3840356324e+00 3.0591058006e+00
154 146 143
4 36 1264 -346.1400 903.0500 53 964 -466.5800 924.2900 0 1790 -86.8400 115.8700 19 1009 -233.1100 967.4900
2.2586576780e+00 5.1741358901e+00 3.1250776683e+00
146 138 132
6 36 1854 374.0800 869.1200 53 1467 423.3500 924.5500 28 1040 224.8600 321.6000 0 1809 92.0300 133.2600 19 1010 335.2400 969.3000 55 1352 209.5700 241.2100
2.5939871990e+00 6.2423298383e+00 3.1821436904e+00
159 163 163
7 36 1881 414.8400 1018.6201 53 2255 464.3900 1071.0000 18 1212 116.7900 299.9300 0 1817 105.8700 177.1100 55 852 245.8800 353.7500 38 2626 192.1600 662.4600 44 2029 122.3700 187.9200
1.2905400993e+00 -2.3458007093e+00 2.9182460112e+00
118 101 89
9 36 2122 242.4301 -423.5400 53 659 320.8800 -728.3500 52 926 171.9300 82.9800 8 1010 225.9800 -498.9301 14 899 259.2100 -705.7800 25 863 51.2900 -261.3700 33 239 -606.1600 -162.3100 0 2023 46.2800 -206.3400 44 2362 48.0100 -256.9000
1.3345683577e+00 -2.1154454434e+00 2.9361863087e+00
194 186 184
11 36 1463 249.7300 -379.4200 53 672 330.1500 -656.4301 52 577 177.3600 108.3500 56 1038 97.1700 -160.1200 8 680 236.1700 -457.4200 14 571 268.8800 -656.0800 18 902 62.4000 -104.2500 11 147 736.3300 -416.4000 33 248 -587.7400 -62.1700 0 2049 47.9600 -194.8700 44 919 51.4900 -244.0000
2.7535994639e+00 -2.1098457016e+00 2.9279827812e+00
182 178 168
7 36 1461 516.4200 -381.1000 53 675 751.3000 -650.6899 52 941 330.3900 106.0600 56 1037 213.9300 -160.1300 18 1414 139.8100 -104.2800 33 398 16.3700 -56.3300 0 2053 116.3500 -193.3900
5.8371651162e-01 -1.3993369725e+00 2.9501024953e+00
208 201 191
10 36 1492 105.1300 -240.9500 53 683 102.7100 -449.4399 1 1078 -280.8600 -417.3900 28 287 112.5100 -386.8700 52 588 96.7900 187.6600 8 1064 98.0800 -326.6100 18 916 21.5400 -65.4200 33 413 -898.1200 234.8800 0 2108 14.3600 -161.4100 44 1565 8.7800 -202.3000
-1.8349596579e+00 -1.3361384470e+00 2.9372541687e+00
120 99 85
7 36 1496 -343.8500 -225.7300 53 685 -565.5400 -441.5200 52 977 -158.9500 199.9600 56 1050 -153.6800 -97.0700 18 1428 -106.2200 -61.7200 25 890 -272.1400 -145.2300 0 2110 -90.5300 -161.6800
-5.5040840508e-01 -1.2645605776e+00 2.9257553590e+00
180 172 153
4 36 2193 -105.7300 -213.7800 53 1110 -214.1800 -415.9100 52 982 -23.9700 204.2600 0 2122 -36.3100 -156.3000
3.7065307626e-01 -1.2706534813e+00 2.9407590027e+00
194 187 176
9 36 2187 65.3900 -218.8500 53 1109 42.0600 -416.6100 52 976 73.6300 200.9100 56 1051 17.3200 -92.5200 8 1075 59.4700 -305.1801 33 268 -989.6400 285.8201 0 2124 4.4100 -155.9900 27 160 53.6400 598.0000 44 1573 -2.5100 -195.5400
6.3776685552e-01 -1.2634390540e+00 2.9581517956e+00
193 189 179
9 36 1498 115.9400 -215.3000 53 686 117.2600 -411.6400 28 460 118.7400 -363.2200 52 981 103.3700 202.2800 8 1077 107.4200 -302.0500 33 269 -875.7900 291.4200 0 2125 16.5800 -155.0500 27 281 215.5100 601.3700 44 2524 11.6800 -194.6000
-2.5893320139e+00 -9.7547906407e-01 2.9194633979e+00
171 157 144
10 36 1545 -481.1800 -156.4100 53 692 -756.6800 -345.0300 52 631 -236.2000 240.1700 56 1089 -207.8500 -69.1500 8 1090 -431.8500 -261.0900 14 931 -506.1200 -413.6300 18 934 -144.3400 -42.8500 0 2141 -120.4900 -145.8900 38 3098 -408.7000 -325.0400 44 2588 -153.9600 -179.8000
-2.5929136110e+00 -9.7263244073e-01 2.9269451930e+00
171 157 144
9 36 1546 -481.1800 -156.4100 53 693 -756.6800 -345.0300 52 632 -236.2000 240.1700 56 1090 -207.8500 -69.1500 8 1091 -431.8500 -261.0900 18 935 -144.3400 -42.8500 0 2142 -120.4900 -145.8900 38 3099 -408.7000 -325.0400 44 2589 -153.9600 -179.8000
-2.3828172508e+00 -9.6396813203e-01 2.9351659839e+00
159 147 132
9 36 1014 -442.4500 -154.7800 53 697 -700.4400 -342.1899 52 629 -214.3300 240.0700 56 1092 -192.3700 -68.3600 8 1093 -397.3700 -258.4399 18 933 -133.6600 -42.3400 25 1444 -316.1900 -107.8900 0 2143 -112.1100 -145.3800 38 3100 -388.4800 -323.2600
-2.1615336148e+00 -9.6340103540e-01 2.9226261521e+00
167 152 139
7 36 1544 -403.0800 -155.9600 53 695 -643.2600 -341.4399 52 627 -192.0000 239.4000 56 706 -176.0400 -68.2300 0 2146 -103.3500 -144.9900 55 886 -256.2200 -454.7800 44 1613 -133.0800 -179.0400
2.9841408126e+00 -1.0754799307e+00 2.9413844217e+00
219 219 216
6 36 1511 552.2300 -184.0500 53 1164 776.2200 -347.3800 52 987 355.9100 218.8700 56 1061 222.9500 -76.0400 18 1451 150.6200 -48.1200 0 2151 127.1400 -142.4300
-6.7459766016e-01 -9.3954498436e-01 2.9641390174e+00
168 158 144
7 36 1550 -126.1400 -153.3600 53 700 -241.8400 -327.9000 56 707 -62.5600 -66.2200 25 911 -156.4100 -96.1200 0 2152 -40.9000 -142.5500 55 896 -107.4100 -445.5100 44 1620 -57.5200 -177.6800
-1.9462585758e+00 -8.7604191071e-01 2.9189387798e+00
171 157 144
9 36 1024 -363.1900 -138.7800 53 709 -583.8500 -316.5300 52 386 -169.4700 248.4600 56 713 -159.2800 -61.2900 14 599 -383.4800 -394.8900 18 619 -111.2400 -37.8400 0 2161 -94.7000 -140.6200 55 897 -234.9900 -444.4600 44 1635 -122.3000 -174.7900
-1.9458715431e+00 -8.7580462607e-01 2.9181552630e+00
171 157 144
8 36 1025 -363.1900 -138.7800 53 710 -583.8500 -316.5300 52 387 -169.4700 248.4600 56 714 -159.2800 -61.2900 14 600 -383.4800 -394.8900 18 620 -111.2400 -37.8400 0 2162 -94.7000 -140.6200 55 898 -234.9900 -444.4600
5.8287408407e-01 -9.1753324064e-01 2.9454005304e+00
185 172 156
15 36 1015 104.5400 -150.7200 53 449 99.3700 -318.2700 28 307 103.1300 -306.5800 52 625 96.9400 239.7400 56 709 33.3600 -64.5900 59 286 64.3101 -604.9301 8 1105 99.8900 -242.7500 14 598 113.3700 -404.4700 18 942 21.3000 -39.9300 11 165 200.5000 237.7500 25 926 -22.5000 -84.8700 33 280 -896.6700 430.5100 0 2164 14.1800 -139.6000 2 281 75.3800 -216.2200 19 753 97.4200 155.3101
-1.3226102817e+00 -8.4463931430e-01 2.9288565513e+00
183 175 157
6 36 1558 -247.9900 -135.2000 53 713 -416.2100 -305.4500 52 639 -104.2400 250.2600 56 1104 -112.1200 -59.7900 18 951 -78.9300 -36.0400 0 2168 -68.6800 -138.5300
-2.1642026300e+00 -8.2436222713e-01 2.9302947347e+00
173 163 153
8 36 1561 -401.9300 -129.9301 53 715 -639.7500 -305.5300 52 647 -191.6500 254.3100 56 1108 -175.2000 -57.5700 18 954 -122.2900 -34.9400 0 2169 -103.5100 -138.7200 2 187 -252.6100 -218.4700 55 904 -256.3900 -439.6500
-6.7102161235e-01 -8.4343619775e-01 2.9481738732e+00
174 167 156
5 36 1556 -125.8500 -135.2100 53 716 -241.3400 -302.7200 52 637 -34.9700 249.2900 0 2174 -40.7700 -137.2800 55 914 -107.6400 -434.6500
2.2159299733e+00 -9.2814554611e-01 2.9402284467e+00
195 185 173
10 36 1547 407.5100 -154.4700 53 711 553.1400 -311.0300 52 619 272.4700 235.9300 56 1102 160.5800 -64.7100 8 1107 396.7400 -239.0200 14 594 454.5400 -407.9399 18 941 109.0100 -40.2100 33 281 -207.5200 433.1200 0 2177 90.4600 -137.0600 44 1633 101.9900 -174.8000
-8.8148777501e-01 -7.1548794848e-01 2.9611327911e+00
190 180 168
7 36 1573 -163.4600 -112.4200 53 733 -297.0400 -270.8400 52 662 -55.9700 262.4700 56 1121 -78.0700 -49.7400 0 2200 -50.5800 -133.0100 2 301 -93.3600 -197.2900 44 1666 -68.1700 -166.0400
7.7630333353e-01 -7.6365126571e-01 2.9658811814e+00
195 188 177
10 36 1036 139.8700 -121.2900 53 729 150.6800 -274.4000 28 327 132.7400 -281.3500 52 649 118.0300 256.1900 56 725 48.2000 -53.1300 8 755 133.6500 -213.1700 18 960 31.3900 -31.5500 11 172 304.5000 314.2200 33 300 -815.0800 497.6700 0 2215 22.8100 -131.5300
2.0134171157e+00 -7.5848061824e-01 2.9527502063e+00
193 185 172
6 36 1565 368.5500 -122.1000 53 736 491.3101 -267.7300 52 644 250.4000 254.7500 18 964 97.6000 -31.0300 33 302 -293.9500 503.4700 0 2229 80.4700 -129.2000
-1.7406792868e+00 5.6660614890e-01 2.9376805156e+00
194 188 178
8 36 1657 -324.8700 125.9900 53 1298 -490.2300 34.1600 56 1194 -133.8700 36.5800 18 1573 -99.0100 37.3900 0 2332 -81.9500 -75.4300 55 1055 -206.5200 -283.7400 38 3369 -302.2900 -120.7100 44 2773 -104.7900 -97.0900
-2.1329818862e+00 9.3069707484e-01 2.9398003846e+00
195 188 178
12 36 1115 -391.3700 190.1200 53 815 -577.0600 112.4700 56 789 -158.3100 59.3600 59 361 -588.6900 -191.1600 8 1218 -335.1000 53.9300 25 1035 -258.3800 85.9600 0 2354 -96.8700 -60.7000 2 362 -212.8100 -63.0400 19 838 -268.8600 408.9399 16 421 -726.1500 -88.0500 38 2232 -340.3100 -82.5900 44 1788 -122.6500 -78.9900
-2.1336913562e+00 9.3241529440e-01 2.9411352741e+00
195 188 178
11 36 1116 -391.3700 190.1200 53 816 -577.0600 112.4700 56 790 -158.3100 59.3600 59 362 -588.6900 -191.1600 8 1219 -335.1000 53.9300 14 708 -390.3700 -50.2900 25 1036 -258.3800 85.9600 0 2355 -96.8700 -60.7000 19 839 -268.8600 408.9399 16 420 -726.1500 -88.0500 38 2233 -340.3100 -82.5900
-2.3040521491e+00 1.0828214884e+00 2.9617056061e+00
200 192 182
5 36 1691 -418.3200 215.7300 53 1317 -613.7800 146.7000 1 1245 -743.0300 -11.1500 0 2361 -103.5600 -55.0800 44 2814 -129.7300 -71.9200
-2.3017806801e+00 1.0879465317e+00 2.9635050554e+00
200 192 182
8 36 1692 -418.3200 215.7300 53 1318 -613.7800 146.7000 1 1246 -743.0300 -11.1500 8 1789 -358.5200 78.0700 18 1592 -124.2700 63.5600 25 1620 -271.7500 100.6600 0 2362 -103.5600 -55.0800 44 2815 -129.7300 -71.9200
-1.3854028719e+00 1.0746463813e+00 2.9773769255e+00
193 185 178
9 36 1690 -253.9900 212.7400 53 819 -392.6600 150.2000 1 1243 -593.4100 -10.3700 28 570 -182.0400 -69.9400 56 1209 -105.5500 69.4300 59 582 -408.6000 -152.8600 18 1062 -79.1200 62.5400 0 2365 -66.2600 -52.7900 19 1274 -166.5400 428.1000
1.5814058828e+00 9.9559785977e-01 2.9933054631e+00
202 193 176
9 36 1683 279.3500 198.8401 53 1319 341.0300 151.5701 28 907 221.0900 -44.4200 56 1809 102.7300 66.0200 18 1586 74.0700 61.2000 0 2376 64.4800 -46.2000 19 1272 244.6000 427.1200 16 655 483.5300 -93.3400 44 2822 70.1400 -66.6200
1.5856805260e+00 1.0065569847e+00 2.9914816911e+00
202 193 176
12 36 1684 279.3500 198.8401 53 1320 341.0300 151.5701 28 908 221.0900 -44.4200 56 1810 102.7300 66.0200 8 1799 285.1600 98.6800 14 1036 326.6400 -18.7600 18 1587 74.0700 61.2000 39 937 514.2500 -171.3900 0 2377 64.4800 -46.2000 19 1273 244.6000 427.1200 38 3501 70.8101 -11.5400 44 2823 70.1400 -66.6200
-2.3720121810e+00 2.4452622397e+00 2.9996560665e+00
38 28 27
9 36 1183 -417.3800 446.2000 53 864 -591.4500 424.6599 8 1273 -353.2000 282.1100 14 746 -407.0500 213.5000 18 1124 -124.9300 127.7900 25 1678 -263.0700 223.0900 0 2450 -103.6300 1.2400 38 3651 -358.7600 89.8700 44 1852 -127.9500 -7.0300
-2.4658549582e+00 2.4783275194e+00 2.9969483904e+00
178 170 159
9 36 1189 -432.9200 452.1899 53 1381 -612.0900 431.4000 8 1278 -367.4500 284.9399 14 1087 -422.9100 217.4700 18 1130 -129.2700 128.9400 25 1680 -270.6900 224.5500 0 2451 -107.2900 1.6400 2 672 -216.0500 36.1800 38 3652 -367.7100 91.1500
-2.0732472865e+00 2.4651735356e+00 3.0043366827e+00
201 193 184
10 36 1187 -364.7400 449.5601 53 873 -523.5200 430.7500 56 1261 -143.5800 150.7300 8 1280 -307.6100 286.9900 18 1129 -110.2300 128.6600 25 1686 -238.0000 229.2600 0 2458 -91.9500 2.5300 19 913 -249.4800 611.4299 38 3670 -329.8500 96.7300 44 1865 -113.8800 -5.3400
-1.3773047973e+00 2.4242278034e+00 3.0043981275e+00
61 48 42
5 36 1750 -244.5500 442.0300 53 1378 -366.4800 428.7800 8 1865 -201.6100 290.7500 0 2461 -64.0800 3.5900 55 1199 -167.3000 -88.2100
-1.6756459226e+00 2.4488302870e+00 3.0080240067e+00
189 185 174
12 36 1184 -295.6200 446.4900 53 872 -433.9900 431.8301 8 1281 -247.2300 289.7800 14 751 -283.5300 217.6300 18 1128 -90.7400 128.3100 25 1088 -204.3500 235.2000 0 2463 -76.2500 3.4800 2 668 -150.8300 33.6900 19 910 -196.9100 609.9299 55 1197 -196.4200 -89.0500 38 3684 -291.7300 103.1799 44 1866 -95.1000 -4.3700
1.8733646436e+00 2.2773709959e+00 3.0570488911e+00
77 68 61
7 36 1738 322.5601 415.6200 53 1375 387.9700 418.9600 56 1875 116.7200 142.3100 8 1290 332.0500 305.6300 0 2479 76.2100 11.2200 55 1234 171.6800 -66.5500 38 3794 102.3600 159.6100
-1.6001652945e+00 2.6696574025e+00 3.0226504595e+00
156 147 138
9 36 1774 -279.2400 482.0500 53 1397 -411.7700 475.3101 18 1145 -86.1300 138.6300 25 1114 -196.8300 256.6800 0 2488 -72.9700 12.3600 2 1026 -142.7600 46.6400 19 937 -185.2900 635.4199 55 1235 -188.6900 -66.6900 38 3738 -284.9200 129.2800
-1.6039685711e+00 2.6701505083e+00 3.0213885570e+00
156 147 138
7 36 1775 -279.2400 482.0500 53 1398 -411.7700 475.3101 18 1146 -86.1300 138.6300 25 1115 -196.8300 256.6800 0 2490 -72.9700 12.3600 55 1236 -188.6900 -66.6900 38 3739 -284.9200 129.2800
-8.6064577269e-01 2.4004076885e+00 2.5898545941e+00
148 140 127
3 36 1771 -164.0700 478.3600 53 1401 -269.8400 485.6500 18 1144 -54.3700 138.1400
-1.8371517765e+00 5.4257587886e+00 3.0719322281e+00
180 173 167
6 36 1865 -301.7100 910.4500 53 1472 -412.3600 933.0901 0 2619 -76.3700 119.0300 55 1342 -202.4900 202.8600 38 3978 -291.3200 430.5200 44 2003 -92.3000 127.8600
-1.3208717186e+00 -1.5345827746e+00 2.9201063442e+00
202 197 191
6 36 2174 -251.3500 -263.4100 53 1094 -430.7800 -494.9100 52 1570 -106.5900 177.3200 14 1357 -272.4800 -525.8800 0 3086 -69.2600 -169.4700 44 2479 -93.0400 -209.8700
-4.0565904319e-01 -1.3509929290e+00 2.9496594209e+00
209 202 194
11 36 1495 -78.7100 -230.0300 53 1103 -173.9900 -439.0000 28 455 -54.4400 -389.4500 52 973 -8.3100 195.0700 56 1048 -42.9600 -97.8600 14 920 -88.8000 -490.4100 18 1427 -31.3700 -62.6700 25 1410 -133.7300 -140.7700 0 3120 -30.1400 -160.2400 19 1661 -41.5700 95.5400 44 2513 -45.2400 -199.7300
-2.1721250923e+00 -7.2509191027e-01 2.9260725064e+00
173 163 153
7 36 1575 -402.4500 -111.3101 53 1176 -639.0000 -278.4301 52 664 -191.6900 264.9400 56 1118 -174.7100 -50.7700 8 1637 -361.1600 -218.3600 18 1481 -122.3400 -29.7400 0 3221 -103.4900 -134.7700
2.7746359776e+00 -8.2611352968e-01 2.9474197979e+00
89 74 56
9 36 2232 511.1700 -136.4700 53 1172 708.3600 -281.2900 52 1615 332.7600 246.8600 56 1653 204.0500 -57.1300 8 1639 499.5100 -217.1200 18 2237 139.0700 -34.8000 25 1517 247.5300 -56.9500 33 643 25.9900 477.2400 0 3238 116.5400 -131.5200
6.2995027534e-01 -6.9367537715e-01 2.9598835649e+00
73 53 42
9 36 2247 112.7400 -108.7900 53 1191 110.8600 -257.5699 28 791 108.6500 -272.4400 52 1049 102.5300 263.4700 56 1673 37.1100 -48.1300 59 522 76.7100 -544.8800 18 2246 23.5300 -27.7800 33 448 -875.5800 525.7200 0 3255 15.9200 -128.4700
2.6831634067e+00 -7.1771661544e-01 2.9828894998e+00
50 35 28
10 36 2238 491.8400 -115.8400 53 1196 676.1600 -253.3300 52 1045 322.2500 258.4500 56 1119 195.4400 -49.4300 8 1665 480.5601 -197.4800 18 1485 133.5900 -28.7200 25 958 234.4300 -43.0900 0 3272 111.7700 -126.0200 2 485 290.5300 -189.3700 44 2645 128.3600 -162.1200
1.9146340952e+00 -6.4317274007e-01 2.9517561991e+00
177 163 144
9 36 2265 350.8400 -101.8400 53 1216 462.9800 -237.2400 52 1057 240.5900 266.9500 56 1695 136.0600 -43.8900 8 1696 338.5699 -187.3600 18 1507 92.6200 -25.0500 33 666 -335.9500 550.7500 0 3280 75.5300 -123.8200 44 2681 84.0300 -158.4800
-9.0658861896e-01 5.5305658838e-01 2.9213809888e+00
106 97 93
5 36 2375 -165.9400 119.4500 53 1940 -286.4200 45.4500 18 2381 -55.2800 36.3400 0 3394 -49.5900 -75.8700 19 2823 -104.6200 357.4600
-8.9685547839e-01 5.4102935872e-01 2.8849338459e+00
106 97 93
4 36 2376 -165.9400 119.4500 53 1941 -286.4200 45.4500 18 2382 -55.2800 36.3400 0 3395 -49.5900 -75.8700
-2.2009110179e-01 4.9656294566e-01 3.1170060597e+00
189 182 174
3 36 2368 -48.6900 108.0000 53 1928 -103.6600 13.1500 0 3397 -13.9100 -74.5200
-2.4419165485e+00 1.0834939857e+00 2.9660206021e+00
186 178 167
8 36 2408 -443.3000 215.9900 53 1975 -646.1700 144.3101 28 891 -318.6100 -81.6200 56 1813 -177.7900 69.0000 18 1590 -132.1500 62.4400 0 3435 -108.9400 -55.6200 19 1890 -306.4900 427.9900 44 2810 -136.6800 -72.8600
-1.2401943526e+00 1.0596901867e+00 2.9773715070e+00
174 166 155
11 36 1686 -229.1300 210.0300 53 1316 -357.3200 146.8600 1 1842 -569.3100 -12.4900 28 893 -162.8500 -70.9200 56 1812 -95.5000 68.2500 14 1033 -221.7500 -21.9399 18 1589 -71.8800 61.9700 0 3441 -60.2400 -53.4000 2 945 -125.3800 -52.7400 19 1886 -147.2300 427.1400 55 1731 -155.1100 -229.0900
-2.5173614913e+00 1.2208453801e+00 2.9638542756e+00
178 166 152
7 36 1701 -456.2900 239.8800 53 1322 -660.2200 174.1000 1 1852 -775.2900 10.3600 28 896 -325.5800 -66.9500 56 1827 -181.8500 77.5600 18 1602 -135.9900 69.1600 0 3445 -111.9500 -50.2900
-2.3632238673e+00 1.2187415994e+00 2.9681221093e+00
183 174 163
9 36 1700 -428.2700 238.9399 53 1989 -623.7400 174.5300 1 1851 -750.8900 9.6400 28 898 -306.0000 -65.5600 56 1826 -171.3300 77.4000 18 1600 -128.1400 69.0600 0 3446 -105.6600 -49.7200 19 1912 -295.0800 445.9600 44 2826 -132.5200 -65.8800
1.4581317113e+00 9.7837240707e-01 2.9917124121e+00
189 179 170
9 36 2400 255.3900 195.4500 53 1976 309.5300 146.4900 28 904 203.8200 -48.2300 56 1807 93.7200 64.8700 8 1793 263.8700 93.3600 39 935 465.7000 -180.1600 0 3452 58.7600 -47.8800 19 1884 225.4100 423.8800 44 2819 63.6300 -67.9000
1.5174880537e+00 1.0166148465e+00 2.9883463798e+00
103 87 70
12 36 2404 265.6700 201.9900 53 1980 323.9301 155.7200 28 909 211.3600 -43.0100 56 1811 97.7600 67.3600 8 1800 273.6899 99.6800 18 1588 70.3300 61.8600 39 943 488.5400 -168.0400 0 3455 61.2000 -45.9000 2 938 119.5900 -57.9300 19 1892 233.4200 429.3900 16 656 461.6600 -89.3100 44 4509 66.6800 -65.6800
-1.7927963453e+00 1.2724079513e+00 2.9751218313e+00
201 191 182
11 36 2419 -326.1800 247.5100 53 1994 -486.5300 190.1200 28 1331 -233.1100 -52.7800 56 2744 -132.4900 81.2800 8 2572 -277.4600 108.9000 14 2493 -320.8700 13.6400 25 2386 -226.5300 123.2200 0 3457 -82.9900 -45.9500 19 1915 -219.8900 453.2300 55 1753 -210.9400 -211.8700 44 2831 -104.8200 -62.3200
-5.4256138051e-01 1.2390623370e+00 2.9908714432e+00
182 172 162
10 36 2417 -103.9700 240.8201 53 1992 -184.9900 189.8201 47 2023 -128.8700 461.5000 8 1809 -77.3000 115.4000 18 1607 -36.3800 71.2300 25 2391 -108.8300 137.7100 0 3461 -30.6000 -43.3400 19 1914 -51.7800 452.3401 55 1762 -83.7600 -202.9400 44 2836 -42.6900 -60.4700
1.5401383371e+00 1.1252000349e+00 3.0384254253e+00
180 171 154
7 36 2411 268.6600 219.3201 53 1325 326.8600 176.5200 56 1820 98.9100 73.3200 8 1811 275.9399 117.2700 18 1595 71.3000 66.9800 0 3466 62.3300 -41.2000 19 1904 236.2000 443.2500
-2.4107846189e-01 1.3123237887e+00 2.9960651697e+00
179 173 162
7 36 2422 -48.5500 253.8301 53 1997 -111.6100 208.3301 1 2745 -403.7200 28.3700 59 894 -139.4200 -95.9000 0 3472 -17.7700 -39.0500 55 1776 -53.2200 -192.6600 44 2840 -26.9500 -55.4900
-1.3777442435e+00 2.0165077255e+00 2.9842826415e+00
29 19 19
5 36 2446 -249.9800 378.2700 53 2037 -372.3500 346.4500 18 1634 -77.2800 109.4900 0 3513 -63.7900 -11.7800 2 995 -131.3400 5.0900
-2.3924703840e+00 2.6878567981e+00 3.0086604277e+00
160 153 145
7 36 2512 -415.9500 485.2000 53 2103 -588.7300 473.0500 8 1887 -354.4800 316.5801 18 1685 -124.9100 138.7500 25 2488 -262.5200 243.7200 0 3553 -103.9500 9.8800 38 5415 -361.1200 115.7500
-1.3906504901e+00 2.6444084604e+00 2.9899290230e+00
163 156 146
4 36 1772 -245.3500 479.3600 53 2101 -368.6500 473.8000 18 1681 -76.5400 137.9100 0 3566 -64.9200 12.6200
1.9732485777e+00 5.0429011408e+00 3.1174273920e+00
183 184 176
3 36 2639 327.0800 851.5400 53 2209 365.7900 902.3101 0 3768 79.5800 127.1300
1.7671671604e+00 5.1100874624e+00 3.1136941231e+00
179 172 166
12 36 2644 293.0900 861.8600 53 2212 322.7900 911.5801 47 2197 370.7700 1207.3301 56 1979 100.0300 285.4000 8 2030 307.7900 722.5300 14 1834 356.8500 681.6799 18 1783 79.9500 252.6400 0 3770 70.6600 128.5500 19 1440 269.8199 959.7900 55 2082 157.9100 228.7000 38 4008 90.4900 505.3500 44 3086 80.2900 134.8000
2.3623523628e+00 -1.4140900365e+00 2.9397302371e+00
187 173 161
7 36 91 437.7500 -247.0000 53 37 611.1100 -447.1801 52 57 288.2200 182.8300 8 59 425.5601 -324.5100 18 101 116.8700 -65.8500 33 18 -148.8100 232.4800 44 78 112.3900 -203.4100
1.9077786156e+00 1.9425779966e+00 3.1674500852e+00
165 155 145
3 36 163 326.7700 351.2800 53 111 400.0400 337.1699 18 114 88.7200 105.1400
1.9095560317e+00 1.9463483117e+00 3.1740372754e+00
165 155 145
2 36 164 326.7700 351.2800 53 112 400.0400 337.1699
2.1244233339e+00 -2.6712386034e+00 2.9572291938e+00
10 8 11
4 36 229 396.0800 -486.4500 53 92 577.2500 -828.2900 56 167 163.3900 -208.1500 18 147 107.2300 -135.0700
-1.8303717388e+00 5.3542989091e-01 2.9361462104e+00
144 137 127
10 36 155 -339.0700 120.5801 53 146 -512.8900 28.4500 1 179 -672.0000 -95.9900 28 100 -248.8800 -140.0000 56 185 -140.5200 34.6600 59 82 -532.0900 -274.1600 18 157 -103.7200 35.1800 25 322 -236.0600 49.4100 55 124 -215.3100 -289.5900 44 196 -108.4500 -97.3100
2.1694755933e+00 1.1259447620e+00 3.0177737190e+00
194 186 173
11 36 252 380.8300 219.6500 53 154 484.4900 184.3301 1 248 -9.1600 4.4900 28 112 299.1200 -21.7500 56 269 143.5800 74.3500 8 246 389.0400 121.6400 14 117 441.5500 3.1400 18 239 103.6300 67.3400 39 46 748.2200 -116.4900 38 451 139.9000 13.4400 44 205 102.4900 -58.7600
1.7084920891e+00 1.1491874886e+00 3.0034337742e+00
184 177 161
12 36 253 302.5900 223.0500 53 155 370.3101 184.1599 1 251 -83.0100 5.7900 28 111 235.0700 -26.1200 47 236 414.8600 437.3500 56 271 110.9000 75.0700 8 247 306.8900 122.0600 14 161 349.3101 7.0701 39 76 556.7100 -123.7700 19 189 261.8101 446.6300 38 449 84.5200 8.7500 44 305 77.6100 -58.6600
-1.5888777946e+00 -2.6218089774e+00 2.9079082605e+00
73 56 45
6 36 428 -317.6000 -470.3500 53 189 -525.4700 -819.9900 1 303 -669.8800 -636.7000 52 169 -142.1000 61.6900 18 281 -97.7600 -130.2000 44 395 -107.2900 -269.3000
2.5358460173e+00 -1.6935322052e+00 2.9459114054e+00
185 175 165
5 36 336 471.0800 -298.5400 53 193 668.6700 -526.6300 52 174 306.3000 152.4700 8 319 458.4600 -377.0100 33 65 -74.0900 116.0400
1.9233715151e+00 4.1704691965e-01 3.0061245533e+00
201 194 183
7 36 348 341.7000 95.5400 53 203 437.7900 20.1400 1 342 -46.3800 -106.6800 28 162 282.8500 -112.3300 56 380 129.0200 27.9200 14 281 396.5500 -132.6000 18 301 92.0100 31.5300
2.5061779863e+00 -9.6745778722e-01 2.9300957327e+00
166 150 135
4 36 648 462.6200 -162.1100 53 296 638.3000 -320.2700 52 241 304.2000 231.4100 18 395 124.7500 -42.1000
-4.0161306286e-02 -5.9458167481e-01 2.9275254192e+00
49 31 24
3 36 667 -9.7600 -89.6300 53 314 -71.2500 -233.5800 56 358 -14.1300 -40.3400
2.8704518725e+00 -3.2778513610e-01 2.9641392010e+00
123 108 91
4 36 682 522.6500 -45.1200 53 333 715.8800 -149.3500 56 518 206.4700 -20.6400 18 430 143.0400 -7.7100
-1.3296763079e+00 6.8579086187e-01 2.9580300813e+00
186 176 165
8 36 701 -248.0400 145.0400 53 340 -385.4200 64.4399 1 528 -587.9000 -69.7200 28 222 -176.7200 -115.4600 56 530 -103.5200 44.7900 18 439 -77.3200 43.8500 2 145 -136.4500 -80.7100 19 574 -159.5700 377.3401
1.0236812900e+00 -2.5893761376e+00 2.9421486794e+00
87 69 56
7 36 953 187.0601 -470.5100 53 417 241.1300 -805.4900 52 564 140.6900 57.9500 56 681 71.3900 -200.9000 14 351 201.3500 -759.6100 18 884 45.0300 -129.8900 33 377 -716.4800 -260.6600
2.7791773342e+00 -1.9824846828e+00 2.9310412565e+00
195 190 184
3 36 973 519.6600 -355.7900 53 424 752.4000 -610.7000 52 349 332.8300 120.6700
-1.2719200918e+00 -1.1701965250e+00 2.9200739550e+00
108 97 84
