# Bundle file v0.3
60 4065
0 0 0
0 0 0
0 0 0
0 0 0
0 0 0
2.4231733687e+03 -1.1980452512e-01 2.1585508943e-01
9.9964866867e-01 -1.4908594685e-02 2.1915132584e-02
6.3062404934e-03 9.3685098702e-01 3.4967193117e-01
-2.5744330687e-02 -3.4941087837e-01 9.3661585910e-01
-2.2617258754e+00 -2.1079632254e+00 -1.7007505334e+01
0 0 0
0 0 0
0 0 0
0 0 0
0 0 0
0 0 0
0 0 0
0 0 0
0 0 0
0 0 0
0 0 0
0 0 0
0 0 0
0 0 0
0 0 0
0 0 0
0 0 0
0 0 0
0 0 0
0 0 0
0 0 0
0 0 0
0 0 0
0 0 0
0 0 0
0 0 0
0 0 0
0 0 0
0 0 0
0 0 0
2.6480842963e+03 -1.0717981911e-01 1.0563510820e-01
9.7217786467e-01 3.7063931239e-02 -2.3129302722e-01
3.7619026592e-02 9.4988202182e-01 3.1033683872e-01
2.3120339158e-01 -3.1040362374e-01 9.2205996665e-01
7.0987887509e-01 -1.4116253704e+00 -1.7790615824e+01
0 0 0
0 0 0
0 0 0
0 0 0
0 0 0
0 0 0
0 0 0
0 0 0
0 0 0
0 0 0
2.1955894445e+03 -3.1024182027e-01 2.4574966116e-01
-9.6917416132e-01 1.1128930301e-03 -2.4637411898e-01
-1.0805678977e-01 -9.0060117979e-01 4.2100029115e-01
-2.2141629393e-01 4.3464500047e-01 8.7295964875e-01
9.6012134287e-01 -2.3953898874e+00 1.6638994245e+00
0 0 0
0 0 0
0 0 0
0 0 0
0 0 0
0 0 0
0 0 0
0 0 0
0 0 0
0 0 0
2.9360144745e+03 -6.0138588215e-02 -7.9185780434e-02
9.8533285169e-01 4.2891081215e-02 -1.6516514929e-01
1.7569503931e-02 9.3725312299e-01 3.4820668570e-01
1.6973651322e-01 -3.4600135634e-01 9.2275271741e-01
5.1477176705e-01 -2.1393371679e+00 -1.7329196088e+01
0 0 0
0 0 0
0 0 0
0 0 0
0 0 0
0 0 0
0 0 0
0 0 0
0 0 0
0 0 0
0 0 0
0 0 0
0 0 0
0 0 0
0 0 0
6.2406939655e+02 -1.2920049760e-01 8.7554153654e-02
-9.9587157276e-01 -6.8407396281e-03 -9.0515274131e-02
-5.7029613807e-03 -9.9047135106e-01 1.3760079567e-01
-9.0594077076e-02 1.3754892591e-01 9.8634324967e-01
4.4433386768e-01 -5.6382751518e-01 8.9166605760e+00
0 0 0
0 0 0
0 0 0
0 0 0
0 0 0
0 0 0
0 0 0
0 0 0
0 0 0
0 0 0
0 0 0
0 0 0
0 0 0
0 0 0
0 0 0
0 0 0
0 0 0
0 0 0
0 0 0
0 0 0
0 0 0
0 0 0
0 0 0
0 0 0
0 0 0
0 0 0
0 0 0
0 0 0
0 0 0
0 0 0
1.2907107585e+03 2.3762413266e-02 7.8973214806e-02
9.0389880741e-01 7.9334964769e-02 -4.2032476650e-01
8.4613476266e-02 9.3006951065e-01 3.5750701392e-01
4.1929405625e-01 -3.5871530317e-01 8.3397591432e-01
6.2627441154e-01 -9.3586583122e-01 -1.3437735750e+01
0 0 0
0 0 0
0 0 0
0 0 0
0 0 0
0 0 0
0 0 0
0 0 0
0 0 0
0 0 0
1.0966319860e+03 -1.9093798196e-02 2.6410039352e-01
9.9405687697e-01 -2.4297746800e-02 -1.0611571447e-01
8.5461919329e-02 7.7798762299e-01 6.2243997206e-01
6.7432823624e-02 -6.2780958735e-01 7.7544047891e-01
3.6006984999e-01 -3.0977976704e+00 -9.6936286556e+00
0 0 0
0 0 0
0 0 0
0 0 0
0 0 0
0 0 0
0 0 0
0 0 0
0 0 0
0 0 0
0 0 0
0 0 0
0 0 0
0 0 0
0 0 0
0 0 0
0 0 0
0 0 0
0 0 0
0 0 0
1.3568175456e+04 -3.9937505694e-01 -3.7133748210e-03
9.9966789885e-01 -7.3333911433e-04 -2.5759546080e-02
5.0371035805e-03 9.8587419794e-01 1.6741174818e-01
2.5272902248e-02 -1.6748590405e-01 9.8555048189e-01
-2.6346904895e+00 1.4282953004e+00 -3.5234812780e+01
0 0 0
0 0 0
0 0 0
0 0 0
0 0 0
0 0 0
0 0 0
0 0 0
0 0 0
0 0 0
-9.5706667332e+02 -1.2074128714e-02 1.3802139639e-03
9.9984575895e-01 4.1653384508e-03 1.7061895068e-02
-2.9894037854e-03 9.9765512610e-01 -6.8376259271e-02
-1.7306697337e-02 6.8314707951e-02 9.9751369861e-01
-8.0808160382e-02 3.0516913201e-01 2.2662426105e+00
0 0 0
0 0 0
0 0 0
0 0 0
0 0 0
0 0 0
0 0 0
0 0 0
0 0 0
0 0 0
2.6256016652e+03 -1.9719612766e-02 2.8164259334e-01
9.9565730553e-01 2.0619479800e-02 -9.0781975110e-02
5.3022723894e-02 6.7593040446e-01 7.3505556190e-01
7.6518760464e-02 -7.3667694777e-01 6.7190174424e-01
-3.9094411692e-02 -3.3836465966e+00 -7.9248588134e+00
0 0 0
0 0 0
0 0 0
0 0 0
0 0 0
0 0 0
0 0 0
0 0 0
0 0 0
0 0 0
0 0 0
0 0 0
0 0 0
0 0 0
0 0 0
0 0 0
0 0 0
0 0 0
0 0 0
0 0 0
0 0 0
0 0 0
0 0 0
0 0 0
0 0 0
0 0 0
0 0 0
0 0 0
0 0 0
0 0 0
0 0 0
0 0 0
0 0 0
0 0 0
0 0 0
2.0109837269e+03 2.3736912078e-02 -5.4875437727e-02
9.9881740616e-01 -1.3854867275e-02 4.6602916292e-02
1.6179763604e-04 9.5947857293e-01 2.8178154998e-01
-4.8618545593e-02 -2.8144077662e-01 9.5834614116e-01
-1.0499079028e-01 -1.5118186168e-01 -1.0787480426e+01
0 0 0
0 0 0
0 0 0
0 0 0
0 0 0
0 0 0
0 0 0
0 0 0
0 0 0
0 0 0
0 0 0
0 0 0
0 0 0
0 0 0
0 0 0
0 0 0
0 0 0
0 0 0
0 0 0
0 0 0
2.7763054841e+03 -4.3074361133e-01 -1.1088703037e-02
9.9178644566e-01 3.5030468317e-02 -1.2301427760e-01
-2.4721222277e-02 9.9612917326e-01 8.4353608954e-02
1.2549305707e-01 -8.0619702704e-02 9.8881340816e-01
7.2192039393e-01 2.8912026928e+00 -2.8664715384e+01
-2.1381671016e+03 5.5651560908e-02 -2.5546674613e-01
9.9780420217e-01 -2.6515712877e-03 6.6179629113e-02
2.7704621194e-02 9.2429361730e-01 -3.8067540371e-01
-6.0160020814e-02 3.8167299904e-01 9.2233751615e-01
-4.1089310502e-01 7.8495400072e-01 5.4932290105e+00
0 0 0
0 0 0
0 0 0
0 0 0
0 0 0
0 0 0
0 0 0
0 0 0
0 0 0
0 0 0
6.1692217918e+02 8.7795689425e-03 -1.1038016919e-01
9.9960609229e-01 8.6187844987e-03 -2.6709114721e-02
2.3832608025e-03 9.2217245220e-01 3.8677162315e-01
2.7963911089e-02 -3.8668292561e-01 9.2178866055e-01
-5.9120836065e-02 -1.1535984602e+00 -1.1115491402e+01
0 0 0
0 0 0
0 0 0
0 0 0
0 0 0
0 0 0
0 0 0
0 0 0
0 0 0
0 0 0
2.0688646773e+03 -2.8145741045e-03 8.1313543915e-02
9.9848974601e-01 -3.3513075029e-03 -5.4836081723e-02
3.5131445571e-02 8.0633392658e-01 5.9041627719e-01
4.2237526595e-02 -5.9145106947e-01 8.0523389383e-01
-1.8360408139e-01 -3.2296523197e+00 -1.0444619224e+01
1.6087881588e+00 2.5269778088e-01 3.0468344387e+00
58 55 62
5 36 99 283.1200 64.0500 53 60 359.6000 -25.9000 1 107 -95.9800 -134.5500 56 74 105.8500 15.0700 18 70 75.1200 23.0100
2.4504792314e+00 3.2400587344e+00 3.0959884271e+00
156 151 140
4 36 172 418.3900 568.1699 53 66 507.5900 608.6100 28 43 284.5000 187.3700 18 119 116.4300 167.2900
1.1660001227e-03 -7.9819160197e-01 -2.6083644479e+00
147 147 133
2 36 177 310.0500 760.2000 53 123 -446.5100 797.8300
1.6147040944e+00 6.7204497794e-01 3.0044128155e+00
196 188 177
6 36 248 285.8600 140.6699 53 150 355.2700 76.3700 1 243 -96.5400 -67.8200 28 104 232.1400 -83.6900 56 263 106.0200 44.5200 18 233 75.9200 44.3400
2.5387553113e+00 6.0056048339e+00 3.1187208238e+00
173 185 183
3 36 384 417.3600 997.8201 53 593 467.0601 1056.6201 18 260 117.2000 293.6000
-1.5077308948e+00 7.9023936295e-01 2.9756677715e+00
179 170 157
4 36 249 -278.7500 162.5400 53 151 -425.0600 83.2700 56 266 -115.3900 50.4800 18 234 -86.2500 48.1700
-1.9486070838e+00 1.3218342832e+00 2.9687816317e+00
198 191 181
9 36 360 -353.4900 253.8600 53 212 -524.5500 198.3600 1 351 -681.1300 24.2200 28 168 -253.6400 -49.3200 56 386 -143.5500 83.7400 8 352 -301.5000 114.6600 14 208 -350.5700 20.7300 18 306 -107.3400 73.6000 25 329 -240.0000 126.0300
1.4318562592e+00 1.1075268349e+00 3.0125431884e+00
137 123 113
6 36 353 252.4000 215.9500 53 211 303.2900 173.4900 47 296 351.4600 427.5400 56 270 91.2200 72.8300 14 160 295.2100 -4.0500 18 238 65.3400 66.0500
-1.8233133398e-01 -1.2917455973e+00 2.9561333420e+00
176 164 148
6 36 445 -36.1500 -221.6500 53 194 -111.7100 -425.1600 28 94 -17.4300 -378.4400 52 176 15.7800 199.4700 56 342 -25.7600 -94.4900 25 303 -110.0900 -134.0600
2.2259825297e+00 -1.1580137961e+00 2.9437158856e+00
115 99 83
7 36 640 413.0000 -200.6300 53 288 563.9800 -378.2500 52 238 275.6200 209.3200 56 345 163.3700 -84.1600 8 463 398.6400 -280.7800 18 392 109.8800 -53.0900 33 90 -205.5500 335.4299
2.2977054068e+00 -1.2815568428e+00 2.9483924714e+00
203 197 184
6 36 636 425.4100 -222.6801 53 431 587.4399 -412.4000 52 359 281.1300 196.6100 8 454 412.1899 -303.7800 18 600 113.6700 -59.4600 33 164 -173.8300 283.8900
-2.0076337607e+00 -1.1585752598e+00 2.9303260204e+00
103 89 76
7 36 644 -375.0100 -194.7500 53 432 -607.3100 -395.9000 52 375 -176.5800 217.6600 56 495 -164.6800 -83.7300 8 724 -340.6700 -292.8900 18 607 -114.2100 -53.1700 25 589 -286.0700 -127.3800
-2.3688231317e+00 9.2953463609e-01 3.0166509131e+00
134 127 109
2 36 713 -426.6800 184.0801 53 501 -628.5300 104.4200
-1.4733229425e+00 1.0168906440e+00 2.9659270704e+00
139 130 117
5 36 717 -271.5900 202.3101 53 504 -414.5400 135.1400 28 225 -194.4100 -78.7400 8 815 -229.4600 71.1600 18 676 -84.0700 59.6100
2.4230344791e+00 1.4606139279e+00 3.0301789857e+00
171 161 153
6 36 731 428.3000 275.2500 53 514 542.8500 258.8401 1 817 33.8700 55.7300 56 804 160.1300 95.3500 59 377 487.2400 -42.0000 18 682 118.1900 84.0200
-1.5715115794e+00 2.3300139144e+00 2.9979441751e+00
17 14 17
5 36 764 -280.2100 427.2800 53 365 -413.6500 405.5701 59 241 -420.7100 79.8700 8 572 -232.8800 273.8700 18 480 -86.2800 122.9300
-2.2725418112e+00 2.5215539190e+00 3.0210395331e+00
169 168 160
4 36 769 -397.9400 453.2300 53 538 -567.0500 437.1400 18 487 -119.7200 130.0800 25 452 -255.2000 231.1900
-1.8587925382e+00 2.4993609283e+00 2.9789108067e+00
174 170 159
4 36 772 -328.2900 455.0901 53 540 -478.3500 440.7900 8 577 -275.9300 295.0701 18 486 -100.3700 130.8400
-1.8661253432e+00 2.5057774801e+00 2.9948447444e+00
174 170 159
4 36 773 -328.2900 455.0901 53 541 -478.3500 440.7900 8 578 -275.9300 295.0701 25 456 -222.5200 237.1900
-1.4806821331e+00 2.4932213763e+00 2.9965143726e+00
176 170 159
6 36 503 -261.8700 453.7900 53 368 -391.1400 440.0601 56 557 -105.6900 152.8900 8 580 -216.7600 299.4000 14 302 -250.6900 226.8101 18 485 -81.3700 130.8000
1.2948391324e+00 -2.1805861845e+00 2.9367791010e+00
92 72 56
8 36 1457 240.9000 -391.8400 53 667 319.8400 -679.4200 56 694 93.3600 -165.2500 8 676 225.6200 -471.5500 14 569 259.8101 -674.4600 11 89 715.9500 -466.1899 25 416 52.9300 -241.2900 33 245 -603.8300 -95.0100
-1.7537943141e+00 -1.2659522671e+00 2.9211581348e+00
193 184 175
4 36 638 -329.0700 -214.7000 53 429 -543.0500 -424.4800 52 361 -150.4400 205.8100 18 601 -101.8000 -58.5700
-8.7784806556e-01 -8.9584867593e-01 2.8982451304e+00
179 167 153
2 36 1020 -165.0100 -146.5699 53 451 -301.1400 -318.3199
3.7864661340e-01 -8.5963943718e-01 2.9637524417e+00
174 161 145
9 36 1023 66.9700 -140.4700 53 452 44.2500 -304.8900 28 312 70.0200 -300.8700 52 634 75.5500 245.1000 56 715 17.6800 -60.2800 59 291 9.2400 -592.7600 18 949 10.2800 -36.6900 25 604 -44.4600 -80.3400 33 283 -980.9700 452.1300
5.8329078738e-01 -7.5479394149e-01 2.9605780585e+00
192 185 169
9 36 1037 104.9000 -121.6200 53 723 99.1600 -275.8400 28 324 102.0900 -283.0600 52 651 97.8200 256.0000 56 727 33.6300 -53.0200 59 295 65.0000 -562.9000 8 1123 100.1801 -214.7600 18 962 21.4300 -31.5700 33 292 -894.9100 495.5100
-1.7743788715e+00 2.9272965256e-01 3.0669104447e+00
95 81 69
2 36 1634 -327.0300 71.0200 53 784 -491.7500 -41.6400
-2.1547247290e+00 6.4381460609e-01 2.9229746101e+00
105 89 73
5 36 1668 -400.3100 140.1799 53 803 -591.0400 47.5800 56 784 -162.3000 41.0900 18 1047 -120.0700 41.1400 25 1015 -261.9000 58.1100
-2.0682154137e+00 7.1030378635e-01 2.9343415784e+00
194 188 177
6 36 1106 -382.0500 150.7300 53 806 -567.9900 63.5400 28 563 -277.4000 -122.4500 56 785 -155.8600 45.7200 18 1053 -115.2200 44.0700 25 1018 -255.0200 64.7500
-1.2680915025e+00 1.3316447780e+00 2.9812153038e+00
181 172 157
7 36 1124 -231.8000 256.2600 53 823 -359.8800 204.5801 1 1249 -571.7100 28.4500 28 575 -164.9700 -41.1300 56 1212 -96.1800 84.5800 14 718 -224.9800 24.3900 18 1068 -72.7100 74.6600
1.4860375361e+00 1.2733766914e+00 3.0743300956e+00
170 155 136
2 36 1122 259.2200 241.1599 53 822 312.0699 204.2900
-2.0728892313e+00 2.5900283594e+00 2.9895444430e+00
38 33 27
6 36 1205 -364.7200 470.2200 53 897 -522.6500 455.4500 8 1295 -307.9700 306.4500 14 756 -353.9600 238.0300 18 1141 -110.1500 134.7200 25 1092 -237.4500 240.8300
1.5344610669e+00 2.2382572469e+00 3.0548877602e+00
37 30 31
5 36 1160 264.7100 409.9700 53 534 310.5300 407.7500 8 865 274.5601 298.0901 14 744 315.3600 203.2600 18 703 70.3600 121.9100
-1.6801808642e+00 2.5781602332e+00 2.9953228330e+00
37 29 26
5 36 1199 -296.0900 468.0200 53 890 -433.7900 456.2000 8 1298 -248.1900 309.1899 14 762 -284.3000 239.0000 25 1097 -204.1400 246.6400
-1.6844922771e+00 2.5939537890e+00 3.0155077474e+00
37 29 26
3 36 1200 -296.0900 468.0200 53 891 -433.7900 456.2000 25 1098 -204.1400 246.6400
-1.6806914949e+00 2.5821149213e+00 2.9999799986e+00
37 29 26
4 36 1201 -296.0900 468.0200 53 893 -433.7900 456.2000 8 1299 -248.1900 309.1899 25 1099 -204.1400 246.6400
1.7803514724e+00 2.4396206101e+00 3.0483496031e+00
49 42 30
7 36 1178 308.4600 442.6000 53 880 366.5800 452.6599 28 657 219.1600 106.4000 56 839 110.8300 151.9300 8 882 316.3199 330.5500 18 1135 83.2300 131.5500 39 363 524.0300 209.3600
2.1151354052e+00 2.4271263026e+00 3.0525878088e+00
48 39 32
9 36 1175 367.9900 440.0000 53 879 446.2400 453.0500 1 866 -19.4100 200.2500 28 659 261.7500 109.7200 56 838 133.5300 151.5300 59 415 387.5601 132.5200 8 884 374.0300 332.8700 18 713 100.2800 131.2400 39 365 643.7500 215.7500
2.7025220125e+00 2.5465133024e+00 3.0429425108e+00
196 191 185
4 36 771 471.8700 455.9800 53 547 582.8101 487.8101 56 851 173.0500 161.1400 18 721 129.7500 136.2200
-1.3304987131e+00 5.2571510392e+00 3.0784526298e+00
142 138 131
4 36 820 -222.2100 884.4299 53 963 -317.5300 911.8000 56 885 -84.7200 289.8500 18 790 -69.0800 254.3700
-2.0728866497e+00 5.3615766404e+00 3.0439848115e+00
154 146 143
2 36 1264 -346.1400 903.0500 53 964 -466.5800 924.2900
2.2430311638e+00 5.1378774359e+00 3.1106458958e+00
146 138 132
3 36 1854 374.0800 869.1200 53 1467 423.3500 924.5500 28 1040 224.8600 321.6000
2.5390926793e+00 6.1489260238e+00 3.1362794183e+00
159 163 163
3 36 1881 414.8400 1018.6201 53 2255 464.3900 1071.0000 18 1212 116.7900 299.9300
1.2898228356e+00 -2.3350555994e+00 2.9174731006e+00
118 101 89
7 36 2122 242.4301 -423.5400 53 659 320.8800 -728.3500 52 926 171.9300 82.9800 8 1010 225.9800 -498.9301 14 899 259.2100 -705.7800 25 863 51.2900 -261.3700 33 239 -606.1600 -162.3100
1.3349466809e+00 -2.1068435812e+00 2.9475303902e+00
194 186 184
9 36 1463 249.7300 -379.4200 53 672 330.1500 -656.4301 52 577 177.3600 108.3500 56 1038 97.1700 -160.1200 8 680 236.1700 -457.4200 14 571 268.8800 -656.0800 18 902 62.4000 -104.2500 11 147 736.3300 -416.4000 33 248 -587.7400 -62.1700
2.7524439144e+00 -2.0997368740e+00 2.9346392946e+00
182 178 168
6 36 1461 516.4200 -381.1000 53 675 751.3000 -650.6899 52 941 330.3900 106.0600 56 1037 213.9300 -160.1300 18 1414 139.8100 -104.2800 33 398 16.3700 -56.3300
5.8278563845e-01 -1.3891879828e+00 2.9501315377e+00
208 201 191
8 36 1492 105.1300 -240.9500 53 683 102.7100 -449.4399 1 1078 -280.8600 -417.3900 28 287 112.5100 -386.8700 52 588 96.7900 187.6600 8 1064 98.0800 -326.6100 18 916 21.5400 -65.4200 33 413 -898.1200 234.8800
-1.8356486415e+00 -1.3247482083e+00 2.9336661045e+00
120 99 85
6 36 1496 -343.8500 -225.7300 53 685 -565.5400 -441.5200 52 977 -158.9500 199.9600 56 1050 -153.6800 -97.0700 18 1428 -106.2200 -61.7200 25 890 -272.1400 -145.2300
-5.5000145774e-01 -1.2545965741e+00 2.9200857559e+00
180 172 153
3 36 2193 -105.7300 -213.7800 53 1110 -214.1800 -415.9100 52 982 -23.9700 204.2600
3.6598171929e-01 -1.2676139368e+00 2.9582900038e+00
194 187 176
6 36 2187 65.3900 -218.8500 53 1109 42.0600 -416.6100 52 976 73.6300 200.9100 56 1051 17.3200 -92.5200 8 1075 59.4700 -305.1801 33 268 -989.6400 285.8201
6.3695228593e-01 -1.2534989538e+00 2.9577717335e+00
193 189 179
6 36 1498 115.9400 -215.3000 53 686 117.2600 -411.6400 28 460 118.7400 -363.2200 52 981 103.3700 202.2800 8 1077 107.4200 -302.0500 33 269 -875.7900 291.4200
-2.5880424325e+00 -9.6325945077e-01 2.9098977055e+00
171 157 144
7 36 1545 -481.1800 -156.4100 53 692 -756.6800 -345.0300 52 631 -236.2000 240.1700 56 1089 -207.8500 -69.1500 8 1090 -431.8500 -261.0900 14 931 -506.1200 -413.6300 18 934 -144.3400 -42.8500
-2.5919543964e+00 -9.6040069432e-01 2.9189857409e+00
171 157 144
6 36 1546 -481.1800 -156.4100 53 693 -756.6800 -345.0300 52 632 -236.2000 240.1700 56 1090 -207.8500 -69.1500 8 1091 -431.8500 -261.0900 18 935 -144.3400 -42.8500
-2.3818830013e+00 -9.5122741672e-01 2.9276222229e+00
159 147 132
7 36 1014 -442.4500 -154.7800 53 697 -700.4400 -342.1899 52 629 -214.3300 240.0700 56 1092 -192.3700 -68.3600 8 1093 -397.3700 -258.4399 18 933 -133.6600 -42.3400 25 1444 -316.1900 -107.8900
-2.1650064432e+00 -9.5173891614e-01 2.9258958201e+00
167 152 139
4 36 1544 -403.0800 -155.9600 53 695 -643.2600 -341.4399 52 627 -192.0000 239.4000 56 706 -176.0400 -68.2300
2.9818013540e+00 -1.0658620024e+00 2.9479615091e+00
219 219 216
5 36 1511 552.2300 -184.0500 53 1164 776.2200 -347.3800 52 987 355.9100 218.8700 56 1061 222.9500 -76.0400 18 1451 150.6200 -48.1200
-6.7314855764e-01 -9.2786153785e-01 2.9584209005e+00
168 158 144
4 36 1550 -126.1400 -153.3600 53 700 -241.8400 -327.9000 56 707 -62.5600 -66.2200 25 911 -156.4100 -96.1200
-1.9465385351e+00 -8.6469286247e-01 2.9153279652e+00
171 157 144
6 36 1024 -363.1900 -138.7800 53 709 -583.8500 -316.5300 52 386 -169.4700 248.4600 56 713 -159.2800 -61.2900 14 599 -383.4800 -394.8900 18 619 -111.2400 -37.8400
-1.9465385351e+00 -8.6469286247e-01 2.9153279652e+00
171 157 144
6 36 1025 -363.1900 -138.7800 53 710 -583.8500 -316.5300 52 387 -169.4700 248.4600 56 714 -159.2800 -61.2900 14 600 -383.4800 -394.8900 18 620 -111.2400 -37.8400
5.8393971820e-01 -9.0793838026e-01 2.9481457433e+00
185 172 156
12 36 1015 104.5400 -150.7200 53 449 99.3700 -318.2700 28 307 103.1300 -306.5800 52 625 96.9400 239.7400 56 709 33.3600 -64.5900 59 286 64.3101 -604.9301 8 1105 99.8900 -242.7500 14 598 113.3700 -404.4700 18 942 21.3000 -39.9300 11 165 200.5000 237.7500 25 926 -22.5000 -84.8700 33 280 -896.6700 430.5100
-1.3221599472e+00 -8.3419660647e-01 2.9238799481e+00
183 175 157
5 36 1558 -247.9900 -135.2000 53 713 -416.2100 -305.4500 52 639 -104.2400 250.2600 56 1104 -112.1200 -59.7900 18 951 -78.9300 -36.0400
-2.1693354318e+00 -8.1280445846e-01 2.9360067824e+00
173 163 153
5 36 1561 -401.9300 -129.9301 53 715 -639.7500 -305.5300 52 647 -191.6500 254.3100 56 1108 -175.2000 -57.5700 18 954 -122.2900 -34.9400
-6.6543971847e-01 -8.3567109064e-01 2.9197226825e+00
174 167 156
3 36 1556 -125.8500 -135.2100 53 716 -241.3400 -302.7200 52 637 -34.9700 249.2900
2.2138839433e+00 -9.1903471500e-01 2.9414913315e+00
195 185 173
8 36 1547 407.5100 -154.4700 53 711 553.1400 -311.0300 52 619 272.4700 235.9300 56 1102 160.5800 -64.7100 8 1107 396.7400 -239.0200 14 594 454.5400 -407.9399 18 941 109.0100 -40.2100 33 281 -207.5200 433.1200
-8.7690193305e-01 -7.1051200381e-01 2.9240118329e+00
190 180 168
4 36 1573 -163.4600 -112.4200 53 733 -297.0400 -270.8400 52 662 -55.9700 262.4700 56 1121 -78.0700 -49.7400
7.7618138123e-01 -7.5568032649e-01 2.9756517636e+00
195 188 177
9 36 1036 139.8700 -121.2900 53 729 150.6800 -274.4000 28 327 132.7400 -281.3500 52 649 118.0300 256.1900 56 725 48.2000 -53.1300 8 755 133.6500 -213.1700 18 960 31.3900 -31.5500 11 172 304.5000 314.2200 33 300 -815.0800 497.6700
2.0112958974e+00 -7.4961525490e-01 2.9534023743e+00
193 185 172
5 36 1565 368.5500 -122.1000 53 736 491.3101 -267.7300 52 644 250.4000 254.7500 18 964 97.6000 -31.0300 33 302 -293.9500 503.4700
-1.7542480226e+00 5.7986108030e-01 2.9661975579e+00
194 188 178
4 36 1657 -324.8700 125.9900 53 1298 -490.2300 34.1600 56 1194 -133.8700 36.5800 18 1573 -99.0100 37.3900
-2.1331165903e+00 9.3811080395e-01 2.9510642427e+00
195 188 178
6 36 1115 -391.3700 190.1200 53 815 -577.0600 112.4700 56 789 -158.3100 59.3600 59 361 -588.6900 -191.1600 8 1218 -335.1000 53.9300 25 1035 -258.3800 85.9600
-2.1334402332e+00 9.3940043628e-01 2.9523604833e+00
195 188 178
7 36 1116 -391.3700 190.1200 53 816 -577.0600 112.4700 56 790 -158.3100 59.3600 59 362 -588.6900 -191.1600 8 1219 -335.1000 53.9300 14 708 -390.3700 -50.2900 25 1036 -258.3800 85.9600
-2.2999397234e+00 1.0897387082e+00 2.9517048142e+00
200 192 182
3 36 1691 -418.3200 215.7300 53 1317 -613.7800 146.7000 1 1245 -743.0300 -11.1500
-2.2983773215e+00 1.0954264784e+00 2.9552127906e+00
200 192 182
6 36 1692 -418.3200 215.7300 53 1318 -613.7800 146.7000 1 1246 -743.0300 -11.1500 8 1789 -358.5200 78.0700 18 1592 -124.2700 63.5600 25 1620 -271.7500 100.6600
-1.3837028815e+00 1.0830715639e+00 2.9734476234e+00
193 185 178
7 36 1690 -253.9900 212.7400 53 819 -392.6600 150.2000 1 1243 -593.4100 -10.3700 28 570 -182.0400 -69.9400 56 1209 -105.5500 69.4300 59 582 -408.6000 -152.8600 18 1062 -79.1200 62.5400
1.5792656784e+00 1.0004379965e+00 3.0033838314e+00
202 193 176
5 36 1683 279.3500 198.8401 53 1319 341.0300 151.5701 28 907 221.0900 -44.4200 56 1809 102.7300 66.0200 18 1586 74.0700 61.2000
1.5814892857e+00 1.0077411568e+00 2.9939633901e+00
202 193 176
8 36 1684 279.3500 198.8401 53 1320 341.0300 151.5701 28 908 221.0900 -44.4200 56 1810 102.7300 66.0200 8 1799 285.1600 98.6800 14 1036 326.6400 -18.7600 18 1587 74.0700 61.2000 39 937 514.2500 -171.3900
-2.3631882474e+00 2.4482178931e+00 2.9865432627e+00
38 28 27
6 36 1183 -417.3800 446.2000 53 864 -591.4500 424.6599 8 1273 -353.2000 282.1100 14 746 -407.0500 213.5000 18 1124 -124.9300 127.7900 25 1678 -263.0700 223.0900
-2.4570176037e+00 2.4804531760e+00 2.9813579013e+00
178 170 159
6 36 1189 -432.9200 452.1899 53 1381 -612.0900 431.4000 8 1278 -367.4500 284.9399 14 1087 -422.9100 217.4700 18 1130 -129.2700 128.9400 25 1680 -270.6900 224.5500
-2.0653658884e+00 2.4659783497e+00 2.9901770884e+00
201 193 184
6 36 1187 -364.7400 449.5601 53 873 -523.5200 430.7500 56 1261 -143.5800 150.7300 8 1280 -307.6100 286.9900 18 1129 -110.2300 128.6600 25 1686 -238.0000 229.2600
-1.3712532718e+00 2.4270611719e+00 2.9945745981e+00
61 48 42
3 36 1750 -244.5500 442.0300 53 1378 -366.4800 428.7800 8 1865 -201.6100 290.7500
-1.6688732931e+00 2.4498923671e+00 2.9909549727e+00
189 185 174
6 36 1184 -295.6200 446.4900 53 872 -433.9900 431.8301 8 1281 -247.2300 289.7800 14 751 -283.5300 217.6300 18 1128 -90.7400 128.3100 25 1088 -204.3500 235.2000
1.8636857111e+00 2.2730638834e+00 3.0509749196e+00
77 68 61
4 36 1738 322.5601 415.6200 53 1375 387.9700 418.9600 56 1875 116.7200 142.3100 8 1290 332.0500 305.6300
-1.5956407222e+00 2.6887242941e+00 3.0250684055e+00
156 147 138
4 36 1774 -279.2400 482.0500 53 1397 -411.7700 475.3101 18 1145 -86.1300 138.6300 25 1114 -196.8300 256.6800
-1.5956407222e+00 2.6887242941e+00 3.0250684055e+00
156 147 138
4 36 1775 -279.2400 482.0500 53 1398 -411.7700 475.3101 18 1146 -86.1300 138.6300 25 1115 -196.8300 256.6800
-8.5851348904e-01 2.4096699311e+00 2.5927697201e+00
148 140 127
3 36 1771 -164.0700 478.3600 53 1401 -269.8400 485.6500 18 1144 -54.3700 138.1400
-1.8040842414e+00 5.3978902709e+00 3.0414475182e+00
180 173 167
2 36 1865 -301.7100 910.4500 53 1472 -412.3600 933.0901
4.7886721606e-01 -2.5471762283e+00 3.0040721762e+00
157 144 127
4 36 1434 77.3300 -459.8101 53 1055 83.8300 -795.7100 52 921 79.8000 63.9800 56 1025 26.9400 -197.4800
-1.3222805987e+00 -1.5235953445e+00 2.9199093010e+00
202 197 191
4 36 2174 -251.3500 -263.4100 53 1094 -430.7800 -494.9100 52 1570 -106.5900 177.3200 14 1357 -272.4800 -525.8800
-4.0696240445e-01 -1.3392680643e+00 2.9488129368e+00
209 202 194
8 36 1495 -78.7100 -230.0300 53 1103 -173.9900 -439.0000 28 455 -54.4400 -389.4500 52 973 -8.3100 195.0700 56 1048 -42.9600 -97.8600 14 920 -88.8000 -490.4100 18 1427 -31.3700 -62.6700 25 1410 -133.7300 -140.7700
-2.1719493356e+00 -7.1371192658e-01 2.9213006389e+00
173 163 153
6 36 1575 -402.4500 -111.3101 53 1176 -639.0000 -278.4301 52 664 -191.6900 264.9400 56 1118 -174.7100 -50.7700 8 1637 -361.1600 -218.3600 18 1481 -122.3400 -29.7400
2.7717400593e+00 -8.1769587729e-01 2.9491113619e+00
89 74 56
8 36 2232 511.1700 -136.4700 53 1172 708.3600 -281.2900 52 1615 332.7600 246.8600 56 1653 204.0500 -57.1300 8 1639 499.5100 -217.1200 18 2237 139.0700 -34.8000 25 1517 247.5300 -56.9500 33 643 25.9900 477.2400
6.2876621410e-01 -6.8398693197e-01 2.9603152030e+00
73 53 42
8 36 2247 112.7400 -108.7900 53 1191 110.8600 -257.5699 28 791 108.6500 -272.4400 52 1049 102.5300 263.4700 56 1673 37.1100 -48.1300 59 522 76.7100 -544.8800 18 2246 23.5300 -27.7800 33 448 -875.5800 525.7200
2.6715938067e+00 -7.0945247573e-01 2.9534276444e+00
50 35 28
7 36 2238 491.8400 -115.8400 53 1196 676.1600 -253.3300 52 1045 322.2500 258.4500 56 1119 195.4400 -49.4300 8 1665 480.5601 -197.4800 18 1485 133.5900 -28.7200 25 958 234.4300 -43.0900
1.9129514810e+00 -6.3434859852e-01 2.9514211868e+00
177 163 144
7 36 2265 350.8400 -101.8400 53 1216 462.9800 -237.2400 52 1057 240.5900 266.9500 56 1695 136.0600 -43.8900 8 1696 338.5699 -187.3600 18 1507 92.6200 -25.0500 33 666 -335.9500 550.7500
6.1410239149e-01 -6.1593435180e-01 2.9453880776e+00
45 25 19
5 36 3368 111.1900 -96.6801 53 1832 106.5800 -239.2400 52 1665 101.9500 270.2000 56 1712 36.0400 -42.8800 33 459 -881.8300 553.9500
-8.7775441574e-01 5.2236922222e-01 2.8014950879e+00
106 97 93
3 36 2375 -165.9400 119.4500 53 1940 -286.4200 45.4500 18 2381 -55.2800 36.3400
-8.7775441574e-01 5.2236922222e-01 2.8014950879e+00
106 97 93
3 36 2376 -165.9400 119.4500 53 1941 -286.4200 45.4500 18 2382 -55.2800 36.3400
-2.3578876338e-01 5.4723328385e-01 3.2397544291e+00
189 182 174
2 36 2368 -48.6900 108.0000 53 1928 -103.6600 13.1500
-2.4383762171e+00 1.0898701972e+00 2.9568045017e+00
186 178 167
5 36 2408 -443.3000 215.9900 53 1975 -646.1700 144.3101 28 891 -318.6100 -81.6200 56 1813 -177.7900 69.0000 18 1590 -132.1500 62.4400
-1.2388696462e+00 1.0673103677e+00 2.9754454588e+00
174 166 155
7 36 1686 -229.1300 210.0300 53 1316 -357.3200 146.8600 1 1842 -569.3100 -12.4900 28 893 -162.8500 -70.9200 56 1812 -95.5000 68.2500 14 1033 -221.7500 -21.9399 18 1589 -71.8800 61.9700
-2.5130863823e+00 1.2290575462e+00 2.9555526629e+00
178 166 152
6 36 1701 -456.2900 239.8800 53 1322 -660.2200 174.1000 1 1852 -775.2900 10.3600 28 896 -325.5800 -66.9500 56 1827 -181.8500 77.5600 18 1602 -135.9900 69.1600
-2.3592619403e+00 1.2247598621e+00 2.9584953070e+00
183 174 163
6 36 1700 -428.2700 238.9399 53 1989 -623.7400 174.5300 1 1851 -750.8900 9.6400 28 898 -306.0000 -65.5600 56 1826 -171.3300 77.4000 18 1600 -128.1400 69.0600
1.4557461592e+00 9.8144921180e-01 2.9922012349e+00
189 179 170
6 36 2400 255.3900 195.4500 53 1976 309.5300 146.4900 28 904 203.8200 -48.2300 56 1807 93.7200 64.8700 8 1793 263.8700 93.3600 39 935 465.7000 -180.1600
1.5151608780e+00 1.0192037132e+00 2.9924634035e+00
103 87 70
7 36 2404 265.6700 201.9900 53 1980 323.9301 155.7200 28 909 211.3600 -43.0100 56 1811 97.7600 67.3600 8 1800 273.6899 99.6800 18 1588 70.3300 61.8600 39 943 488.5400 -168.0400
-1.7899600147e+00 1.2801306083e+00 2.9688072994e+00
201 191 182
7 36 2419 -326.1800 247.5100 53 1994 -486.5300 190.1200 28 1331 -233.1100 -52.7800 56 2744 -132.4900 81.2800 8 2572 -277.4600 108.9000 14 2493 -320.8700 13.6400 25 2386 -226.5300 123.2200
-5.4206151655e-01 1.2448216933e+00 2.9866071835e+00
182 172 162
6 36 2417 -103.9700 240.8201 53 1992 -184.9900 189.8201 47 2023 -128.8700 461.5000 8 1809 -77.3000 115.4000 18 1607 -36.3800 71.2300 25 2391 -108.8300 137.7100
1.5376147207e+00 1.1296846919e+00 3.0369523863e+00
180 171 154
5 36 2411 268.6600 219.3201 53 1325 326.8600 176.5200 56 1820 98.9100 73.3200 8 1811 275.9399 117.2700 18 1595 71.3000 66.9800
-2.4199270426e-01 1.3173666221e+00 2.9930292605e+00
179 173 162
4 36 2422 -48.5500 253.8301 53 1997 -111.6100 208.3301 1 2745 -403.7200 28.3700 59 894 -139.4200 -95.9000
-1.4135749997e+00 2.1021724512e+00 3.1223989166e+00
29 19 19
3 36 2446 -249.9800 378.2700 53 2037 -372.3500 346.4500 18 1634 -77.2800 109.4900
-2.3810676504e+00 2.6922520816e+00 2.9951403812e+00
160 153 145
5 36 2512 -415.9500 485.2000 53 2103 -588.7300 473.0500 8 1887 -354.4800 316.5801 18 1685 -124.9100 138.7500 25 2488 -262.5200 243.7200
-1.3596911778e+00 2.5851054388e+00 2.8881215723e+00
163 156 146
3 36 1772 -245.3500 479.3600 53 2101 -368.6500 473.8000 18 1681 -76.5400 137.9100
1.9504337372e+00 4.9651345914e+00 3.0586566802e+00
183 184 176
2 36 2639 327.0800 851.5400 53 2209 365.7900 902.3101
1.7554156396e+00 5.0734658454e+00 3.0972075675e+00
179 172 166
7 36 2644 293.0900 861.8600 53 2212 322.7900 911.5801 47 2197 370.7700 1207.3301 56 1979 100.0300 285.4000 8 2030 307.7900 722.5300 14 1834 356.8500 681.6799 18 1783 79.9500 252.6400
2.3605909948e+00 -1.4045795874e+00 2.9442992547e+00
187 173 161
6 36 91 437.7500 -247.0000 53 37 611.1100 -447.1801 52 57 288.2200 182.8300 8 59 425.5601 -324.5100 18 101 116.8700 -65.8500 33 18 -148.8100 232.4800
1.9012068084e+00 1.9419498999e+00 3.1628582859e+00
165 155 145
3 36 163 326.7700 351.2800 53 111 400.0400 337.1699 18 114 88.7200 105.1400
1.9033163348e+00 1.9465605292e+00 3.1709582323e+00
165 155 145
2 36 164 326.7700 351.2800 53 112 400.0400 337.1699
2.1236176035e+00 -2.6611846740e+00 2.9620258178e+00
10 8 11
4 36 229 396.0800 -486.4500 53 92 577.2500 -828.2900 56 167 163.3900 -208.1500 18 147 107.2300 -135.0700
-1.8301906577e+00 5.4451498057e-01 2.9339288935e+00
144 137 127
8 36 155 -339.0700 120.5801 53 146 -512.8900 28.4500 1 179 -672.0000 -95.9900 28 100 -248.8800 -140.0000 56 185 -140.5200 34.6600 59 82 -532.0900 -274.1600 18 157 -103.7200 35.1800 25 322 -236.0600 49.4100
2.1649189381e+00 1.1297152027e+00 3.0179212319e+00
194 186 173
9 36 252 380.8300 219.6500 53 154 484.4900 184.3301 1 248 -9.1600 4.4900 28 112 299.1200 -21.7500 56 269 143.5800 74.3500 8 246 389.0400 121.6400 14 117 441.5500 3.1400 18 239 103.6300 67.3400 39 46 748.2200 -116.4900
1.7043046255e+00 1.1513952378e+00 3.0043446109e+00
184 177 161
9 36 253 302.5900 223.0500 53 155 370.3101 184.1599 1 251 -83.0100 5.7900 28 111 235.0700 -26.1200 47 236 414.8600 437.3500 56 271 110.9000 75.0700 8 247 306.8900 122.0600 14 161 349.3101 7.0701 39 76 556.7100 -123.7700
-1.5925883258e+00 -2.6119821896e+00 2.9118012094e+00
73 56 45
5 36 428 -317.6000 -470.3500 53 189 -525.4700 -819.9900 1 303 -669.8800 -636.7000 52 169 -142.1000 61.6900 18 281 -97.7600 -130.2000
2.5343432195e+00 -1.6838711592e+00 2.9515189492e+00
185 175 165
5 36 336 471.0800 -298.5400 53 193 668.6700 -526.6300 52 174 306.3000 152.4700 8 319 458.4600 -377.0100 33 65 -74.0900 116.0400
1.9200096629e+00 4.2405294809e-01 3.0074270011e+00
201 194 183
7 36 348 341.7000 95.5400 53 203 437.7900 20.1400 1 342 -46.3800 -106.6800 28 162 282.8500 -112.3300 56 380 129.0200 27.9200 14 281 396.5500 -132.6000 18 301 92.0100 31.5300
2.5034260619e+00 -9.5840907284e-01 2.9334175827e+00
166 150 135
4 36 648 462.6200 -162.1100 53 296 638.3000 -320.2700 52 241 304.2000 231.4100 18 395 124.7500 -42.1000
-4.0106100696e-02 -5.8461113396e-01 2.9256067095e+00
49 31 24
3 36 667 -9.7600 -89.6300 53 314 -71.2500 -233.5800 56 358 -14.1300 -40.3400
2.8656566577e+00 -3.1966226857e-01 2.9672214544e+00
123 108 91
4 36 682 522.6500 -45.1200 53 333 715.8800 -149.3500 56 518 206.4700 -20.6400 18 430 143.0400 -7.7100
-1.3285574880e+00 6.9487286665e-01 2.9572428647e+00
186 176 165
6 36 701 -248.0400 145.0400 53 340 -385.4200 64.4399 1 528 -587.9000 -69.7200 28 222 -176.7200 -115.4600 56 530 -103.5200 44.7900 18 439 -77.3200 43.8500
1.0230676970e+00 -2.5791015382e+00 2.9447598249e+00
87 69 56
7 36 953 187.0601 -470.5100 53 417 241.1300 -805.4900 52 564 140.6900 57.9500 56 681 71.3900 -200.9000 14 351 201.3500 -759.6100 18 884 45.0300 -129.8900 33 377 -716.4800 -260.6600
2.7780479543e+00 -1.9723825296e+00 2.9385475394e+00
195 190 184
3 36 973 519.6600 -355.7900 53 424 752.4000 -610.7000 52 349 332.8300 120.6700
-1.2723644648e+00 -1.1594301496e+00 2.9176102245e+00
108 97 84
5 36 1003 -239.8200 -195.1300 53 435 -410.6300 -393.1000 52 372 -98.8200 215.9300 56 490 -109.5800 -84.0300 18 611 -76.9700 -52.9700
1.6763053200e+00 -1.1672833027e+00 2.9312740158e+00
112 96 82
5 36 995 309.8400 -200.0900 53 443 409.2200 -382.5900 1 743 -90.6400 -375.9800 56 702 120.5600 -84.4100 18 919 80.3800 -53.4000
1.5483690362e+00 -1.1666913104e+00 2.9378455943e+00
116 99 83
6 36 997 285.9301 -199.9100 53 441 372.4600 -383.7100 1 744 -113.4800 -377.1899 52 363 202.0500 209.9700 18 604 73.4200 -53.4800 33 165 -490.2800 329.5000
8.2833064225e-01 -1.1456828586e+00 2.9599345086e+00
105 92 79
4 36 999 152.2100 -196.0500 53 445 169.4300 -381.2700 28 295 149.3200 -341.9800 11 94 348.6100 125.9600
-8.8132800541e-01 -8.9288960869e-01 2.9146076506e+00
179 167 153
4 36 1019 -165.0100 -146.5699 53 450 -301.1400 -318.3199 52 382 -57.3000 242.7100 56 710 -79.3700 -63.2000
2.8403141182e+00 -7.5381543846e-01 2.9464711579e+00
195 187 174
7 36 1031 523.6600 -124.5100 53 739 724.6700 -262.7700 52 388 340.5300 253.1300 56 731 209.0300 -52.3100 8 760 512.6899 -205.6899 18 624 142.7400 -31.2500 33 181 55.0900 502.6799
-1.8968411565e+00 5.8450610447e-01 2.9284059392e+00
203 196 190
5 36 1100 -353.0000 129.3700 53 799 -528.9900 35.8101 56 780 -144.4600 37.3100 18 1046 -106.8900 37.8900 25 1010 -241.0800 54.6700
1.7821333019e+00 2.0353041768e+00 3.0170006785e+00
186 178 168
5 36 760 310.1000 378.4500 53 531 373.3500 372.6799 14 428 366.6100 171.0300 18 699 83.2900 112.8000 39 189 544.2200 107.6400
-2.4656394132e+00 2.6167861578e+00 2.9798844854e+00
30 27 22
3 36 1210 -433.1400 474.4900 53 900 -611.3200 457.5400 8 869 -367.7500 305.2000
1.0509882760e+00 2.4802410571e+00 2.8298819579e+00
188 184 172
3 36 1197 185.6300 467.5100 53 548 196.1100 486.1599 18 727 46.5000 137.4300
-1.5413299466e+00 -2.6523835713e+00 2.9126621846e+00
126 110 94
4 36 1421 -308.8500 -478.5800 53 648 -511.3400 -832.5601 1 1008 -660.9600 -643.8500 52 565 -137.8800 57.2300
1.7976800421e+00 -2.5062501196e+00 2.9754028903e+00
126 112 93
4 36 955 332.0400 -455.1500 53 418 474.5200 -780.6300 56 684 135.5300 -194.6400 18 584 87.8400 -125.5900
2.8695600966e+00 -2.2347477089e+00 2.9584437318e+00
185 183 171
8 36 1447 537.9900 -404.6300 53 665 789.2600 -689.3199 47 754 793.7000 -396.8000 52 571 342.2900 92.7900 56 689 223.8300 -170.6900 8 1016 524.5500 -480.8900 18 898 145.8600 -111.3000 33 243 64.5000 -112.5800
2.8693378444e+00 -2.2348529469e+00 2.9584263133e+00
185 183 171
7 36 1448 537.9900 -404.6300 53 666 789.2600 -689.3199 47 755 793.7000 -396.8000 52 572 342.2900 92.7900 56 690 223.8300 -170.6900 18 899 145.8600 -111.3000 33 244 64.5000 -112.5800
2.9567326691e+00 -2.1756899677e+00 2.9422961396e+00
77 66 48
4 36 1455 554.8900 -394.0300 53 669 813.5800 -672.1500 52 574 351.9900 98.9100 33 247 104.1100 -88.9000
-2.3793428152e+00 -9.5154696960e-01 2.9204073281e+00
159 147 132
6 36 1013 -442.4500 -154.7800 53 696 -700.4400 -342.1899 52 628 -214.3300 240.0700 56 1091 -192.3700 -68.3600 8 1092 -397.3700 -258.4399 18 932 -133.6600 -42.3400
2.6038258743e+00 -9.7071032384e-01 2.9538461757e+00
140 125 109
6 36 1534 480.2500 -164.9700 53 701 665.1300 -324.1801 52 609 314.4000 229.9800 56 1087 191.8200 -69.5800 8 1101 470.1500 -245.2100 18 929 129.9900 -42.8600
1.6013751017e+00 -9.4827024364e-01 2.9583321303e+00
166 154 138
8 36 1540 293.3700 -158.7600 53 702 381.6400 -323.3199 1 1106 -103.2500 -340.0200 52 616 205.7600 233.3700 56 1093 112.7300 -67.4900 59 285 350.3101 -608.2100 18 936 75.7700 -42.0200 33 275 -467.1600 419.9900
1.6092237484e-01 -9.2346392089e-01 2.9591587729e+00
182 170 154
8 36 1551 25.8700 -152.0400 53 704 -15.3900 -322.7500 28 306 36.3000 -313.9200 56 1098 0.7100 -65.5900 59 282 -50.3000 -612.0900 8 1102 25.6400 -245.9100 25 922 -69.0800 -89.1200 33 277 -1071.4100 425.3400
-1.7269444430e+00 -9.0752043295e-01 2.9254216678e+00
162 147 136
5 36 1016 -322.3100 -147.8199 53 707 -525.5400 -326.8199 52 383 -146.4400 243.3300 56 708 -142.8100 -65.4800 8 1612 -292.5000 -249.7900
1.8156357022e+00 -9.2233680395e-01 2.9654333545e+00
155 143 130
6 36 1012 332.5500 -155.1700 53 708 440.9800 -315.7700 56 1094 128.3000 -66.5700 59 287 409.1899 -599.3800 18 940 87.1700 -40.5600 33 279 -377.8400 431.9500
2.6266022316e+00 -7.7303930609e-01 2.9559850103e+00
183 172 160
8 36 1030 482.4000 -127.7600 53 734 663.4500 -269.9500 52 641 316.7000 251.4700 56 718 191.5800 -53.9900 8 1127 473.3101 -210.1801 18 956 130.9700 -32.2200 25 948 229.4200 -51.9100 33 289 -34.2500 495.6899
2.2117734138e+00 -7.5992546687e-01 2.9563261945e+00
182 172 162
6 36 1563 405.6200 -124.2900 53 735 547.5000 -269.3600 52 642 271.8900 253.1400 56 1109 159.1600 -53.2900 18 957 108.5100 -31.4300 33 296 -209.6200 499.7600
-1.2913413118e+00 3.7680506296e-01 3.1030917704e+00
159 143 130
3 36 1085 -238.5200 83.8000 53 791 -369.2500 -21.3500 18 1029 -74.1100 26.0900
2.3892750152e+00 1.2225691140e+00 3.0145169300e+00
189 179 157
10 36 1118 424.1100 235.2900 53 824 540.3700 205.9399 1 1247 28.6000 20.1100 28 584 329.1500 -9.2200 47 874 578.3500 451.7000 56 1210 159.2300 80.2800 59 367 486.5100 -92.0200 14 717 489.5300 23.6000 18 677 116.3400 72.3500 39 578 831.3101 -87.0800
1.5279045068e+00 1.6334559713e+00 3.1468476553e+00
48 42 43
3 36 1714 262.9301 299.2400 53 1345 315.7100 272.6699 18 1079 70.1500 89.8200
2.1172320822e+00 2.2912198730e+00 3.0460246557e+00
119 114 104
8 36 1165 368.6700 417.1899 53 867 448.9900 426.2200 1 1278 -18.2900 180.5300 28 649 264.0900 96.4400 56 832 133.9300 143.9100 59 399 390.9700 108.6000 8 873 376.6000 312.8600 18 1107 100.4300 124.7800
-1.2887276615e+00 2.4424298819e+00 2.9927007125e+00
177 168 161
5 36 1181 -228.8500 445.2900 53 1384 -347.5700 433.1699 8 1867 -188.8800 293.0100 14 1090 -215.7400 219.5801 18 1126 -71.8800 128.3400
-1.2868318399e+00 2.4411727602e+00 2.9898034914e+00
177 168 161
4 36 1182 -228.8500 445.2900 53 1385 -347.5700 433.1699 8 1868 -188.8800 293.0100 18 1127 -71.8800 128.3400
-2.5485740976e+00 2.4784218505e+00 2.9747584786e+00
57 45 41
5 36 1188 -450.2000 451.5701 53 1383 -633.1700 430.2800 8 1274 -381.3300 282.9700 14 1089 -439.4000 218.0400 18 711 -134.2500 128.3800
-2.0679716165e+00 2.5881634232e+00 2.9808817288e+00
38 33 27
3 36 1202 -364.7200 470.2200 53 894 -522.6500 455.4500 14 754 -353.9600 238.0300
-2.0578565625e+00 2.5765057948e+00 2.9605546173e+00
38 33 27
2 36 1204 -364.7200 470.2200 53 896 -522.6500 455.4500
2.3106251181e+00 4.4337863283e+00 3.0772747714e+00
154 148 135
4 36 807 389.7800 769.6799 53 945 451.9000 812.2000 56 875 136.3500 255.2600 18 780 108.5800 227.4900
2.1362320275e+00 4.9738995874e+00 3.0298079500e+00
106 96 86
2 36 1261 360.1400 858.0701 53 960 405.9000 909.7300
-1.9639787185e+00 5.8659572517e+00 3.2798021960e+00
185 182 175
2 36 1869 -312.6600 939.5100 53 2221 -424.5500 963.6899
7.3664969928e-01 -1.2509830125e+00 2.9524890077e+00
192 185 176
9 36 2191 134.1500 -214.7500 53 1112 146.0500 -409.9500 1 1641 -254.0100 -392.3000 52 980 113.3700 202.3200 56 1620 46.2600 -91.2300 8 1556 124.8400 -301.2300 18 1430 29.3500 -57.9200 25 1421 -7.0000 -124.9100 33 415 -832.4800 292.8400
1.7329016449e-03 -1.2484008464e+00 2.9629432661e+00
181 175 161
7 36 3240 -1.5800 -213.4700 53 1714 -59.9000 -412.1600 28 732 13.2300 -369.3900 52 1585 35.7800 203.8900 56 1621 -11.1400 -90.9600 8 1555 -5.8101 -302.6100 25 1418 -90.1100 -128.1000
-2.4957726436e+00 -1.0699863456e+00 2.9223942287e+00
184 181 172
4 36 1528 -463.3100 -176.4500 53 1118 -735.0900 -373.6300 8 1563 -418.0000 -278.8300 18 1450 -139.5300 -48.4100
-1.8483992130e+00 -1.0595127390e+00 2.9239198744e+00
201 196 188
4 36 2227 -345.5000 -175.8199 53 1129 -562.6200 -368.8300 52 1026 -159.6000 227.6900 18 1461 -106.5200 -47.9400
6.8295531230e-01 -1.0568348873e+00 2.9357646530e+00
192 189 184
8 36 2215 123.2800 -179.2600 53 1142 127.4600 -358.1899 28 479 122.9200 -331.4500 52 1006 107.7600 222.2500 56 1064 41.5900 -76.6000 8 1577 114.8199 -268.6200 11 305 259.1600 171.7600 25 1453 -13.0400 -102.3800
4.7738512430e-01 -1.0619442925e+00 2.9495165276e+00
188 186 181
6 36 2216 85.4800 -180.0000 53 1143 71.1300 -359.1500 28 748 89.2300 -333.3100 52 1007 85.9300 222.7400 59 487 37.1200 -649.1600 18 1457 15.6800 -48.0900
-1.4774893753e-01 -1.0549413180e+00 2.9446345163e+00
181 177 170
6 36 2217 -30.3800 -177.3700 53 1134 -100.9800 -360.0601 28 744 -13.0300 -339.7900 52 1013 19.5600 224.5400 56 1636 -22.7100 -75.9400 18 2213 -17.5800 -47.5000
1.0885690766e+00 -1.0549924991e+00 2.9553670019e+00
189 184 180
7 36 1517 199.5300 -179.9301 53 1160 241.3700 -353.9900 52 1002 151.5000 222.0400 56 1077 73.5800 -75.6400 59 498 209.0500 -641.5601 8 1589 186.9500 -266.6000 18 1455 48.2600 -47.8300
2.7244353193e+00 -1.0658127159e+00 2.9413665065e+00
190 187 182
6 36 1512 504.5699 -183.5000 53 690 704.0601 -348.8400 52 598 328.0000 218.9900 56 1062 202.5400 -76.0700 8 1601 491.5699 -262.5601 18 925 136.9200 -48.0900
