# Bundle file v0.3
60 6755
8.7232448668e+02 -3.2655163867e-01 -2.4965580612e-02
9.4827742966e-01 3.6042989106e-02 -3.1538994806e-01
8.1853494115e-02 9.3217338333e-01 3.5263690803e-01
3.0670820319e-01 -3.6021339001e-01 8.8100873535e-01
7.2241974067e-01 -3.0758360836e+00 -2.0553138339e+01
2.2949125710e+03 -1.3666449591e-01 1.5914089477e-01
9.9928642204e-01 -1.8716580569e-02 3.2807565361e-02
5.4076159087e-03 9.3053736751e-01 3.6615702283e-01
-3.7381872924e-02 -3.6571833053e-01 9.2997456862e-01
-2.2429061926e+00 -2.1293091201e+00 -1.5803173219e+01
5.9182288814e+02 -1.1831807171e-01 3.0293530373e-01
9.8887302253e-01 -9.1949893688e-02 1.1694170498e-01
-2.9368609024e-02 6.4996020397e-01 7.5940056496e-01
-1.4583425564e-01 -7.5438514719e-01 6.4002767095e-01
-3.8065042824e-01 -3.5159368681e+00 -7.4506922685e+00
0 0 0
0 0 0
0 0 0
0 0 0
0 0 0
5.8430434666e+03 -2.6398937483e-01 -3.6221585043e-03
9.6149274529e-01 2.9716850862e-02 -2.7321897726e-01
6.9957897237e-02 9.3492582813e-01 3.4787869797e-01
2.6577733796e-01 -3.5359666947e-01 8.9684547273e-01
-1.3436392231e+00 -4.6554948150e+00 -2.9275934909e+01
0 0 0
0 0 0
0 0 0
0 0 0
0 0 0
0 0 0
0 0 0
0 0 0
0 0 0
0 0 0
3.0477711223e+03 -7.1840368464e-01 2.9128118067e+00
7.5136973429e-01 1.5731332834e-01 -6.4085570850e-01
3.8550244093e-01 6.8356563185e-01 6.1977890816e-01
5.3556642018e-01 -7.1273455345e-01 4.5296585511e-01
1.0611342480e+00 -3.6821972859e+00 -8.9155156251e+00
2.5110710123e+03 -1.7825629635e-01 4.3346813732e-01
9.7383743726e-01 3.9186837232e-02 -2.2384154568e-01
3.6592268453e-02 9.4512428696e-01 3.2465533737e-01
2.2428029711e-01 -3.2435239167e-01 9.1896347824e-01
6.7168710182e-01 -1.4446566524e+00 -1.6555753331e+01
0 0 0
0 0 0
0 0 0
0 0 0
0 0 0
0 0 0
0 0 0
0 0 0
0 0 0
0 0 0
1.9815142672e+03 -3.1701599858e-01 2.0764114527e-01
-9.7010512501e-01 -3.6700360064e-03 -2.4265732477e-01
-1.0043274225e-01 -9.0417437221e-01 4.1518907611e-01
-2.2092829314e-01 4.2714779114e-01 8.7677560060e-01
9.4803014127e-01 -2.3512339627e+00 1.1781257650e+00
3.3186945861e+03 2.5617952366e-02 7.8667740040e-03
8.7629720755e-01 3.5841464792e-02 -4.8043583696e-01
1.7404802460e-01 9.0632647383e-01 3.8507091292e-01
4.4923322358e-01 -4.2105547407e-01 7.8797322200e-01
1.0515895754e+00 -3.5832149905e+00 -1.7943491103e+01
1.3853971051e+03 -3.2319630681e-01 8.5941742718e-01
7.8486034158e-01 1.3409686858e-01 -6.0498948259e-01
3.5996931126e-01 6.9602366246e-01 6.2126737903e-01
5.0439700550e-01 -7.0538577469e-01 4.9801061204e-01
1.1544681429e+00 -3.1257292009e+00 -8.1140874351e+00
2.7780043332e+03 -8.6084023681e-02 -1.3685892897e-01
9.8608427418e-01 4.5094325984e-02 -1.6001345563e-01
1.6568988618e-02 9.3105849056e-01 3.6449356068e-01
1.6541847791e-01 -3.6207262935e-01 9.1735496850e-01
4.8183844095e-01 -2.1597647676e+00 -1.6103734777e+01
0 0 0
0 0 0
0 0 0
0 0 0
0 0 0
2.0476910730e+03 -2.7053495448e-03 -4.9669418342e-02
9.8039522761e-01 1.7247239714e-01 -9.5281004964e-02
-2.2525959781e-02 5.7849357320e-01 8.1537584395e-01
1.9574927540e-01 -7.9724429003e-01 5.7103744465e-01
-8.7484714525e-02 -3.2319322557e+00 -6.7847225955e+00
3.9951499864e+03 -1.0705468459e+00 4.6893439162e+00
9.9813017332e-01 -4.7547357661e-02 -3.8411012519e-02
3.7262912902e-02 9.7146473560e-01 -2.3423864499e-01
4.8452372752e-02 2.3236935311e-01 9.7142001797e-01
-5.0849159672e-01 3.6363999028e+00 -5.8210319058e+00
5.7739564362e+02 -1.2174428853e-01 4.6536631657e-02
-9.9688734889e-01 -6.4638603804e-03 -7.8573736901e-02
-4.2902994556e-03 -9.9070876952e-01 1.3593280446e-01
-7.8722340871e-02 1.3584679793e-01 9.8759730687e-01
4.1988456974e-01 -5.5273345284e-01 7.6821350877e+00
2.4380269625e+03 -1.6985399768e-01 -1.5461997143e-01
9.8987064307e-01 2.8404311775e-02 -1.3910177953e-01
-1.1610091580e-02 9.9269545757e-01 1.2008719452e-01
1.4149669879e-01 -1.1725580406e-01 9.8296986762e-01
5.2802608644e-01 1.5933977588e+00 -1.9662035696e+01
0 0 0
0 0 0
0 0 0
0 0 0
0 0 0
0 0 0
0 0 0
0 0 0
0 0 0
0 0 0
0 0 0
0 0 0
0 0 0
0 0 0
0 0 0
2.2889900377e+03 -1.1005571233e-01 1.1537297494e-01
9.7295853647e-01 8.4231103696e-02 -2.1507395816e-01
-2.4820815980e-02 9.6387282926e-01 2.6520387651e-01
2.2964235978e-01 -2.5269406441e-01 9.3989898202e-01
-1.2947331174e+00 -2.8613017321e-01 -2.3466459095e+01
0 0 0
0 0 0
0 0 0
0 0 0
0 0 0
1.3248944569e+03 -3.1714505823e-02 -1.4960178841e-01
9.0957073417e-01 8.0933297624e-02 -4.0759156135e-01
7.9995656291e-02 9.2840203480e-01 3.6286410232e-01
4.0777662331e-01 -3.6265612239e-01 8.3797300814e-01
6.1324848225e-01 -9.7276946053e-01 -1.3404264510e+01
2.2151804794e+03 1.3943079603e-02 -2.2778185527e-01
9.9789669985e-01 -3.0064364699e-02 5.7430918494e-02
1.7740175771e-02 9.7878220365e-01 2.0413398536e-01
-6.2349519544e-02 -2.0268579572e-01 9.7725687801e-01
-6.3541710947e-01 -2.1509813809e-01 -1.3852988705e+01
3.2781484621e+03 -9.3974544236e-01 -1.1540534369e-01
9.9380061375e-01 -1.7400821255e-02 -1.0980688285e-01
5.8463132228e-03 9.9448852036e-01 -1.0468239345e-01
1.1102324407e-01 1.0339146143e-01 9.8842503255e-01
7.3903230264e-03 2.4339830985e+00 -7.7178422435e+00
1.0731725463e+03 -2.3753403336e-02 1.9436029836e-01
9.9444573178e-01 -2.2670902944e-02 -1.0277994314e-01
8.3008583952e-02 7.6931404730e-01 6.3345518517e-01
6.4709053013e-02 -6.3846842271e-01 7.6692295028e-01
3.3249203358e-01 -3.0960030307e+00 -9.2758550120e+00
0 0 0
0 0 0
0 0 0
0 0 0
0 0 0
3.6504990256e+03 -1.3491392412e-01 6.3183635070e-02
9.5572165762e-01 3.4736247715e-02 -2.9221482893e-01
2.9780833057e-02 9.7649350162e-01 2.1347960857e-01
2.9276136209e-01 -2.1272948641e-01 9.3222151363e-01
-7.7731437311e-01 -4.1222557009e-01 -2.8466949748e+01
0 0 0
0 0 0
0 0 0
0 0 0
0 0 0
0 0 0
0 0 0
0 0 0
0 0 0
0 0 0
1.0615695017e+04 -2.8202676736e-01 -4.1845698106e-03
9.9995770020e-01 -3.8861131186e-03 -8.3364226410e-03
5.2528376161e-03 9.8529625543e-01 1.7077381744e-01
7.5501996396e-03 -1.7081038362e-01 9.8527499072e-01
-2.6199233331e+00 1.3520278813e+00 -2.7419033998e+01
0 0 0
0 0 0
0 0 0
0 0 0
0 0 0
0 0 0
0 0 0
0 0 0
0 0 0
0 0 0
-9.4977760568e+02 -1.2291896773e-02 4.3618648822e-05
9.9988085325e-01 4.8677288775e-03 1.4648703538e-02
-3.8145214003e-03 9.9746292369e-01 -7.1085619470e-02
-1.4957564182e-02 7.1021272056e-02 9.9736264728e-01
-8.8480458736e-02 3.0882904866e-01 2.0570373093e+00
4.8824831185e+02 8.8766427234e-02 -2.4066640425e-01
9.9719615876e-01 7.1122781083e-03 7.4493197416e-02
-2.8273487493e-02 9.5749433129e-01 2.8706308620e-01
-6.9285141742e-02 -2.8836438936e-01 9.5501075810e-01
-3.5813043161e-01 -2.1179532381e+00 -1.3374486548e+01
2.2891938035e+03 -5.3806453960e-02 -4.6345611876e-01
8.6974969658e-01 3.2455588306e-02 -4.9242471514e-01
1.3083538273e-01 9.4696248047e-01 2.9350325927e-01
4.7583355064e-01 -3.1970094677e-01 8.1937399075e-01
5.5250301935e-01 -2.1179525323e+00 -1.8838067791e+01
2.5640565629e+03 -5.0136682951e-02 2.5183094512e-01
9.9600113058e-01 2.2446563421e-02 -8.6474849920e-02
4.9675287127e-02 6.6536668730e-01 7.4486209279e-01
7.4257078632e-02 -7.4617914955e-01 6.6159093332e-01
-6.1137609243e-02 -3.3761959195e+00 -7.5443217891e+00
1.3079833696e+05 3.7257428714e-02 -3.2687032530e-18
9.8911815258e-01 6.3048994930e-02 -1.3292894524e-01
-8.2795784505e-02 9.8541117980e-01 -1.4869319016e-01
1.2161471256e-01 1.5808108986e-01 9.7990827669e-01
4.0859297146e-01 3.0978953359e+00 -1.7980042105e+02
0 0 0
0 0 0
0 0 0
0 0 0
0 0 0
0 0 0
0 0 0
0 0 0
0 0 0
0 0 0
6.7475502874e+02 -1.6152209392e-01 2.0311927188e-02
1.7543721359e-01 6.5109047370e-01 7.3844632787e-01
-9.6288245060e-01 -4.2810948181e-02 2.6650442592e-01
2.0513208039e-01 -7.5779180371e-01 6.1941295742e-01
-1.7977712854e+00 -7.2269779384e-01 -4.6219650073e+00
8.6698858303e+02 -1.5781940800e-01 -8.9759575475e-02
9.6627588942e-01 4.3370063065e-02 -2.5383054023e-01
6.0033276808e-02 9.2061399590e-01 3.8583140908e-01
2.5041348046e-01 -3.8805786706e-01 8.8696346070e-01
4.2299103618e-01 -3.3447298192e+00 -1.7760900129e+01
2.7667835914e+03 -6.8398368483e-01 1.2578600214e+00
9.2154170261e-01 -8.0650737641e-02 3.7981093832e-01
-1.2353377890e-02 9.7160453123e-01 2.3628802117e-01
-3.8808283188e-01 -2.2244121338e-01 8.9437778494e-01
-1.0288192520e+01 3.1685408947e-01 -1.5837776100e+01
0 0 0
0 0 0
0 0 0
0 0 0
0 0 0
1.9316394990e+03 1.9613014780e-02 -6.1141050158e-02
9.9883062455e-01 -1.2667994264e-02 4.6657318620e-02
-1.3090761783e-03 9.5762067736e-01 2.8802938150e-01
-4.8328767613e-02 -2.8775364500e-01 9.5648427588e-01
-1.2265637043e-01 -1.9355144756e-01 -1.0246461630e+01
1.2113476323e+03 1.4328661591e+00 8.9894743001e-02
9.9275351636e-01 -5.9734974404e-02 -1.0426978750e-01
5.0549600353e-02 9.9478233188e-01 -8.8616308256e-02
1.0901923526e-01 8.2703355540e-02 9.9059323707e-01
2.6381801071e-01 2.4524523920e+00 -8.1751537953e+00
0 0 0
0 0 0
0 0 0
0 0 0
0 0 0
3.9021222973e+03 -8.6834254440e-02 -7.0888421791e-03
8.8916110167e-01 6.4883486526e-02 -4.5297093555e-01
9.4129185289e-02 9.4279213084e-01 3.1981665763e-01
4.4780825333e-01 -3.2700631675e-01 8.3218665998e-01
6.8828715930e-01 -2.7271220106e+00 -2.1392143194e+01
1.5213975390e+03 4.5122488821e-02 -8.3465327892e-02
7.4991810194e-01 8.2681678537e-02 -6.5634334035e-01
9.8986164574e-02 9.6696378710e-01 2.3491013952e-01
6.5408300667e-01 -2.4113227586e-01 7.1695930563e-01
4.0249041356e+00 -9.6333320550e-01 -2.0396877671e+01
1.7951842207e+03 -1.8600554357e-01 -3.9193815547e-02
9.9552462692e-01 3.3950269823e-02 -8.8193516670e-02
-2.7121125821e-02 9.9662263712e-01 7.7509765289e-02
9.0527132606e-02 -7.4770972710e-02 9.9308314853e-01
5.8763894955e-01 2.8145374029e+00 -1.9119326071e+01
-2.0927101706e+03 5.1746641119e-02 -2.4852027962e-01
9.9802883886e-01 -2.6270911238e-03 6.2701955293e-02
2.6342154163e-02 9.2438136808e-01 -3.8055903255e-01
-5.6960755959e-02 3.8146059395e-01 9.2262846669e-01
-4.1081194331e-01 7.9698340931e-01 5.0589812790e+00
0 0 0
0 0 0
0 0 0
0 0 0
0 0 0
2.7223494158e+03 -4.8529817326e-02 -2.7916432445e-02
9.3756204724e-01 2.5916976470e-02 -3.4685114662e-01
1.0354731822e-01 9.3120600434e-01 3.4947579369e-01
3.3204722627e-01 -3.6357074665e-01 8.7037977441e-01
7.3667923020e-01 -3.9066172120e+00 -2.5798175122e+01
6.0277358558e+02 -8.6683232775e-03 -9.2211352455e-02
9.9971406093e-01 9.0336875420e-03 -2.2140209093e-02
5.0331702410e-04 9.1773882083e-01 3.9718409260e-01
2.3906966375e-02 -3.9708166570e-01 9.1747185664e-01
-8.4383890316e-02 -1.1894526632e+00 -1.0651998347e+01
0 0 0
0 0 0
0 0 0
0 0 0
0 0 0
0 0 0
0 0 0
0 0 0
0 0 0
0 0 0
2.0221389017e+03 -3.1450651658e-02 1.0502513236e-01
9.9877312759e-01 -2.9197449222e-03 -4.9433942638e-02
3.2127696077e-02 7.9785701542e-01 6.0199002823e-01
3.7683560606e-02 -6.0283966196e-01 7.9697195135e-01
-2.0568361297e-01 -3.2229691573e+00 -9.9767924061e+00
1.5704537061e+00 2.4184365703e-01 3.0146451805e+00
58 55 62
7 36 99 283.1200 64.0500 53 60 359.6000 -25.9000 1 107 -95.9800 -134.5500 56 74 105.8500 15.0700 18 70 75.1200 23.0100 0 128 67.9200 -79.1600 2 31 144.4100 -116.0000
2.4079128502e+00 3.1696745569e+00 3.1187358961e+00
156 151 140
5 36 172 418.3900 568.1699 53 66 507.5900 608.6100 28 43 284.5000 187.3700 18 119 116.4300 167.2900 0 143 107.6800 53.4500
7.7972329282e-03 -7.7165856999e-01 -2.3699249961e+00
147 147 133
2 36 177 310.0500 760.2000 53 123 -446.5100 797.8300
2.5281266391e+00 5.9559673191e+00 3.1915356394e+00
173 185 183
5 36 384 417.3600 997.8201 53 593 467.0601 1056.6201 18 260 117.2000 293.6000 0 340 106.0500 168.4500 55 154 246.9000 337.8900
-1.4331564530e+00 7.6274634396e-01 2.9571525352e+00
179 170 157
9 36 249 -278.7500 162.5400 53 151 -425.0600 83.2700 56 266 -115.3900 50.4800 18 234 -86.2500 48.1700 0 407 -71.5100 -66.1200 19 274 -183.3200 389.4900 55 178 -182.0000 -259.9600 44 296 -90.9800 -85.9600 12 250 -316.7500 -401.5100
-1.8756683779e+00 1.2856077458e+00 2.9859637099e+00
198 191 181
14 36 360 -353.4900 253.8600 53 212 -524.5500 198.3600 1 351 -681.1300 24.2200 28 168 -253.6400 -49.3200 56 386 -143.5500 83.7400 8 352 -301.5000 114.6600 14 208 -350.5700 20.7300 18 306 -107.3400 73.6000 25 329 -240.0000 126.0300 0 416 -89.4000 -44.7800 2 152 -188.5600 -33.5100 19 284 -240.7200 459.0100 44 450 -112.4400 -60.6500 37 276 -90.7400 1.1700
1.4096944616e+00 1.0822227106e+00 3.0192484593e+00
137 123 113
8 36 353 252.4000 215.9500 53 211 303.2900 173.4900 47 296 351.4600 427.5400 56 270 91.2200 72.8300 14 160 295.2100 -4.0500 18 238 65.3400 66.0500 0 418 57.0300 -42.6500 38 447 52.3400 -2.3600
-1.5962975804e-01 -1.2495661006e+00 2.9706913510e+00
176 164 148
10 36 445 -36.1500 -221.6500 53 194 -111.7100 -425.1600 28 94 -17.4300 -378.4400 52 176 15.7800 199.4700 56 342 -25.7600 -94.4900 25 303 -110.0900 -134.0600 0 559 -20.1500 -158.0800 19 351 -10.7700 104.0601 44 421 -33.1100 -196.8300 37 246 -13.3000 -118.4900
2.1707423612e+00 -1.1180809008e+00 2.9487255751e+00
115 99 83
9 36 640 413.0000 -200.6300 53 288 563.9800 -378.2500 52 238 275.6200 209.3200 56 345 163.3700 -84.1600 8 463 398.6400 -280.7800 18 392 109.8800 -53.0900 33 90 -205.5500 335.4299 0 566 90.7900 -148.5800 44 613 103.7600 -188.4700
2.2398801454e+00 -1.2378182516e+00 2.9549856878e+00
203 197 184
10 36 636 425.4100 -222.6801 53 431 587.4399 -412.4000 52 359 281.1300 196.6100 8 454 412.1899 -303.7800 18 600 113.6700 -59.4600 33 164 -173.8300 283.8900 0 867 94.5700 -154.0600 44 608 106.7700 -195.0400 13 127 278.3101 -390.4900 37 524 98.9000 -120.3600
-1.9265949737e+00 -1.1231365380e+00 2.9451355949e+00
103 89 76
10 36 644 -375.0100 -194.7500 53 432 -607.3100 -395.9000 52 375 -176.5800 217.6600 56 495 -164.6800 -83.7300 8 724 -340.6700 -292.8900 18 607 -114.2100 -53.1700 25 589 -286.0700 -127.3800 0 873 -97.0700 -154.0400 38 1288 -352.8600 -345.2600 44 967 -127.0000 -190.2900
-2.2636919246e+00 8.8499538293e-01 2.9880126222e+00
134 127 109
4 36 713 -426.6800 184.0801 53 501 -628.5300 104.4200 0 999 -105.7000 -63.5400 37 937 -109.6800 -15.9700
-1.4097123697e+00 9.8729673853e-01 2.9710481304e+00
139 130 117
11 36 717 -271.5900 202.3101 53 504 -414.5400 135.1400 28 225 -194.4100 -78.7400 8 815 -229.4600 71.1600 18 676 -84.0700 59.6100 0 1004 -69.8300 -55.7500 19 582 -178.3300 419.5701 44 1080 -89.6100 -74.9900 12 918 -312.3600 -357.7400 51 886 87.2200 44.0400 37 598 -70.5400 -12.6700
2.3712436193e+00 1.4283247370e+00 3.0466639922e+00
171 161 153
8 36 731 428.3000 275.2500 53 514 542.8500 258.8401 1 817 33.8700 55.7300 56 804 160.1300 95.3500 59 377 487.2400 -42.0000 18 682 118.1900 84.0200 0 1035 103.3900 -22.6700 2 607 183.6800 -28.4200
-1.5099390069e+00 2.2712383853e+00 3.0194377649e+00
17 14 17
8 36 764 -280.2100 427.2800 53 365 -413.6500 405.5701 59 241 -420.7100 79.8700 8 572 -232.8800 273.8700 18 480 -86.2800 122.9300 0 1057 -72.3900 -0.8400 19 617 -184.1800 593.6799 26 246 -398.2400 511.6500
-2.1935980111e+00 2.4468192780e+00 3.0441684800e+00
169 168 160
13 36 769 -397.9400 453.2300 53 538 -567.0500 437.1400 18 487 -119.7200 130.0800 25 452 -255.2000 231.1900 0 1061 -99.0600 3.3400 2 403 -199.0500 37.2800 19 623 -273.8600 614.0801 16 192 -584.9800 201.4800 38 1045 -349.4100 99.5000 44 726 -122.9000 -3.3000 50 388 -466.2500 62.9300 51 397 43.4100 143.7800 23 438 -403.6300 305.8401
-1.8009037120e+00 2.4409559396e+00 3.0214245842e+00
174 170 159
9 36 772 -328.2900 455.0901 53 540 -478.3500 440.7900 8 577 -275.9300 295.0701 18 486 -100.3700 130.8400 0 1064 -84.4100 5.0400 2 406 -165.8100 36.9600 19 624 -221.7300 615.0901 55 465 -216.8600 -85.1500 50 615 -407.4800 68.7100
-1.7990971170e+00 2.4418657136e+00 3.0170955788e+00
174 170 159
7 36 773 -328.2900 455.0901 53 541 -478.3500 440.7900 8 578 -275.9300 295.0701 25 456 -222.5200 237.1900 0 1065 -84.4100 5.0400 19 625 -221.7300 615.0901 44 728 -104.2800 -2.6700
-1.4253280413e+00 2.4316158514e+00 3.0220322113e+00
176 170 159
8 36 503 -261.8700 453.7900 53 368 -391.1400 440.0601 56 557 -105.6900 152.8900 8 580 -216.7600 299.4000 14 302 -250.6900 226.8101 18 485 -81.3700 130.8000 0 1068 -69.4500 6.6900 19 622 -171.6000 614.5601
1.2667476087e+00 -2.1051308454e+00 2.9298308941e+00
92 72 56
9 36 1457 240.9000 -391.8400 53 667 319.8400 -679.4200 56 694 93.3600 -165.2500 8 676 225.6200 -471.5500 14 569 259.8101 -674.4600 11 89 715.9500 -466.1899 25 416 52.9300 -241.2900 33 245 -603.8300 -95.0100 0 1360 46.3100 -198.5900
-1.6791779841e+00 -1.2254861087e+00 2.9298072755e+00
193 184 175
6 36 638 -329.0700 -214.7000 53 429 -543.0500 -424.4800 52 361 -150.4400 205.8100 18 601 -101.8000 -58.5700 0 1421 -87.2600 -158.5000 44 955 -114.0600 -195.9500
-8.4042935499e-01 -8.5890815931e-01 2.9522342384e+00
179 167 153
4 36 1020 -165.0100 -146.5699 53 451 -301.1400 -318.3199 0 1444 -51.0800 -140.8200 2 185 -94.6400 -219.0200
3.8347697134e-01 -8.3072634773e-01 2.9762823238e+00
174 161 145
10 36 1023 66.9700 -140.4700 53 452 44.2500 -304.8900 28 312 70.0200 -300.8700 52 634 75.5500 245.1000 56 715 17.6800 -60.2800 59 291 9.2400 -592.7600 18 949 10.2800 -36.6900 25 604 -44.4600 -80.3400 33 283 -980.9700 452.1300 0 1454 4.8700 -137.1200
5.8161850797e-01 -7.2833883296e-01 2.9678462797e+00
192 185 169
10 36 1037 104.9000 -121.6200 53 723 99.1600 -275.8400 28 324 102.0900 -283.0600 52 651 97.8200 256.0000 56 727 33.6300 -53.0200 59 295 65.0000 -562.9000 8 1123 100.1801 -214.7600 18 962 21.4300 -31.5700 33 292 -894.9100 495.5100 0 1467 14.2000 -132.1700
-1.6814459086e+00 2.6502205018e-01 3.0128027291e+00
95 81 69
3 36 1634 -327.0300 71.0200 53 784 -491.7500 -41.6400 0 1521 -81.3300 -88.5900
-2.0625375607e+00 6.3200109372e-01 2.9259409488e+00
105 89 73
8 36 1668 -400.3100 140.1799 53 803 -591.0400 47.5800 56 784 -162.3000 41.0900 18 1047 -120.0700 41.1400 25 1015 -261.9000 58.1100 0 1556 -98.5200 -73.0900 38 2198 -341.9800 -117.0000 12 880 -419.0500 -439.2800
-1.9801154787e+00 6.9211774736e-01 2.9339062082e+00
194 188 177
10 36 1106 -382.0500 150.7300 53 806 -567.9900 63.5400 28 563 -277.4000 -122.4500 56 785 -155.8600 45.7200 18 1053 -115.2200 44.0700 25 1018 -255.0200 64.7500 0 1563 -95.1900 -69.9200 38 3385 -333.8300 -109.6200 12 1332 -406.0400 -426.9100 51 1357 53.5500 15.9500
-1.2147331427e+00 1.2956404240e+00 2.9969400836e+00
181 172 157
9 36 1124 -231.8000 256.2600 53 823 -359.8800 204.5801 1 1249 -571.7100 28.4500 28 575 -164.9700 -41.1300 56 1212 -96.1800 84.5800 14 718 -224.9800 24.3900 18 1068 -72.7100 74.6600 0 1608 -61.2400 -42.1300 55 695 -158.5600 -200.9800
1.4563517501e+00 1.2318609400e+00 3.0644691121e+00
170 155 136
3 36 1122 259.2200 241.1599 53 822 312.0699 204.2900 0 1612 59.0000 -36.0800
-2.0024034257e+00 2.5202206909e+00 3.0187825192e+00
38 33 27
13 36 1205 -364.7200 470.2200 53 897 -522.6500 455.4500 8 1295 -307.9700 306.4500 14 756 -353.9600 238.0300 18 1141 -110.1500 134.7200 25 1092 -237.4500 240.8300 0 1685 -91.8500 7.7700 38 2403 -330.2000 111.8301 44 1882 -113.8200 0.7300 50 1614 -437.7700 78.8100 26 502 -490.6000 555.7000 30 912 -474.8100 356.0801 23 1000 -387.2600 312.9099
1.5048149581e+00 2.1848421054e+00 3.0705484699e+00
37 30 31
8 36 1160 264.7100 409.9700 53 534 310.5300 407.7500 8 865 274.5601 298.0901 14 744 315.3600 203.2600 18 703 70.3600 121.9100 0 1688 61.1900 8.9100 26 486 187.9600 500.4299 37 988 60.2200 36.9800
-1.6201493513e+00 2.5095306833e+00 3.0238212207e+00
37 29 26
13 36 1199 -296.0900 468.0200 53 890 -433.7900 456.2000 8 1298 -248.1900 309.1899 14 762 -284.3000 239.0000 25 1097 -204.1400 246.6400 0 1689 -76.2900 8.7800 19 1333 -197.7800 624.3301 55 750 -197.1700 -75.5600 44 1884 -95.1300 1.6000 50 991 -377.9500 84.9300 26 498 -416.3800 554.6200 30 564 -427.6100 358.0701 23 995 -350.0400 312.3800
-1.6289204657e+00 2.5107158614e+00 3.0271349223e+00
37 29 26
9 36 1200 -296.0900 468.0200 53 891 -433.7900 456.2000 25 1098 -204.1400 246.6400 0 1690 -76.2900 8.7800 55 751 -197.1700 -75.5600 38 2407 -292.0100 118.4199 44 1885 -95.1300 1.6000 50 992 -377.9500 84.9300 30 565 -427.6100 358.0701
-1.6283026196e+00 2.5097366069e+00 3.0265756868e+00
37 29 26
12 36 1201 -296.0900 468.0200 53 893 -433.7900 456.2000 8 1299 -248.1900 309.1899 25 1099 -204.1400 246.6400 0 1691 -76.2900 8.7800 55 752 -197.1700 -75.5600 38 2408 -292.0100 118.4199 44 1886 -95.1300 1.6000 50 993 -377.9500 84.9300 30 566 -427.6100 358.0701 51 938 76.6100 154.2000 23 997 -350.0400 312.3800
1.7538068897e+00 2.3863685771e+00 3.0664545758e+00
49 42 30
14 36 1178 308.4600 442.6000 53 880 366.5800 452.6599 28 657 219.1600 106.4000 56 839 110.8300 151.9300 8 882 316.3199 330.5500 18 1135 83.2300 131.5500 39 363 524.0300 209.3600 0 1711 72.2700 17.6200 2 652 115.8100 25.2200 55 773 161.9100 -49.9000 38 2471 91.7100 178.9199 12 1033 255.1801 13.9600 50 1025 211.2500 137.5200 4 212 -89.0800 -267.3800
2.0787292292e+00 2.3743935862e+00 3.0720415300e+00
48 39 32
16 36 1175 367.9900 440.0000 53 879 446.2400 453.0500 1 866 -19.4100 200.2500 28 659 261.7500 109.7200 56 838 133.5300 151.5300 59 415 387.5601 132.5200 8 884 374.0300 332.8700 18 713 100.2800 131.2400 39 365 643.7500 215.7500 0 1712 87.5300 18.5500 2 650 140.6000 24.1400 55 775 198.2400 -47.2600 38 1596 132.3300 185.2700 44 1154 99.2800 8.2700 12 1036 318.8800 24.6899 50 1027 272.5500 143.0000
-1.2906793357e+00 5.1459706772e+00 3.1090197806e+00
142 138 131
6 36 820 -222.2100 884.4299 53 963 -317.5300 911.8000 56 885 -84.7200 289.8500 18 790 -69.0800 254.3700 0 1789 -58.1300 115.9200 44 1243 -70.5900 123.4000
-2.0178847498e+00 5.2605322152e+00 3.0855375475e+00
154 146 143
4 36 1264 -346.1400 903.0500 53 964 -466.5800 924.2900 0 1790 -86.8400 115.8700 19 1009 -233.1100 967.4900
2.2162941019e+00 5.0603542574e+00 3.1555028287e+00
146 138 132
8 36 1854 374.0800 869.1200 53 1467 423.3500 924.5500 28 1040 224.8600 321.6000 0 1809 92.0300 133.2600 19 1010 335.2400 969.3000 55 1352 209.5700 241.2100 12 1111 334.3600 522.4900 37 1591 86.3300 148.3800
2.5429798396e+00 6.1084809614e+00 3.2140304250e+00
159 163 163
7 36 1881 414.8400 1018.6201 53 2255 464.3900 1071.0000 18 1212 116.7900 299.9300 0 1817 105.8700 177.1100 55 852 245.8800 353.7500 38 2626 192.1600 662.4600 44 2029 122.3700 187.9200
1.2646133362e+00 -2.2579764517e+00 2.9309456595e+00
118 101 89
9 36 2122 242.4301 -423.5400 53 659 320.8800 -728.3500 52 926 171.9300 82.9800 8 1010 225.9800 -498.9301 14 899 259.2100 -705.7800 25 863 51.2900 -261.3700 33 239 -606.1600 -162.3100 0 2023 46.2800 -206.3400 44 2362 48.0100 -256.9000
1.3060342117e+00 -2.0343297699e+00 2.9398895962e+00
194 186 184
11 36 1463 249.7300 -379.4200 53 672 330.1500 -656.4301 52 577 177.3600 108.3500 56 1038 97.1700 -160.1200 8 680 236.1700 -457.4200 14 571 268.8800 -656.0800 18 902 62.4000 -104.2500 11 147 736.3300 -416.4000 33 248 -587.7400 -62.1700 0 2049 47.9600 -194.8700 44 919 51.4900 -244.0000
2.6779110366e+00 -2.0288791437e+00 2.9322839639e+00
182 178 168
7 36 1461 516.4200 -381.1000 53 675 751.3000 -650.6899 52 941 330.3900 106.0600 56 1037 213.9300 -160.1300 18 1414 139.8100 -104.2800 33 398 16.3700 -56.3300 0 2053 116.3500 -193.3900
5.8099623639e-01 -1.3425130463e+00 2.9554372670e+00
208 201 191
10 36 1492 105.1300 -240.9500 53 683 102.7100 -449.4399 1 1078 -280.8600 -417.3900 28 287 112.5100 -386.8700 52 588 96.7900 187.6600 8 1064 98.0800 -326.6100 18 916 21.5400 -65.4200 33 413 -898.1200 234.8800 0 2108 14.3600 -161.4100 44 1565 8.7800 -202.3000
-1.7589545182e+00 -1.2825284465e+00 2.9446381835e+00
120 99 85
7 36 1496 -343.8500 -225.7300 53 685 -565.5400 -441.5200 52 977 -158.9500 199.9600 56 1050 -153.6800 -97.0700 18 1428 -106.2200 -61.7200 25 890 -272.1400 -145.2300 0 2110 -90.5300 -161.6800
-5.1522952074e-01 -1.2127933506e+00 2.9297788353e+00
180 172 153
4 36 2193 -105.7300 -213.7800 53 1110 -214.1800 -415.9100 52 982 -23.9700 204.2600 0 2122 -36.3100 -156.3000
3.7638989169e-01 -1.2181585309e+00 2.9570103432e+00
194 187 176
9 36 2187 65.3900 -218.8500 53 1109 42.0600 -416.6100 52 976 73.6300 200.9100 56 1051 17.3200 -92.5200 8 1075 59.4700 -305.1801 33 268 -989.6400 285.8201 0 2124 4.4100 -155.9900 27 160 53.6400 598.0000 44 1573 -2.5100 -195.5400
6.3266164664e-01 -1.2104285184e+00 2.9631275345e+00
193 189 179
9 36 1498 115.9400 -215.3000 53 686 117.2600 -411.6400 28 460 118.7400 -363.2200 52 981 103.3700 202.2800 8 1077 107.4200 -302.0500 33 269 -875.7900 291.4200 0 2125 16.5800 -155.0500 27 281 215.5100 601.3700 44 2524 11.6800 -194.6000
-2.4881902586e+00 -9.3545972429e-01 2.9243502295e+00
171 157 144
10 36 1545 -481.1800 -156.4100 53 692 -756.6800 -345.0300 52 631 -236.2000 240.1700 56 1089 -207.8500 -69.1500 8 1090 -431.8500 -261.0900 14 931 -506.1200 -413.6300 18 934 -144.3400 -42.8500 0 2141 -120.4900 -145.8900 38 3098 -408.7000 -325.0400 44 2588 -153.9600 -179.8000
-2.4921127238e+00 -9.3242324192e-01 2.9324690634e+00
171 157 144
9 36 1546 -481.1800 -156.4100 53 693 -756.6800 -345.0300 52 632 -236.2000 240.1700 56 1090 -207.8500 -69.1500 8 1091 -431.8500 -261.0900 18 935 -144.3400 -42.8500 0 2142 -120.4900 -145.8900 38 3099 -408.7000 -325.0400 44 2589 -153.9600 -179.8000
-2.2888914251e+00 -9.2376451582e-01 2.9409512505e+00
159 147 132
9 36 1014 -442.4500 -154.7800 53 697 -700.4400 -342.1899 52 629 -214.3300 240.0700 56 1092 -192.3700 -68.3600 8 1093 -397.3700 -258.4399 18 933 -133.6600 -42.3400 25 1444 -316.1900 -107.8900 0 2143 -112.1100 -145.3800 38 3100 -388.4800 -323.2600
-2.0722412807e+00 -9.2245516891e-01 2.9228058904e+00
167 152 139
7 36 1544 -403.0800 -155.9600 53 695 -643.2600 -341.4399 52 627 -192.0000 239.4000 56 706 -176.0400 -68.2300 0 2146 -103.3500 -144.9900 55 886 -256.2200 -454.7800 44 1613 -133.0800 -179.0400
2.9029494116e+00 -1.0288603221e+00 2.9499383323e+00
219 219 216
6 36 1511 552.2300 -184.0500 53 1164 776.2200 -347.3800 52 987 355.9100 218.8700 56 1061 222.9500 -76.0400 18 1451 150.6200 -48.1200 0 2151 127.1400 -142.4300
-6.3645290168e-01 -8.9870475311e-01 2.9714078847e+00
168 158 144
7 36 1550 -126.1400 -153.3600 53 700 -241.8400 -327.9000 56 707 -62.5600 -66.2200 25 911 -156.4100 -96.1200 0 2152 -40.9000 -142.5500 55 896 -107.4100 -445.5100 44 1620 -57.5200 -177.6800
-1.8647375025e+00 -8.3798980851e-01 2.9206274467e+00
171 157 144
9 36 1024 -363.1900 -138.7800 53 709 -583.8500 -316.5300 52 386 -169.4700 248.4600 56 713 -159.2800 -61.2900 14 599 -383.4800 -394.8900 18 619 -111.2400 -37.8400 0 2161 -94.7000 -140.6200 55 897 -234.9900 -444.4600 44 1635 -122.3000 -174.7900
-1.8642746955e+00 -8.3770548629e-01 2.9197067473e+00
171 157 144
8 36 1025 -363.1900 -138.7800 53 710 -583.8500 -316.5300 52 387 -169.4700 248.4600 56 714 -159.2800 -61.2900 14 600 -383.4800 -394.8900 18 620 -111.2400 -37.8400 0 2162 -94.7000 -140.6200 55 898 -234.9900 -444.4600
5.8005702022e-01 -8.7652143967e-01 2.9547782909e+00
185 172 156
15 36 1015 104.5400 -150.7200 53 449 99.3700 -318.2700 28 307 103.1300 -306.5800 52 625 96.9400 239.7400 56 709 33.3600 -64.5900 59 286 64.3101 -604.9301 8 1105 99.8900 -242.7500 14 598 113.3700 -404.4700 18 942 21.3000 -39.9300 11 165 200.5000 237.7500 25 926 -22.5000 -84.8700 33 280 -896.6700 430.5100 0 2164 14.1800 -139.6000 2 281 75.3800 -216.2200 19 753 97.4200 155.3101
-1.2622563192e+00 -8.0719372006e-01 2.9328416107e+00
183 175 157
6 36 1558 -247.9900 -135.2000 53 713 -416.2100 -305.4500 52 639 -104.2400 250.2600 56 1104 -112.1200 -59.7900 18 951 -78.9300 -36.0400 0 2168 -68.6800 -138.5300
-2.0752574612e+00 -7.8790395988e-01 2.9310496552e+00
173 163 153
8 36 1561 -401.9300 -129.9301 53 715 -639.7500 -305.5300 52 647 -191.6500 254.3100 56 1108 -175.2000 -57.5700 18 954 -122.2900 -34.9400 0 2169 -103.5100 -138.7200 2 187 -252.6100 -218.4700 55 904 -256.3900 -439.6500
-6.3155692483e-01 -8.0646669920e-01 2.9485784950e+00
174 167 156
5 36 1556 -125.8500 -135.2100 53 716 -241.3400 -302.7200 52 637 -34.9700 249.2900 0 2174 -40.7700 -137.2800 55 914 -107.6400 -434.6500
2.1595796291e+00 -8.8650695312e-01 2.9482785734e+00
195 185 173
10 36 1547 407.5100 -154.4700 53 711 553.1400 -311.0300 52 619 272.4700 235.9300 56 1102 160.5800 -64.7100 8 1107 396.7400 -239.0200 14 594 454.5400 -407.9399 18 941 109.0100 -40.2100 33 281 -207.5200 433.1200 0 2177 90.4600 -137.0600 44 1633 101.9900 -174.8000
-8.3589680786e-01 -6.8214941088e-01 2.9654038736e+00
190 180 168
7 36 1573 -163.4600 -112.4200 53 733 -297.0400 -270.8400 52 662 -55.9700 262.4700 56 1121 -78.0700 -49.7400 0 2200 -50.5800 -133.0100 2 301 -93.3600 -197.2900 44 1666 -68.1700 -166.0400
7.6673275889e-01 -7.2829576792e-01 2.9770551895e+00
195 188 177
10 36 1036 139.8700 -121.2900 53 729 150.6800 -274.4000 28 327 132.7400 -281.3500 52 649 118.0300 256.1900 56 725 48.2000 -53.1300 8 755 133.6500 -213.1700 18 960 31.3900 -31.5500 11 172 304.5000 314.2200 33 300 -815.0800 497.6700 0 2215 22.8100 -131.5300
1.9640792931e+00 -7.2233165835e-01 2.9612144452e+00
193 185 172
6 36 1565 368.5500 -122.1000 53 736 491.3101 -267.7300 52 644 250.4000 254.7500 18 964 97.6000 -31.0300 33 302 -293.9500 503.4700 0 2229 80.4700 -129.2000
-1.6630980582e+00 5.6425507503e-01 2.9387695850e+00
194 188 178
10 36 1657 -324.8700 125.9900 53 1298 -490.2300 34.1600 56 1194 -133.8700 36.5800 18 1573 -99.0100 37.3900 0 2332 -81.9500 -75.4300 55 1055 -206.5200 -283.7400 38 3369 -302.2900 -120.7100 44 2773 -104.7900 -97.0900 12 1330 -355.7600 -442.5800 51 1340 71.4000 9.2300
-2.0498285089e+00 9.1255263630e-01 2.9447691346e+00
195 188 178
14 36 1115 -391.3700 190.1200 53 815 -577.0600 112.4700 56 789 -158.3100 59.3600 59 361 -588.6900 -191.1600 8 1218 -335.1000 53.9300 25 1035 -258.3800 85.9600 0 2354 -96.8700 -60.7000 2 362 -212.8100 -63.0400 19 838 -268.8600 408.9399 16 421 -726.1500 -88.0500 38 2232 -340.3100 -82.5900 44 1788 -122.6500 -78.9900 51 1369 49.5800 32.1800 37 938 -101.0800 -14.5800
-2.0506419064e+00 9.1436490902e-01 2.9461162190e+00
195 188 178
13 36 1116 -391.3700 190.1200 53 816 -577.0600 112.4700 56 790 -158.3100 59.3600 59 362 -588.6900 -191.1600 8 1219 -335.1000 53.9300 14 708 -390.3700 -50.2900 25 1036 -258.3800 85.9600 0 2355 -96.8700 -60.7000 19 839 -268.8600 408.9399 16 420 -726.1500 -88.0500 38 2233 -340.3100 -82.5900 51 1370 49.5800 32.1800 37 939 -101.0800 -14.5800
-2.2169842479e+00 1.0600286350e+00 2.9714970493e+00
200 192 182
5 36 1691 -418.3200 215.7300 53 1317 -613.7800 146.7000 1 1245 -743.0300 -11.1500 0 2361 -103.5600 -55.0800 44 2814 -129.7300 -71.9200
-2.2141837400e+00 1.0648206002e+00 2.9722583862e+00
200 192 182
9 36 1692 -418.3200 215.7300 53 1318 -613.7800 146.7000 1 1246 -743.0300 -11.1500 8 1789 -358.5200 78.0700 18 1592 -124.2700 63.5600 25 1620 -271.7500 100.6600 0 2362 -103.5600 -55.0800 44 2815 -129.7300 -71.9200 37 1399 -106.9100 -7.9600
-1.3260396920e+00 1.0520615884e+00 2.9858687501e+00
193 185 178
10 36 1690 -253.9900 212.7400 53 819 -392.6600 150.2000 1 1243 -593.4100 -10.3700 28 570 -182.0400 -69.9400 56 1209 -105.5500 69.4300 59 582 -408.6000 -152.8600 18 1062 -79.1200 62.5400 0 2365 -66.2600 -52.7900 19 1274 -166.5400 428.1000 37 1398 -66.9000 -9.6000
1.5479100276e+00 9.7738854684e-01 3.0075557110e+00
202 193 176
9 36 1683 279.3500 198.8401 53 1319 341.0300 151.5701 28 907 221.0900 -44.4200 56 1809 102.7300 66.0200 18 1586 74.0700 61.2000 0 2376 64.4800 -46.2000 19 1272 244.6000 427.1200 16 655 483.5300 -93.3400 44 2822 70.1400 -66.6200
1.5527374405e+00 9.8822475514e-01 3.0031638814e+00
202 193 176
13 36 1684 279.3500 198.8401 53 1320 341.0300 151.5701 28 908 221.0900 -44.4200 56 1810 102.7300 66.0200 8 1799 285.1600 98.6800 14 1036 326.6400 -18.7600 18 1587 74.0700 61.2000 39 937 514.2500 -171.3900 0 2377 64.4800 -46.2000 19 1273 244.6000 427.1200 38 3501 70.8101 -11.5400 44 2823 70.1400 -66.6200 37 2219 63.5800 -15.1000
-2.2816531780e+00 2.3848708254e+00 3.0135859114e+00
38 28 27
13 36 1183 -417.3800 446.2000 53 864 -591.4500 424.6599 8 1273 -353.2000 282.1100 14 746 -407.0500 213.5000 18 1124 -124.9300 127.7900 25 1678 -263.0700 223.0900 0 2450 -103.6300 1.2400 38 3651 -358.7600 89.8700 44 1852 -127.9500 -7.0300 26 493 -546.9700 530.6200 30 899 -509.9500 336.8201 51 1438 38.1900 136.6700 23 985 -415.4301 300.3900
-2.3791378700e+00 2.4145136565e+00 3.0104904898e+00
178 170 159
10 36 1189 -432.9200 452.1899 53 1381 -612.0900 431.4000 8 1278 -367.4500 284.9399 14 1087 -422.9100 217.4700 18 1130 -129.2700 128.9400 25 1680 -270.6900 224.5500 0 2451 -107.2900 1.6400 2 672 -216.0500 36.1800 38 3652 -367.7100 91.1500 50 1579 -496.5000 51.7600
-1.9983600683e+00 2.3988526151e+00 3.0167127580e+00
201 193 184
14 36 1187 -364.7400 449.5601 53 873 -523.5200 430.7500 56 1261 -143.5800 150.7300 8 1280 -307.6100 286.9900 18 1129 -110.2300 128.6600 25 1686 -238.0000 229.2600 0 2458 -91.9500 2.5300 19 913 -249.4800 611.4299 38 3670 -329.8500 96.7300 44 1865 -113.8800 -5.3400 50 1590 -437.5700 56.9900 30 900 -474.5300 339.6300 51 1448 54.6800 141.1600 23 986 -386.8500 301.1899
-1.3213038472e+00 2.3657572162e+00 3.0204374867e+00
61 48 42
5 36 1750 -244.5500 442.0300 53 1378 -366.4800 428.7800 8 1865 -201.6100 290.7500 0 2461 -64.0800 3.5900 55 1199 -167.3000 -88.2100
-1.6086210199e+00 2.3858056212e+00 3.0237060185e+00
189 185 174
17 36 1184 -295.6200 446.4900 53 872 -433.9900 431.8301 8 1281 -247.2300 289.7800 14 751 -283.5300 217.6300 18 1128 -90.7400 128.3100 25 1088 -204.3500 235.2000 0 2463 -76.2500 3.4800 2 668 -150.8300 33.6900 19 910 -196.9100 609.9299 55 1197 -196.4200 -89.0500 38 3684 -291.7300 103.1799 44 1866 -95.1000 -4.3700 50 1599 -377.2600 62.9600 26 492 -415.0200 531.2700 51 1454 76.7500 145.1000 23 983 -349.3700 300.0601 37 1020 -76.0400 48.5600
1.8365834539e+00 2.2228403024e+00 3.0679927477e+00
77 68 61
8 36 1738 322.5601 415.6200 53 1375 387.9700 418.9600 56 1875 116.7200 142.3100 8 1290 332.0500 305.6300 0 2479 76.2100 11.2200 55 1234 171.6800 -66.5500 38 3794 102.3600 159.6100 50 1638 227.1000 109.9900
-1.5392433657e+00 2.6026174675e+00 3.0376926179e+00
156 147 138
10 36 1774 -279.2400 482.0500 53 1397 -411.7700 475.3101 18 1145 -86.1300 138.6300 25 1114 -196.8300 256.6800 0 2488 -72.9700 12.3600 2 1026 -142.7600 46.6400 19 937 -185.2900 635.4199 55 1235 -188.6900 -66.6900 38 3738 -284.9200 129.2800 51 1462 80.8300 160.2300
-1.5435890681e+00 2.6035171384e+00 3.0373547575e+00
156 147 138
8 36 1775 -279.2400 482.0500 53 1398 -411.7700 475.3101 18 1146 -86.1300 138.6300 25 1115 -196.8300 256.6800 0 2490 -72.9700 12.3600 55 1236 -188.6900 -66.6900 38 3739 -284.9200 129.2800 51 1463 80.8300 160.2300
-8.1746751609e-01 2.3341224400e+00 2.6079256183e+00
148 140 127
3 36 1771 -164.0700 478.3600 53 1401 -269.8400 485.6500 18 1144 -54.3700 138.1400
-1.7818571491e+00 5.3051038404e+00 3.1046245307e+00
180 173 167
7 36 1865 -301.7100 910.4500 53 1472 -412.3600 933.0901 0 2619 -76.3700 119.0300 55 1342 -202.4900 202.8600 38 3978 -291.3200 430.5200 44 2003 -92.3000 127.8600 51 1027 77.3300 348.5500
-1.2594754482e+00 -1.4744302200e+00 2.9213621198e+00
202 197 191
6 36 2174 -251.3500 -263.4100 53 1094 -430.7800 -494.9100 52 1570 -106.5900 177.3200 14 1357 -272.4800 -525.8800 0 3086 -69.2600 -169.4700 44 2479 -93.0400 -209.8700
-3.7536178613e-01 -1.2967070009e+00 2.9577450669e+00
209 202 194
12 36 1495 -78.7100 -230.0300 53 1103 -173.9900 -439.0000 28 455 -54.4400 -389.4500 52 973 -8.3100 195.0700 56 1048 -42.9600 -97.8600 14 920 -88.8000 -490.4100 18 1427 -31.3700 -62.6700 25 1410 -133.7300 -140.7700 0 3120 -30.1400 -160.2400 19 1661 -41.5700 95.5400 44 2513 -45.2400 -199.7300 37 1275 -23.6100 -121.0700
-2.0836276722e+00 -6.9232760272e-01 2.9281425526e+00
173 163 153
7 36 1575 -402.4500 -111.3101 53 1176 -639.0000 -278.4301 52 664 -191.6900 264.9400 56 1118 -174.7100 -50.7700 8 1637 -361.1600 -218.3600 18 1481 -122.3400 -29.7400 0 3221 -103.4900 -134.7700
2.7001103580e+00 -7.8757068997e-01 2.9579848089e+00
89 74 56
9 36 2232 511.1700 -136.4700 53 1172 708.3600 -281.2900 52 1615 332.7600 246.8600 56 1653 204.0500 -57.1300 8 1639 499.5100 -217.1200 18 2237 139.0700 -34.8000 25 1517 247.5300 -56.9500 33 643 25.9900 477.2400 0 3238 116.5400 -131.5200
6.2558247674e-01 -6.5972389869e-01 2.9686512064e+00
73 53 42
9 36 2247 112.7400 -108.7900 53 1191 110.8600 -257.5699 28 791 108.6500 -272.4400 52 1049 102.5300 263.4700 56 1673 37.1100 -48.1300 59 522 76.7100 -544.8800 18 2246 23.5300 -27.7800 33 448 -875.5800 525.7200 0 3255 15.9200 -128.4700
2.6113005098e+00 -6.8243269288e-01 2.9927572668e+00
50 35 28
10 36 2238 491.8400 -115.8400 53 1196 676.1600 -253.3300 52 1045 322.2500 258.4500 56 1119 195.4400 -49.4300 8 1665 480.5601 -197.4800 18 1485 133.5900 -28.7200 25 958 234.4300 -43.0900 0 3272 111.7700 -126.0200 2 485 290.5300 -189.3700 44 2645 128.3600 -162.1200
1.8684620627e+00 -6.1073416789e-01 2.9604537065e+00
177 163 144
9 36 2265 350.8400 -101.8400 53 1216 462.9800 -237.2400 52 1057 240.5900 266.9500 56 1695 136.0600 -43.8900 8 1696 338.5699 -187.3600 18 1507 92.6200 -25.0500 33 666 -335.9500 550.7500 0 3280 75.5300 -123.8200 44 2681 84.0300 -158.4800
-8.5238222786e-01 5.3468266833e-01 2.8960581385e+00
106 97 93
4 36 2376 -165.9400 119.4500 53 1941 -286.4200 45.4500 18 2382 -55.2800 36.3400 0 3395 -49.5900 -75.8700
-1.9737271015e-01 4.9197558541e-01 3.1218606031e+00
189 182 174
3 36 2368 -48.6900 108.0000 53 1928 -103.6600 13.1500 0 3397 -13.9100 -74.5200
-2.3497731301e+00 1.0599584596e+00 2.9735639957e+00
186 178 167
8 36 2408 -443.3000 215.9900 53 1975 -646.1700 144.3101 28 891 -318.6100 -81.6200 56 1813 -177.7900 69.0000 18 1590 -132.1500 62.4400 0 3435 -108.9400 -55.6200 19 1890 -306.4900 427.9900 44 2810 -136.6800 -72.8600
-1.1853951471e+00 1.0379074716e+00 2.9868135109e+00
174 166 155
11 36 1686 -229.1300 210.0300 53 1316 -357.3200 146.8600 1 1842 -569.3100 -12.4900 28 893 -162.8500 -70.9200 56 1812 -95.5000 68.2500 14 1033 -221.7500 -21.9399 18 1589 -71.8800 61.9700 0 3441 -60.2400 -53.4000 2 945 -125.3800 -52.7400 19 1886 -147.2300 427.1400 55 1731 -155.1100 -229.0900
-2.4228558932e+00 1.1931138073e+00 2.9706898730e+00
178 166 152
8 36 1701 -456.2900 239.8800 53 1322 -660.2200 174.1000 1 1852 -775.2900 10.3600 28 896 -325.5800 -66.9500 56 1827 -181.8500 77.5600 18 1602 -135.9900 69.1600 0 3445 -111.9500 -50.2900 51 2120 28.2100 49.0600
-2.2734894928e+00 1.1915681344e+00 2.9752849258e+00
183 174 163
10 36 1700 -428.2700 238.9399 53 1989 -623.7400 174.5300 1 1851 -750.8900 9.6400 28 898 -306.0000 -65.5600 56 1826 -171.3300 77.4000 18 1600 -128.1400 69.0600 0 3446 -105.6600 -49.7200 19 1912 -295.0800 445.9600 44 2826 -132.5200 -65.8800 51 2123 36.8200 50.5000
1.4283331393e+00 9.6012720623e-01 3.0049591071e+00
189 179 170
9 36 2400 255.3900 195.4500 53 1976 309.5300 146.4900 28 904 203.8200 -48.2300 56 1807 93.7200 64.8700 8 1793 263.8700 93.3600 39 935 465.7000 -180.1600 0 3452 58.7600 -47.8800 19 1884 225.4100 423.8800 44 2819 63.6300 -67.9000
1.4859616386e+00 9.9731387856e-01 3.0023121434e+00
103 87 70
12 36 2404 265.6700 201.9900 53 1980 323.9301 155.7200 28 909 211.3600 -43.0100 56 1811 97.7600 67.3600 8 1800 273.6899 99.6800 18 1588 70.3300 61.8600 39 943 488.5400 -168.0400 0 3455 61.2000 -45.9000 2 938 119.5900 -57.9300 19 1892 233.4200 429.3900 16 656 461.6600 -89.3100 44 4509 66.6800 -65.6800
-1.7193701776e+00 1.2461850087e+00 2.9795288065e+00
201 191 182
15 36 2419 -326.1800 247.5100 53 1994 -486.5300 190.1200 28 1331 -233.1100 -52.7800 56 2744 -132.4900 81.2800 8 2572 -277.4600 108.9000 14 2493 -320.8700 13.6400 25 2386 -226.5300 123.2200 0 3457 -82.9900 -45.9500 19 1915 -219.8900 453.2300 55 1753 -210.9400 -211.8700 44 2831 -104.8200 -62.3200 13 2417 -293.2900 -164.8600 51 2146 68.0800 58.7800 37 2242 -84.2600 -0.7800 7 1253 -603.5100 -513.8700
-5.0851598166e-01 1.2121719541e+00 2.9957093080e+00
182 172 162
12 36 2417 -103.9700 240.8201 53 1992 -184.9900 189.8201 47 2023 -128.8700 461.5000 8 1809 -77.3000 115.4000 18 1607 -36.3800 71.2300 25 2391 -108.8300 137.7100 0 3461 -30.6000 -43.3400 19 1914 -51.7800 452.3401 55 1762 -83.7600 -202.9400 44 2836 -42.6900 -60.4700 12 1965 -157.4200 -289.2300 37 1405 -29.6900 -3.2000
1.5071344577e+00 1.1023841010e+00 3.0489155309e+00
180 171 154
8 36 2411 268.6600 219.3201 53 1325 326.8600 176.5200 56 1820 98.9100 73.3200 8 1811 275.9399 117.2700 18 1595 71.3000 66.9800 0 3466 62.3300 -41.2000 19 1904 236.2000 443.2500 37 1396 60.9100 -10.2300
-2.1651870014e-01 1.2831051195e+00 3.0030366406e+00
179 173 162
