# Bundle file v0.3
60 4482
9.2634176018e+02 -3.4577464290e-01 -1.9802323162e-02
9.4529916781e-01 3.4136879774e-02 -3.2441355825e-01
8.1935625705e-02 9.3777838410e-01 3.3742888964e-01
3.1574679188e-01 -3.4555227645e-01 8.8368409947e-01
7.5942579807e-01 -3.0846193692e+00 -2.2287421531e+01
2.3888189342e+03 -1.2512732617e-01 1.9724282358e-01
9.9965505267e-01 -1.5479276448e-02 2.1217155337e-02
6.9228431752e-03 9.3458661446e-01 3.5566829254e-01
-2.5334757199e-02 -3.5539872267e-01 9.3437139190e-01
-2.2655055781e+00 -2.1220952915e+00 -1.6825122265e+01
5.9615619281e+02 -1.1099968458e-01 2.9871246996e-01
9.8911544484e-01 -9.2359459901e-02 1.1454417025e-01
-2.6340865002e-02 6.5474266521e-01 7.5539274632e-01
-1.4476462137e-01 -7.5018782483e-01 6.4518325449e-01
-3.5771173493e-01 -3.5352140499e+00 -7.7079454480e+00
0 0 0
0 0 0
0 0 0
0 0 0
0 0 0
0 0 0
0 0 0
0 0 0
0 0 0
0 0 0
0 0 0
0 0 0
0 0 0
0 0 0
0 0 0
0 0 0
0 0 0
0 0 0
0 0 0
0 0 0
0 0 0
0 0 0
0 0 0
0 0 0
0 0 0
2.5981072845e+03 -1.2309422466e-01 1.4602353635e-01
9.7197759742e-01 3.8293469378e-02 -2.3193352564e-01
3.7872280580e-02 9.4824472294e-01 3.1527390595e-01
2.3200267342e-01 -3.1522302520e-01 9.2022236656e-01
7.1100838951e-01 -1.4212996016e+00 -1.7532045846e+01
0 0 0
0 0 0
0 0 0
0 0 0
0 0 0
0 0 0
0 0 0
0 0 0
0 0 0
0 0 0
2.0043512249e+03 -3.3318399062e-01 2.5112312198e-01
-9.7373379041e-01 -2.4129221798e-03 -2.2767670767e-01
-9.5072337499e-02 -9.0429297915e-01 4.1619161271e-01
-2.0689068624e-01 4.2690559338e-01 8.8031122808e-01
9.0012441084e-01 -2.4061984324e+00 1.3313232470e+00
0 0 0
0 0 0
0 0 0
0 0 0
0 0 0
0 0 0
0 0 0
0 0 0
0 0 0
0 0 0
2.8861856856e+03 -7.0208277057e-02 -1.0220137280e-01
9.8487988194e-01 4.4292753813e-02 -1.6748065595e-01
1.8175176914e-02 9.3500922888e-01 3.5415731653e-01
1.7228256180e-01 -3.5184640664e-01 9.2006675031e-01
5.1991124341e-01 -2.1534031611e+00 -1.7101846678e+01
0 0 0
0 0 0
0 0 0
0 0 0
0 0 0
0 0 0
0 0 0
0 0 0
0 0 0
0 0 0
0 0 0
0 0 0
0 0 0
0 0 0
0 0 0
6.0830489488e+02 -1.2695409202e-01 5.9324814310e-02
-9.9649989838e-01 -6.8037235954e-03 -8.3316636254e-02
-4.6695433044e-03 -9.9059559940e-01 1.3674265541e-01
-8.3463452461e-02 1.3665309286e-01 9.8709664386e-01
4.2422458147e-01 -5.6988610100e-01 8.6357129625e+00
2.7394269799e+03 -2.1428815678e-01 -9.0552158559e-02
9.8763629411e-01 2.7692208845e-02 -1.5429741454e-01
-9.7423513299e-03 9.9321362980e-01 1.1589552265e-01
1.5645969818e-01 -1.1295940487e-01 9.8120361582e-01
5.9293954181e-01 1.6787814127e+00 -2.2332546705e+01
0 0 0
0 0 0
0 0 0
0 0 0
0 0 0
0 0 0
0 0 0
0 0 0
0 0 0
0 0 0
0 0 0
0 0 0
0 0 0
0 0 0
0 0 0
0 0 0
0 0 0
0 0 0
0 0 0
0 0 0
0 0 0
0 0 0
0 0 0
0 0 0
0 0 0
1.2933776359e+03 2.1675461195e-02 -3.5455778463e-02
9.0380133390e-01 8.1083499522e-02 -4.2020068414e-01
8.3863320220e-02 9.2929175103e-01 3.5969957602e-01
4.1965472995e-01 -3.6033638114e-01 8.3309519267e-01
6.2687511243e-01 -9.3870578464e-01 -1.3489644653e+01
0 0 0
0 0 0
0 0 0
0 0 0
0 0 0
2.9519158744e+03 -8.2858940742e-01 -2.2174070911e-01
9.9291828976e-01 -1.7969075638e-02 -1.1743245799e-01
4.3254662315e-03 9.9330743294e-01 -1.1541938314e-01
1.1872051301e-01 1.1409406638e-01 9.8635084215e-01
3.3661683982e-02 2.5508811669e+00 -7.3445059380e+00
1.0881380696e+03 -1.1560870796e-02 2.0968242982e-01
9.9387864721e-01 -2.3175810069e-02 -1.0801905592e-01
8.6235390616e-02 7.7390354893e-01 6.2740477712e-01
6.9055716778e-02 -6.3287927662e-01 7.7116478732e-01
3.6420456682e-01 -3.1075580868e+00 -9.6398144444e+00
0 0 0
0 0 0
0 0 0
0 0 0
0 0 0
0 0 0
0 0 0
0 0 0
0 0 0
0 0 0
0 0 0
0 0 0
0 0 0
0 0 0
0 0 0
0 0 0
0 0 0
0 0 0
0 0 0
0 0 0
1.3351058119e+04 -2.9349653570e-01 -2.6216553297e-03
9.9973467068e-01 -1.4234273780e-03 -2.2990478420e-02
5.3240517548e-03 9.8534178677e-01 1.7050870278e-01
2.2410772329e-02 -1.7058586432e-01 9.8508792510e-01
-2.6495816129e+00 1.4281409997e+00 -3.4771928581e+01
0 0 0
0 0 0
0 0 0
0 0 0
0 0 0
0 0 0
0 0 0
0 0 0
0 0 0
0 0 0
-9.5490054361e+02 -1.2300326694e-02 8.9542732994e-04
9.9988846585e-01 4.5550166865e-03 1.4223490217e-02
-3.5571420840e-03 9.9758185512e-01 -6.9410295221e-02
-1.4505260810e-02 6.9351958627e-02 9.9748679352e-01
-7.3143928799e-02 3.1658563723e-01 2.2608200756e+00
0 0 0
0 0 0
0 0 0
0 0 0
0 0 0
0 0 0
0 0 0
0 0 0
0 0 0
0 0 0
2.6015112372e+03 -2.1416183620e-02 2.1684592203e-01
9.9557920679e-01 2.2463735466e-02 -9.1199910023e-02
5.2803080172e-02 6.6915559984e-01 7.4124396654e-01
7.7678038877e-02 -7.4278271641e-01 6.6501124688e-01
-4.1289707902e-02 -3.3916698557e+00 -7.8525932903e+00
0 0 0
0 0 0
0 0 0
0 0 0
0 0 0
0 0 0
0 0 0
0 0 0
0 0 0
0 0 0
0 0 0
0 0 0
0 0 0
0 0 0
0 0 0
0 0 0
0 0 0
0 0 0
0 0 0
0 0 0
0 0 0
0 0 0
0 0 0
0 0 0
0 0 0
0 0 0
0 0 0
0 0 0
0 0 0
0 0 0
0 0 0
0 0 0
0 0 0
0 0 0
0 0 0
1.9817238296e+03 2.2835057152e-02 -5.9191853183e-02
9.9895745593e-01 -1.3285322276e-02 4.3674952159e-02
3.3585799060e-04 9.5882985424e-01 2.8398098142e-01
-4.5649626871e-02 -2.8367025016e-01 9.5783469385e-01
-9.6990549340e-02 -1.4883682253e-01 -1.0693831703e+01
0 0 0
0 0 0
0 0 0
0 0 0
0 0 0
0 0 0
0 0 0
0 0 0
0 0 0
0 0 0
0 0 0
0 0 0
0 0 0
0 0 0
0 0 0
0 0 0
0 0 0
0 0 0
0 0 0
0 0 0
2.1401557897e+03 -2.8152949009e-01 -2.4761773089e-02
9.9369305002e-01 3.5129464665e-02 -1.0648963825e-01
-2.6063774727e-02 9.9600927202e-01 8.5359297613e-02
1.0906329350e-01 -8.2045418851e-02 9.9064309782e-01
6.7160505739e-01 2.9040283586e+00 -2.2857515812e+01
-2.1257233421e+03 5.0861912085e-02 -2.4367477949e-01
9.9801231577e-01 -2.5035899729e-03 6.2969433879e-02
2.6363108048e-02 9.2416224930e-01 -3.8108939043e-01
-5.7239882075e-02 3.8199197505e-01 9.2239130899e-01
-4.0301931659e-01 7.9439475091e-01 5.4582606108e+00
0 0 0
0 0 0
0 0 0
0 0 0
0 0 0
3.0081230464e+03 -1.1182123593e-01 -1.2678483170e-02
9.3191314750e-01 2.4504426831e-02 -3.6185275815e-01
9.8304708970e-02 9.4329934433e-01 3.1705288389e-01
3.4910466870e-01 -3.3103758103e-01 8.7666416046e-01
7.8189183659e-01 -3.9064179779e+00 -2.9120711379e+01
6.1301237199e+02 -7.5805951291e-04 -8.7917356764e-02
9.9958729402e-01 9.0342418929e-03 -2.7269472193e-02
2.3301684334e-03 9.2063542431e-01 3.9041642617e-01
2.8632358536e-02 -3.9031884144e-01 9.2023442125e-01
-5.8639728462e-02 -1.1584653327e+00 -1.1074552114e+01
0 0 0
0 0 0
0 0 0
0 0 0
0 0 0
0 0 0
0 0 0
0 0 0
0 0 0
0 0 0
2.0533473148e+03 -7.0335726770e-03 7.6074005286e-02
9.9840548831e-01 -2.6197927221e-03 -5.6388097937e-02
3.5721137277e-02 8.0279881121e-01 5.9517902271e-01
4.3709052318e-02 -5.9624424979e-01 8.0161232110e-01
-1.8115467238e-01 -3.2403766203e+00 -1.0388353544e+01
1.6069220462e+00 2.3866960040e-01 3.0047787540e+00
58 55 62
7 36 99 283.1200 64.0500 53 60 359.6000 -25.9000 1 107 -95.9800 -134.5500 56 74 105.8500 15.0700 18 70 75.1200 23.0100 0 128 67.9200 -79.1600 2 31 144.4100 -116.0000
2.4627541077e+00 3.2462116915e+00 3.0977174987e+00
156 151 140
5 36 172 418.3900 568.1699 53 66 507.5900 608.6100 28 43 284.5000 187.3700 18 119 116.4300 167.2900 0 143 107.6800 53.4500
-1.3054496421e-02 -8.1023510378e-01 -2.5985579332e+00
147 147 133
2 36 177 310.0500 760.2000 53 123 -446.5100 797.8300
1.6200318465e+00 6.6720393054e-01 3.0050933954e+00
196 188 177
7 36 248 285.8600 140.6699 53 150 355.2700 76.3700 1 243 -96.5400 -67.8200 28 104 232.1400 -83.6900 56 263 106.0200 44.5200 18 233 75.9200 44.3400 0 292 67.0000 -60.9400
2.5767493556e+00 6.0785208752e+00 3.1587657615e+00
173 185 183
5 36 384 417.3600 997.8201 53 593 467.0601 1056.6201 18 260 117.2000 293.6000 0 340 106.0500 168.4500 55 154 246.9000 337.8900
-1.5041280160e+00 7.8263793276e-01 2.9726536919e+00
179 170 157
7 36 249 -278.7500 162.5400 53 151 -425.0600 83.2700 56 266 -115.3900 50.4800 18 234 -86.2500 48.1700 0 407 -71.5100 -66.1200 19 274 -183.3200 389.4900 55 178 -182.0000 -259.9600
-1.9531694141e+00 1.3177676023e+00 2.9803253917e+00
198 191 181
12 36 360 -353.4900 253.8600 53 212 -524.5500 198.3600 1 351 -681.1300 24.2200 28 168 -253.6400 -49.3200 56 386 -143.5500 83.7400 8 352 -301.5000 114.6600 14 208 -350.5700 20.7300 18 306 -107.3400 73.6000 25 329 -240.0000 126.0300 0 416 -89.4000 -44.7800 2 152 -188.5600 -33.5100 19 284 -240.7200 459.0100
1.4364230768e+00 1.1038232668e+00 3.0146793819e+00
137 123 113
7 36 353 252.4000 215.9500 53 211 303.2900 173.4900 47 296 351.4600 427.5400 56 270 91.2200 72.8300 14 160 295.2100 -4.0500 18 238 65.3400 66.0500 0 418 57.0300 -42.6500
-1.8062889633e-01 -1.3017413308e+00 2.9578735848e+00
176 164 148
8 36 445 -36.1500 -221.6500 53 194 -111.7100 -425.1600 28 94 -17.4300 -378.4400 52 176 15.7800 199.4700 56 342 -25.7600 -94.4900 25 303 -110.0900 -134.0600 0 559 -20.1500 -158.0800 19 351 -10.7700 104.0601
2.2307917788e+00 -1.1671316706e+00 2.9431433844e+00
115 99 83
8 36 640 413.0000 -200.6300 53 288 563.9800 -378.2500 52 238 275.6200 209.3200 56 345 163.3700 -84.1600 8 463 398.6400 -280.7800 18 392 109.8800 -53.0900 33 90 -205.5500 335.4299 0 566 90.7900 -148.5800
2.3025351204e+00 -1.2907971065e+00 2.9467841893e+00
203 197 184
7 36 636 425.4100 -222.6801 53 431 587.4399 -412.4000 52 359 281.1300 196.6100 8 454 412.1899 -303.7800 18 600 113.6700 -59.4600 33 164 -173.8300 283.8900 0 867 94.5700 -154.0600
-2.0082145635e+00 -1.1697380419e+00 2.9357994059e+00
103 89 76
8 36 644 -375.0100 -194.7500 53 432 -607.3100 -395.9000 52 375 -176.5800 217.6600 56 495 -164.6800 -83.7300 8 724 -340.6700 -292.8900 18 607 -114.2100 -53.1700 25 589 -286.0700 -127.3800 0 873 -97.0700 -154.0400
-2.3543859545e+00 9.0497605015e-01 2.9830052261e+00
134 127 109
3 36 713 -426.6800 184.0801 53 501 -628.5300 104.4200 0 999 -105.7000 -63.5400
-1.4755365498e+00 1.0116023600e+00 2.9745409731e+00
139 130 117
7 36 717 -271.5900 202.3101 53 504 -414.5400 135.1400 28 225 -194.4100 -78.7400 8 815 -229.4600 71.1600 18 676 -84.0700 59.6100 0 1004 -69.8300 -55.7500 19 582 -178.3300 419.5701
2.4303021878e+00 1.4598192933e+00 3.0307195481e+00
171 161 153
8 36 731 428.3000 275.2500 53 514 542.8500 258.8401 1 817 33.8700 55.7300 56 804 160.1300 95.3500 59 377 487.2400 -42.0000 18 682 118.1900 84.0200 0 1035 103.3900 -22.6700 2 607 183.6800 -28.4200
-1.5755674642e+00 2.3305366501e+00 3.0100042717e+00
17 14 17
7 36 764 -280.2100 427.2800 53 365 -413.6500 405.5701 59 241 -420.7100 79.8700 8 572 -232.8800 273.8700 18 480 -86.2800 122.9300 0 1057 -72.3900 -0.8400 19 617 -184.1800 593.6799
-2.2697959589e+00 2.5137597540e+00 3.0201911229e+00
169 168 160
7 36 769 -397.9400 453.2300 53 538 -567.0500 437.1400 18 487 -119.7200 130.0800 25 452 -255.2000 231.1900 0 1061 -99.0600 3.3400 2 403 -199.0500 37.2800 19 623 -273.8600 614.0801
-1.8682770957e+00 2.5058424135e+00 3.0048267529e+00
174 170 159
8 36 772 -328.2900 455.0901 53 540 -478.3500 440.7900 8 577 -275.9300 295.0701 18 486 -100.3700 130.8400 0 1064 -84.4100 5.0400 2 406 -165.8100 36.9600 19 624 -221.7300 615.0901 55 465 -216.8600 -85.1500
-1.8708079539e+00 2.5071472800e+00 3.0075666872e+00
174 170 159
6 36 773 -328.2900 455.0901 53 541 -478.3500 440.7900 8 578 -275.9300 295.0701 25 456 -222.5200 237.1900 0 1065 -84.4100 5.0400 19 625 -221.7300 615.0901
-1.4852684901e+00 2.4949283593e+00 3.0098044001e+00
176 170 159
8 36 503 -261.8700 453.7900 53 368 -391.1400 440.0601 56 557 -105.6900 152.8900 8 580 -216.7600 299.4000 14 302 -250.6900 226.8101 18 485 -81.3700 130.8000 0 1068 -69.4500 6.6900 19 622 -171.6000 614.5601
1.2972375522e+00 -2.1892483680e+00 2.9241321787e+00
92 72 56
9 36 1457 240.9000 -391.8400 53 667 319.8400 -679.4200 56 694 93.3600 -165.2500 8 676 225.6200 -471.5500 14 569 259.8101 -674.4600 11 89 715.9500 -466.1899 25 416 52.9300 -241.2900 33 245 -603.8300 -95.0100 0 1360 46.3100 -198.5900
-1.7547161068e+00 -1.2766880666e+00 2.9281184199e+00
193 184 175
5 36 638 -329.0700 -214.7000 53 429 -543.0500 -424.4800 52 361 -150.4400 205.8100 18 601 -101.8000 -58.5700 0 1421 -87.2600 -158.5000
-8.8633578871e-01 -8.9764099124e-01 2.9501954472e+00
179 167 153
4 36 1020 -165.0100 -146.5699 53 451 -301.1400 -318.3199 0 1444 -51.0800 -140.8200 2 185 -94.6400 -219.0200
3.8141458052e-01 -8.6894348772e-01 2.9648555189e+00
174 161 145
10 36 1023 66.9700 -140.4700 53 452 44.2500 -304.8900 28 312 70.0200 -300.8700 52 634 75.5500 245.1000 56 715 17.6800 -60.2800 59 291 9.2400 -592.7600 18 949 10.2800 -36.6900 25 604 -44.4600 -80.3400 33 283 -980.9700 452.1300 0 1454 4.8700 -137.1200
5.8616534223e-01 -7.6381525226e-01 2.9610088424e+00
192 185 169
10 36 1037 104.9000 -121.6200 53 723 99.1600 -275.8400 28 324 102.0900 -283.0600 52 651 97.8200 256.0000 56 727 33.6300 -53.0200 59 295 65.0000 -562.9000 8 1123 100.1801 -214.7600 18 962 21.4300 -31.5700 33 292 -894.9100 495.5100 0 1467 14.2000 -132.1700
-1.7540887492e+00 2.6506969760e-01 3.0104563190e+00
95 81 69
3 36 1634 -327.0300 71.0200 53 784 -491.7500 -41.6400 0 1521 -81.3300 -88.5900
-2.1587331797e+00 6.3745711797e-01 2.9339291466e+00
105 89 73
6 36 1668 -400.3100 140.1799 53 803 -591.0400 47.5800 56 784 -162.3000 41.0900 18 1047 -120.0700 41.1400 25 1015 -261.9000 58.1100 0 1556 -98.5200 -73.0900
-2.0715798872e+00 7.0344565168e-01 2.9435575240e+00
194 188 177
7 36 1106 -382.0500 150.7300 53 806 -567.9900 63.5400 28 563 -277.4000 -122.4500 56 785 -155.8600 45.7200 18 1053 -115.2200 44.0700 25 1018 -255.0200 64.7500 0 1563 -95.1900 -69.9200
-1.2701881020e+00 1.3275119148e+00 2.9898145667e+00
181 172 157
9 36 1124 -231.8000 256.2600 53 823 -359.8800 204.5801 1 1249 -571.7100 28.4500 28 575 -164.9700 -41.1300 56 1212 -96.1800 84.5800 14 718 -224.9800 24.3900 18 1068 -72.7100 74.6600 0 1608 -61.2400 -42.1300 55 695 -158.5600 -200.9800
1.4878540016e+00 1.2598280714e+00 3.0547637253e+00
170 155 136
3 36 1122 259.2200 241.1599 53 822 312.0699 204.2900 0 1612 59.0000 -36.0800
-2.0806733590e+00 2.5922507787e+00 3.0047209493e+00
38 33 27
7 36 1205 -364.7200 470.2200 53 897 -522.6500 455.4500 8 1295 -307.9700 306.4500 14 756 -353.9600 238.0300 18 1141 -110.1500 134.7200 25 1092 -237.4500 240.8300 0 1685 -91.8500 7.7700
1.5398480614e+00 2.2400775859e+00 3.0599699415e+00
37 30 31
6 36 1160 264.7100 409.9700 53 534 310.5300 407.7500 8 865 274.5601 298.0901 14 744 315.3600 203.2600 18 703 70.3600 121.9100 0 1688 61.1900 8.9100
-1.6865770986e+00 2.5785713244e+00 3.0085538443e+00
37 29 26
8 36 1199 -296.0900 468.0200 53 890 -433.7900 456.2000 8 1298 -248.1900 309.1899 14 762 -284.3000 239.0000 25 1097 -204.1400 246.6400 0 1689 -76.2900 8.7800 19 1333 -197.7800 624.3301 55 750 -197.1700 -75.5600
-1.6886941865e+00 2.5849995489e+00 3.0168634988e+00
37 29 26
5 36 1200 -296.0900 468.0200 53 891 -433.7900 456.2000 25 1098 -204.1400 246.6400 0 1690 -76.2900 8.7800 55 751 -197.1700 -75.5600
-1.6878151167e+00 2.5811714283e+00 3.0119984625e+00
37 29 26
6 36 1201 -296.0900 468.0200 53 893 -433.7900 456.2000 8 1299 -248.1900 309.1899 25 1099 -204.1400 246.6400 0 1691 -76.2900 8.7800 55 752 -197.1700 -75.5600
1.7879814083e+00 2.4451916705e+00 3.0540816383e+00
49 42 30
10 36 1178 308.4600 442.6000 53 880 366.5800 452.6599 28 657 219.1600 106.4000 56 839 110.8300 151.9300 8 882 316.3199 330.5500 18 1135 83.2300 131.5500 39 363 524.0300 209.3600 0 1711 72.2700 17.6200 2 652 115.8100 25.2200 55 773 161.9100 -49.9000
2.1240086107e+00 2.4326463827e+00 3.0573661464e+00
48 39 32
12 36 1175 367.9900 440.0000 53 879 446.2400 453.0500 1 866 -19.4100 200.2500 28 659 261.7500 109.7200 56 838 133.5300 151.5300 59 415 387.5601 132.5200 8 884 374.0300 332.8700 18 713 100.2800 131.2400 39 365 643.7500 215.7500 0 1712 87.5300 18.5500 2 650 140.6000 24.1400 55 775 198.2400 -47.2600
2.6984793825e+00 2.5346961318e+00 3.0230143454e+00
196 191 185
6 36 771 471.8700 455.9800 53 547 582.8101 487.8101 56 851 173.0500 161.1400 18 721 129.7500 136.2200 0 1717 110.9800 24.0600 55 786 253.0900 -34.6900
-1.3382949009e+00 5.2726259129e+00 3.0895942602e+00
142 138 131
5 36 820 -222.2100 884.4299 53 963 -317.5300 911.8000 56 885 -84.7200 289.8500 18 790 -69.0800 254.3700 0 1789 -58.1300 115.9200
-2.0829587269e+00 5.3763742576e+00 3.0553556553e+00
154 146 143
4 36 1264 -346.1400 903.0500 53 964 -466.5800 924.2900 0 1790 -86.8400 115.8700 19 1009 -233.1100 967.4900
2.2569071514e+00 5.1675142815e+00 3.1228650990e+00
146 138 132
6 36 1854 374.0800 869.1200 53 1467 423.3500 924.5500 28 1040 224.8600 321.6000 0 1809 92.0300 133.2600 19 1010 335.2400 969.3000 55 1352 209.5700 241.2100
2.5798776564e+00 6.2349333978e+00 3.1856992444e+00
159 163 163
5 36 1881 414.8400 1018.6201 53 2255 464.3900 1071.0000 18 1212 116.7900 299.9300 0 1817 105.8700 177.1100 55 852 245.8800 353.7500
1.2933886653e+00 -2.3459174984e+00 2.9159947073e+00
118 101 89
8 36 2122 242.4301 -423.5400 53 659 320.8800 -728.3500 52 926 171.9300 82.9800 8 1010 225.9800 -498.9301 14 899 259.2100 -705.7800 25 863 51.2900 -261.3700 33 239 -606.1600 -162.3100 0 2023 46.2800 -206.3400
1.3379453239e+00 -2.1156039991e+00 2.9358390469e+00
194 186 184
10 36 1463 249.7300 -379.4200 53 672 330.1500 -656.4301 52 577 177.3600 108.3500 56 1038 97.1700 -160.1200 8 680 236.1700 -457.4200 14 571 268.8800 -656.0800 18 902 62.4000 -104.2500 11 147 736.3300 -416.4000 33 248 -587.7400 -62.1700 0 2049 47.9600 -194.8700
2.7573302616e+00 -2.1103488228e+00 2.9299794330e+00
182 178 168
7 36 1461 516.4200 -381.1000 53 675 751.3000 -650.6899 52 941 330.3900 106.0600 56 1037 213.9300 -160.1300 18 1414 139.8100 -104.2800 33 398 16.3700 -56.3300 0 2053 116.3500 -193.3900
5.8565548193e-01 -1.3989749073e+00 2.9499231937e+00
208 201 191
9 36 1492 105.1300 -240.9500 53 683 102.7100 -449.4399 1 1078 -280.8600 -417.3900 28 287 112.5100 -386.8700 52 588 96.7900 187.6600 8 1064 98.0800 -326.6100 18 916 21.5400 -65.4200 33 413 -898.1200 234.8800 0 2108 14.3600 -161.4100
-1.8359405757e+00 -1.3360443136e+00 2.9388014715e+00
120 99 85
7 36 1496 -343.8500 -225.7300 53 685 -565.5400 -441.5200 52 977 -158.9500 199.9600 56 1050 -153.6800 -97.0700 18 1428 -106.2200 -61.7200 25 890 -272.1400 -145.2300 0 2110 -90.5300 -161.6800
-5.5004055361e-01 -1.2642350632e+00 2.9283451917e+00
180 172 153
4 36 2193 -105.7300 -213.7800 53 1110 -214.1800 -415.9100 52 982 -23.9700 204.2600 0 2122 -36.3100 -156.3000
3.7384071604e-01 -1.2715656728e+00 2.9533901792e+00
194 187 176
8 36 2187 65.3900 -218.8500 53 1109 42.0600 -416.6100 52 976 73.6300 200.9100 56 1051 17.3200 -92.5200 8 1075 59.4700 -305.1801 33 268 -989.6400 285.8201 0 2124 4.4100 -155.9900 27 160 53.6400 598.0000
6.3908917666e-01 -1.2634167277e+00 2.9576451647e+00
193 189 179
8 36 1498 115.9400 -215.3000 53 686 117.2600 -411.6400 28 460 118.7400 -363.2200 52 981 103.3700 202.2800 8 1077 107.4200 -302.0500 33 269 -875.7900 291.4200 0 2125 16.5800 -155.0500 27 281 215.5100 601.3700
-2.5901885150e+00 -9.7446908161e-01 2.9179741284e+00
171 157 144
8 36 1545 -481.1800 -156.4100 53 692 -756.6800 -345.0300 52 631 -236.2000 240.1700 56 1089 -207.8500 -69.1500 8 1090 -431.8500 -261.0900 14 931 -506.1200 -413.6300 18 934 -144.3400 -42.8500 0 2141 -120.4900 -145.8900
-2.5940772019e+00 -9.7153870145e-01 2.9270587305e+00
171 157 144
7 36 1546 -481.1800 -156.4100 53 693 -756.6800 -345.0300 52 632 -236.2000 240.1700 56 1090 -207.8500 -69.1500 8 1091 -431.8500 -261.0900 18 935 -144.3400 -42.8500 0 2142 -120.4900 -145.8900
-2.3835635237e+00 -9.6232103412e-01 2.9349045315e+00
159 147 132
8 36 1014 -442.4500 -154.7800 53 697 -700.4400 -342.1899 52 629 -214.3300 240.0700 56 1092 -192.3700 -68.3600 8 1093 -397.3700 -258.4399 18 933 -133.6600 -42.3400 25 1444 -316.1900 -107.8900 0 2143 -112.1100 -145.3800
-2.1637044597e+00 -9.6246012809e-01 2.9266668911e+00
167 152 139
6 36 1544 -403.0800 -155.9600 53 695 -643.2600 -341.4399 52 627 -192.0000 239.4000 56 706 -176.0400 -68.2300 0 2146 -103.3500 -144.9900 55 886 -256.2200 -454.7800
2.9874662999e+00 -1.0749497422e+00 2.9431761579e+00
219 219 216
6 36 1511 552.2300 -184.0500 53 1164 776.2200 -347.3800 52 987 355.9100 218.8700 56 1061 222.9500 -76.0400 18 1451 150.6200 -48.1200 0 2151 127.1400 -142.4300
-6.7336352626e-01 -9.3875123034e-01 2.9630415458e+00
168 158 144
6 36 1550 -126.1400 -153.3600 53 700 -241.8400 -327.9000 56 707 -62.5600 -66.2200 25 911 -156.4100 -96.1200 0 2152 -40.9000 -142.5500 55 896 -107.4100 -445.5100
-1.9477109095e+00 -8.7482812584e-01 2.9223238405e+00
171 157 144
8 36 1024 -363.1900 -138.7800 53 709 -583.8500 -316.5300 52 386 -169.4700 248.4600 56 713 -159.2800 -61.2900 14 599 -383.4800 -394.8900 18 619 -111.2400 -37.8400 0 2161 -94.7000 -140.6200 55 897 -234.9900 -444.4600
-1.9477109095e+00 -8.7482812584e-01 2.9223238405e+00
171 157 144
8 36 1025 -363.1900 -138.7800 53 710 -583.8500 -316.5300 52 387 -169.4700 248.4600 56 714 -159.2800 -61.2900 14 600 -383.4800 -394.8900 18 620 -111.2400 -37.8400 0 2162 -94.7000 -140.6200 55 898 -234.9900 -444.4600
5.8522342350e-01 -9.1781795211e-01 2.9500561872e+00
185 172 156
15 36 1015 104.5400 -150.7200 53 449 99.3700 -318.2700 28 307 103.1300 -306.5800 52 625 96.9400 239.7400 56 709 33.3600 -64.5900 59 286 64.3101 -604.9301 8 1105 99.8900 -242.7500 14 598 113.3700 -404.4700 18 942 21.3000 -39.9300 11 165 200.5000 237.7500 25 926 -22.5000 -84.8700 33 280 -896.6700 430.5100 0 2164 14.1800 -139.6000 2 281 75.3800 -216.2200 19 753 97.4200 155.3101
-1.3233524138e+00 -8.4374506103e-01 2.9323083963e+00
183 175 157
6 36 1558 -247.9900 -135.2000 53 713 -416.2100 -305.4500 52 639 -104.2400 250.2600 56 1104 -112.1200 -59.7900 18 951 -78.9300 -36.0400 0 2168 -68.6800 -138.5300
-2.1666984593e+00 -8.2341541979e-01 2.9349125214e+00
173 163 153
8 36 1561 -401.9300 -129.9301 53 715 -639.7500 -305.5300 52 647 -191.6500 254.3100 56 1108 -175.2000 -57.5700 18 954 -122.2900 -34.9400 0 2169 -103.5100 -138.7200 2 187 -252.6100 -218.4700 55 904 -256.3900 -439.6500
-6.7067923448e-01 -8.4256701747e-01 2.9505956066e+00
174 167 156
5 36 1556 -125.8500 -135.2100 53 716 -241.3400 -302.7200 52 637 -34.9700 249.2900 0 2174 -40.7700 -137.2800 55 914 -107.6400 -434.6500
2.2189633671e+00 -9.2767192893e-01 2.9411759265e+00
195 185 173
9 36 1547 407.5100 -154.4700 53 711 553.1400 -311.0300 52 619 272.4700 235.9300 56 1102 160.5800 -64.7100 8 1107 396.7400 -239.0200 14 594 454.5400 -407.9399 18 941 109.0100 -40.2100 33 281 -207.5200 433.1200 0 2177 90.4600 -137.0600
-8.8094461872e-01 -7.1400632860e-01 2.9625484394e+00
190 180 168
6 36 1573 -163.4600 -112.4200 53 733 -297.0400 -270.8400 52 662 -55.9700 262.4700 56 1121 -78.0700 -49.7400 0 2200 -50.5800 -133.0100 2 301 -93.3600 -197.2900
7.7841500577e-01 -7.6402724438e-01 2.9724381647e+00
195 188 177
10 36 1036 139.8700 -121.2900 53 729 150.6800 -274.4000 28 327 132.7400 -281.3500 52 649 118.0300 256.1900 56 725 48.2000 -53.1300 8 755 133.6500 -213.1700 18 960 31.3900 -31.5500 11 172 304.5000 314.2200 33 300 -815.0800 497.6700 0 2215 22.8100 -131.5300
2.0159829655e+00 -7.5794018368e-01 2.9538759824e+00
193 185 172
6 36 1565 368.5500 -122.1000 53 736 491.3101 -267.7300 52 644 250.4000 254.7500 18 964 97.6000 -31.0300 33 302 -293.9500 503.4700 0 2229 80.4700 -129.2000
-1.7491070195e+00 5.7046308161e-01 2.9587176425e+00
194 188 178
6 36 1657 -324.8700 125.9900 53 1298 -490.2300 34.1600 56 1194 -133.8700 36.5800 18 1573 -99.0100 37.3900 0 2332 -81.9500 -75.4300 55 1055 -206.5200 -283.7400
-2.1388812606e+00 9.3270552978e-01 2.9601405249e+00
195 188 178
9 36 1115 -391.3700 190.1200 53 815 -577.0600 112.4700 56 789 -158.3100 59.3600 59 361 -588.6900 -191.1600 8 1218 -335.1000 53.9300 25 1035 -258.3800 85.9600 0 2354 -96.8700 -60.7000 2 362 -212.8100 -63.0400 19 838 -268.8600 408.9399
-2.1386145301e+00 9.3468122056e-01 2.9637058070e+00
195 188 178
9 36 1116 -391.3700 190.1200 53 816 -577.0600 112.4700 56 790 -158.3100 59.3600 59 362 -588.6900 -191.1600 8 1219 -335.1000 53.9300 14 708 -390.3700 -50.2900 25 1036 -258.3800 85.9600 0 2355 -96.8700 -60.7000 19 839 -268.8600 408.9399
-2.3055886504e+00 1.0850201555e+00 2.9648287935e+00
200 192 182
4 36 1691 -418.3200 215.7300 53 1317 -613.7800 146.7000 1 1245 -743.0300 -11.1500 0 2361 -103.5600 -55.0800
-2.3035886938e+00 1.0902374950e+00 2.9672264729e+00
200 192 182
7 36 1692 -418.3200 215.7300 53 1318 -613.7800 146.7000 1 1246 -743.0300 -11.1500 8 1789 -358.5200 78.0700 18 1592 -124.2700 63.5600 25 1620 -271.7500 100.6600 0 2362 -103.5600 -55.0800
-1.3861238259e+00 1.0772033681e+00 2.9813715300e+00
193 185 178
9 36 1690 -253.9900 212.7400 53 819 -392.6600 150.2000 1 1243 -593.4100 -10.3700 28 570 -182.0400 -69.9400 56 1209 -105.5500 69.4300 59 582 -408.6000 -152.8600 18 1062 -79.1200 62.5400 0 2365 -66.2600 -52.7900 19 1274 -166.5400 428.1000
1.5866398167e+00 1.0012205064e+00 3.0127123753e+00
202 193 176
7 36 1683 279.3500 198.8401 53 1319 341.0300 151.5701 28 907 221.0900 -44.4200 56 1809 102.7300 66.0200 18 1586 74.0700 61.2000 0 2376 64.4800 -46.2000 19 1272 244.6000 427.1200
1.5862306384e+00 1.0049038103e+00 2.9928691988e+00
202 193 176
10 36 1684 279.3500 198.8401 53 1320 341.0300 151.5701 28 908 221.0900 -44.4200 56 1810 102.7300 66.0200 8 1799 285.1600 98.6800 14 1036 326.6400 -18.7600 18 1587 74.0700 61.2000 39 937 514.2500 -171.3900 0 2377 64.4800 -46.2000 19 1273 244.6000 427.1200
-2.3718251189e+00 2.4496997217e+00 3.0023202891e+00
38 28 27
7 36 1183 -417.3800 446.2000 53 864 -591.4500 424.6599 8 1273 -353.2000 282.1100 14 746 -407.0500 213.5000 18 1124 -124.9300 127.7900 25 1678 -263.0700 223.0900 0 2450 -103.6300 1.2400
-2.4655916313e+00 2.4830665647e+00 2.9993989423e+00
178 170 159
8 36 1189 -432.9200 452.1899 53 1381 -612.0900 431.4000 8 1278 -367.4500 284.9399 14 1087 -422.9100 217.4700 18 1130 -129.2700 128.9400 25 1680 -270.6900 224.5500 0 2451 -107.2900 1.6400 2 672 -216.0500 36.1800
-2.0724835411e+00 2.4705623482e+00 3.0074957633e+00
201 193 184
8 36 1187 -364.7400 449.5601 53 873 -523.5200 430.7500 56 1261 -143.5800 150.7300 8 1280 -307.6100 286.9900 18 1129 -110.2300 128.6600 25 1686 -238.0000 229.2600 0 2458 -91.9500 2.5300 19 913 -249.4800 611.4299
-1.3774588479e+00 2.4263307677e+00 3.0068586684e+00
61 48 42
5 36 1750 -244.5500 442.0300 53 1378 -366.4800 428.7800 8 1865 -201.6100 290.7500 0 2461 -64.0800 3.5900 55 1199 -167.3000 -88.2100
-1.6743750781e+00 2.4522828049e+00 3.0083716050e+00
189 185 174
10 36 1184 -295.6200 446.4900 53 872 -433.9900 431.8301 8 1281 -247.2300 289.7800 14 751 -283.5300 217.6300 18 1128 -90.7400 128.3100 25 1088 -204.3500 235.2000 0 2463 -76.2500 3.4800 2 668 -150.8300 33.6900 19 910 -196.9100 609.9299 55 1197 -196.4200 -89.0500
1.8745014378e+00 2.2780295001e+00 3.0572794660e+00
77 68 61
6 36 1738 322.5601 415.6200 53 1375 387.9700 418.9600 56 1875 116.7200 142.3100 8 1290 332.0500 305.6300 0 2479 76.2100 11.2200 55 1234 171.6800 -66.5500
-1.5961506386e+00 2.6740364749e+00 3.0214545636e+00
156 147 138
8 36 1774 -279.2400 482.0500 53 1397 -411.7700 475.3101 18 1145 -86.1300 138.6300 25 1114 -196.8300 256.6800 0 2488 -72.9700 12.3600 2 1026 -142.7600 46.6400 19 937 -185.2900 635.4199 55 1235 -188.6900 -66.6900
-1.5991609821e+00 2.6751984223e+00 3.0207842498e+00
156 147 138
6 36 1775 -279.2400 482.0500 53 1398 -411.7700 475.3101 18 1146 -86.1300 138.6300 25 1115 -196.8300 256.6800 0 2490 -72.9700 12.3600 55 1236 -188.6900 -66.6900
-8.6062029346e-01 2.4043005540e+00 2.5938790769e+00
148 140 127
3 36 1771 -164.0700 478.3600 53 1401 -269.8400 485.6500 18 1144 -54.3700 138.1400
-1.8222408733e+00 5.4057951061e+00 3.0512968756e+00
180 173 167
4 36 1865 -301.7100 910.4500 53 1472 -412.3600 933.0901 0 2619 -76.3700 119.0300 55 1342 -202.4900 202.8600
-1.3211290623e+00 -1.5345069546e+00 2.9215432525e+00
202 197 191
5 36 2174 -251.3500 -263.4100 53 1094 -430.7800 -494.9100 52 1570 -106.5900 177.3200 14 1357 -272.4800 -525.8800 0 3086 -69.2600 -169.4700
-4.0470636964e-01 -1.3502301969e+00 2.9482980412e+00
209 202 194
10 36 1495 -78.7100 -230.0300 53 1103 -173.9900 -439.0000 28 455 -54.4400 -389.4500 52 973 -8.3100 195.0700 56 1048 -42.9600 -97.8600 14 920 -88.8000 -490.4100 18 1427 -31.3700 -62.6700 25 1410 -133.7300 -140.7700 0 3120 -30.1400 -160.2400 19 1661 -41.5700 95.5400
-2.1738753811e+00 -7.2406420700e-01 2.9291762714e+00
173 163 153
7 36 1575 -402.4500 -111.3101 53 1176 -639.0000 -278.4301 52 664 -191.6900 264.9400 56 1118 -174.7100 -50.7700 8 1637 -361.1600 -218.3600 18 1481 -122.3400 -29.7400 0 3221 -103.4900 -134.7700
2.7777323370e+00 -8.2580559482e-01 2.9472952303e+00
89 74 56
9 36 2232 511.1700 -136.4700 53 1172 708.3600 -281.2900 52 1615 332.7600 246.8600 56 1653 204.0500 -57.1300 8 1639 499.5100 -217.1200 18 2237 139.0700 -34.8000 25 1517 247.5300 -56.9500 33 643 25.9900 477.2400 0 3238 116.5400 -131.5200
6.3163461447e-01 -6.9291692697e-01 2.9610782429e+00
73 53 42
9 36 2247 112.7400 -108.7900 53 1191 110.8600 -257.5699 28 791 108.6500 -272.4400 52 1049 102.5300 263.4700 56 1673 37.1100 -48.1300 59 522 76.7100 -544.8800 18 2246 23.5300 -27.7800 33 448 -875.5800 525.7200 0 3255 15.9200 -128.4700
2.6866654173e+00 -7.1718719230e-01 2.9823406943e+00
50 35 28
9 36 2238 491.8400 -115.8400 53 1196 676.1600 -253.3300 52 1045 322.2500 258.4500 56 1119 195.4400 -49.4300 8 1665 480.5601 -197.4800 18 1485 133.5900 -28.7200 25 958 234.4300 -43.0900 0 3272 111.7700 -126.0200 2 485 290.5300 -189.3700
1.9175148641e+00 -6.4249339250e-01 2.9523236766e+00
177 163 144
8 36 2265 350.8400 -101.8400 53 1216 462.9800 -237.2400 52 1057 240.5900 266.9500 56 1695 136.0600 -43.8900 8 1696 338.5699 -187.3600 18 1507 92.6200 -25.0500 33 666 -335.9500 550.7500 0 3280 75.5300 -123.8200
6.1742378254e-01 -6.2445758340e-01 2.9470708094e+00
45 25 19
5 36 3368 111.1900 -96.6801 53 1832 106.5800 -239.2400 52 1665 101.9500 270.2000 56 1712 36.0400 -42.8800 33 459 -881.8300 553.9500
-9.0676943855e-01 5.5528057065e-01 2.9251597607e+00
106 97 93
5 36 2375 -165.9400 119.4500 53 1940 -286.4200 45.4500 18 2381 -55.2800 36.3400 0 3394 -49.5900 -75.8700 19 2823 -104.6200 357.4600
-8.9679388311e-01 5.4319401708e-01 2.8881509075e+00
106 97 93
4 36 2376 -165.9400 119.4500 53 1941 -286.4200 45.4500 18 2382 -55.2800 36.3400 0 3395 -49.5900 -75.8700
-2.1945308855e-01 4.9826578042e-01 3.1194931655e+00
189 182 174
3 36 2368 -48.6900 108.0000 53 1928 -103.6600 13.1500 0 3397 -13.9100 -74.5200
-2.4437670385e+00 1.0864343271e+00 2.9700859535e+00
186 178 167
7 36 2408 -443.3000 215.9900 53 1975 -646.1700 144.3101 28 891 -318.6100 -81.6200 56 1813 -177.7900 69.0000 18 1590 -132.1500 62.4400 0 3435 -108.9400 -55.6200 19 1890 -306.4900 427.9900
-1.2405842593e+00 1.0619696982e+00 2.9803985594e+00
174 166 155
11 36 1686 -229.1300 210.0300 53 1316 -357.3200 146.8600 1 1842 -569.3100 -12.4900 28 893 -162.8500 -70.9200 56 1812 -95.5000 68.2500 14 1033 -221.7500 -21.9399 18 1589 -71.8800 61.9700 0 3441 -60.2400 -53.4000 2 945 -125.3800 -52.7400 19 1886 -147.2300 427.1400 55 1731 -155.1100 -229.0900
-2.5190585729e+00 1.2237661897e+00 2.9675923228e+00
178 166 152
7 36 1701 -456.2900 239.8800 53 1322 -660.2200 174.1000 1 1852 -775.2900 10.3600 28 896 -325.5800 -66.9500 56 1827 -181.8500 77.5600 18 1602 -135.9900 69.1600 0 3445 -111.9500 -50.2900
-2.3647372623e+00 1.2215300133e+00 2.9717198262e+00
183 174 163
8 36 1700 -428.2700 238.9399 53 1989 -623.7400 174.5300 1 1851 -750.8900 9.6400 28 898 -306.0000 -65.5600 56 1826 -171.3300 77.4000 18 1600 -128.1400 69.0600 0 3446 -105.6600 -49.7200 19 1912 -295.0800 445.9600
1.4595990019e+00 9.7859353786e-01 2.9911934432e+00
189 179 170
8 36 2400 255.3900 195.4500 53 1976 309.5300 146.4900 28 904 203.8200 -48.2300 56 1807 93.7200 64.8700 8 1793 263.8700 93.3600 39 935 465.7000 -180.1600 0 3452 58.7600 -47.8800 19 1884 225.4100 423.8800
1.5183165363e+00 1.0170186596e+00 2.9904515037e+00
103 87 70
10 36 2404 265.6700 201.9900 53 1980 323.9301 155.7200 28 909 211.3600 -43.0100 56 1811 97.7600 67.3600 8 1800 273.6899 99.6800 18 1588 70.3300 61.8600 39 943 488.5400 -168.0400 0 3455 61.2000 -45.9000 2 938 119.5900 -57.9300 19 1892 233.4200 429.3900
-1.7938190251e+00 1.2748647999e+00 2.9786106808e+00
201 191 182
10 36 2419 -326.1800 247.5100 53 1994 -486.5300 190.1200 28 1331 -233.1100 -52.7800 56 2744 -132.4900 81.2800 8 2572 -277.4600 108.9000 14 2493 -320.8700 13.6400 25 2386 -226.5300 123.2200 0 3457 -82.9900 -45.9500 19 1915 -219.8900 453.2300 55 1753 -210.9400 -211.8700
-5.4210067912e-01 1.2409944024e+00 2.9925874453e+00
182 172 162
9 36 2417 -103.9700 240.8201 53 1992 -184.9900 189.8201 47 2023 -128.8700 461.5000 8 1809 -77.3000 115.4000 18 1607 -36.3800 71.2300 25 2391 -108.8300 137.7100 0 3461 -30.6000 -43.3400 19 1914 -51.7800 452.3401 55 1762 -83.7600 -202.9400
1.5418179032e+00 1.1263966271e+00 3.0394800832e+00
180 171 154
7 36 2411 268.6600 219.3201 53 1325 326.8600 176.5200 56 1820 98.9100 73.3200 8 1811 275.9399 117.2700 18 1595 71.3000 66.9800 0 3466 62.3300 -41.2000 19 1904 236.2000 443.2500
-2.4069648289e-01 1.3142300388e+00 2.9984227767e+00
179 173 162
6 36 2422 -48.5500 253.8301 53 1997 -111.6100 208.3301 1 2745 -403.7200 28.3700 59 894 -139.4200 -95.9000 0 3472 -17.7700 -39.0500 55 1776 -53.2200 -192.6600
-1.3774320133e+00 2.0179654269e+00 2.9853056412e+00
29 19 19
5 36 2446 -249.9800 378.2700 53 2037 -372.3500 346.4500 18 1634 -77.2800 109.4900 0 3513 -63.7900 -11.7800 2 995 -131.3400 5.0900
-2.3899310391e+00 2.6938578837e+00 3.0100244154e+00
160 153 145
6 36 2512 -415.9500 485.2000 53 2103 -588.7300 473.0500 8 1887 -354.4800 316.5801 18 1685 -124.9100 138.7500 25 2488 -262.5200 243.7200 0 3553 -103.9500 9.8800
-1.3899942200e+00 2.6451833345e+00 2.9901309251e+00
163 156 146
4 36 1772 -245.3500 479.3600 53 2101 -368.6500 473.8000 18 1681 -76.5400 137.9100 0 3566 -64.9200 12.6200
1.9712757001e+00 5.0357320398e+00 3.1141338250e+00
183 184 176
3 36 2639 327.0800 851.5400 53 2209 365.7900 902.3101 0 3768 79.5800 127.1300
1.7649401508e+00 5.1016624023e+00 3.1094914385e+00
179 172 166
10 36 2644 293.0900 861.8600 53 2212 322.7900 911.5801 47 2197 370.7700 1207.3301 56 1979 100.0300 285.4000 8 2030 307.7900 722.5300 14 1834 356.8500 681.6799 18 1783 79.9500 252.6400 0 3770 70.6600 128.5500 19 1440 269.8199 959.7900 55 2082 157.9100 228.7000
2.3655478680e+00 -1.4139277372e+00 2.9419995382e+00
187 173 161
6 36 91 437.7500 -247.0000 53 37 611.1100 -447.1801 52 57 288.2200 182.8300 8 59 425.5601 -324.5100 18 101 116.8700 -65.8500 33 18 -148.8100 232.4800
1.9081695022e+00 1.9426373667e+00 3.1669905457e+00
165 155 145
3 36 163 326.7700 351.2800 53 111 400.0400 337.1699 18 114 88.7200 105.1400
1.9100583234e+00 1.9466729317e+00 3.1740550397e+00
165 155 145
2 36 164 326.7700 351.2800 53 112 400.0400 337.1699
2.1279072549e+00 -2.6724200540e+00 2.9592818601e+00
10 8 11
4 36 229 396.0800 -486.4500 53 92 577.2500 -828.2900 56 167 163.3900 -208.1500 18 147 107.2300 -135.0700
-1.8320403762e+00 5.3734819563e-01 2.9405614980e+00
144 137 127
9 36 155 -339.0700 120.5801 53 146 -512.8900 28.4500 1 179 -672.0000 -95.9900 28 100 -248.8800 -140.0000 56 185 -140.5200 34.6600 59 82 -532.0900 -274.1600 18 157 -103.7200 35.1800 25 322 -236.0600 49.4100 55 124 -215.3100 -289.5900
2.1707559737e+00 1.1262056646e+00 3.0171430841e+00
194 186 173
9 36 252 380.8300 219.6500 53 154 484.4900 184.3301 1 248 -9.1600 4.4900 28 112 299.1200 -21.7500 56 269 143.5800 74.3500 8 246 389.0400 121.6400 14 117 441.5500 3.1400 18 239 103.6300 67.3400 39 46 748.2200 -116.4900
1.7092255281e+00 1.1485845466e+00 3.0042501609e+00
184 177 161
10 36 253 302.5900 223.0500 53 155 370.3101 184.1599 1 251 -83.0100 5.7900 28 111 235.0700 -26.1200 47 236 414.8600 437.3500 56 271 110.9000 75.0700 8 247 306.8900 122.0600 14 161 349.3101 7.0701 39 76 556.7100 -123.7700 19 189 261.8101 446.6300
-1.5918138644e+00 -2.6243969450e+00 2.9160618895e+00
73 56 45
5 36 428 -317.6000 -470.3500 53 189 -525.4700 -819.9900 1 303 -669.8800 -636.7000 52 169 -142.1000 61.6900 18 281 -97.7600 -130.2000
2.5393173609e+00 -1.6936782749e+00 2.9479239033e+00
185 175 165
5 36 336 471.0800 -298.5400 53 193 668.6700 -526.6300 52 174 306.3000 152.4700 8 319 458.4600 -377.0100 33 65 -74.0900 116.0400
1.9250497648e+00 4.1808808549e-01 3.0070030044e+00
201 194 183
7 36 348 341.7000 95.5400 53 203 437.7900 20.1400 1 342 -46.3800 -106.6800 28 162 282.8500 -112.3300 56 380 129.0200 27.9200 14 281 396.5500 -132.6000 18 301 92.0100 31.5300
2.5093427286e+00 -9.6679814533e-01 2.9323718065e+00
166 150 135
4 36 648 462.6200 -162.1100 53 296 638.3000 -320.2700 52 241 304.2000 231.4100 18 395 124.7500 -42.1000
-3.9163643152e-02 -5.9362039611e-01 2.9290904220e+00
49 31 24
3 36 667 -9.7600 -89.6300 53 314 -71.2500 -233.5800 56 358 -14.1300 -40.3400
2.8729822816e+00 -3.2683644939e-01 2.9653620591e+00
123 108 91
4 36 682 522.6500 -45.1200 53 333 715.8800 -149.3500 56 518 206.4700 -20.6400 18 430 143.0400 -7.7100
-1.3302586367e+00 6.8798178292e-01 2.9612597794e+00
186 176 165
8 36 701 -248.0400 145.0400 53 340 -385.4200 64.4399 1 528 -587.9000 -69.7200 28 222 -176.7200 -115.4600 56 530 -103.5200 44.7900 18 439 -77.3200 43.8500 2 145 -136.4500 -80.7100 19 574 -159.5700 377.3401
1.0264180000e+00 -2.5904621789e+00 2.9446888697e+00
87 69 56
7 36 953 187.0601 -470.5100 53 417 241.1300 -805.4900 52 564 140.6900 57.9500 56 681 71.3900 -200.9000 14 351 201.3500 -759.6100 18 884 45.0300 -129.8900 33 377 -716.4800 -260.6600
2.7829417113e+00 -1.9827760630e+00 2.9331861117e+00
195 190 184
3 36 973 519.6600 -355.7900 53 424 752.4000 -610.7000 52 349 332.8300 120.6700
-1.2724443316e+00 -1.1698296041e+00 2.9226829540e+00
108 97 84
5 36 1003 -239.8200 -195.1300 53 435 -410.6300 -393.1000 52 372 -98.8200 215.9300 56 490 -109.5800 -84.0300 18 611 -76.9700 -52.9700
1.6800986763e+00 -1.1766787460e+00 2.9303219482e+00
112 96 82
5 36 995 309.8400 -200.0900 53 443 409.2200 -382.5900 1 743 -90.6400 -375.9800 56 702 120.5600 -84.4100 18 919 80.3800 -53.4000
1.5524003740e+00 -1.1759346826e+00 2.9386729928e+00
116 99 83
6 36 997 285.9301 -199.9100 53 441 372.4600 -383.7100 1 744 -113.4800 -377.1899 52 363 202.0500 209.9700 18 604 73.4200 -53.4800 33 165 -490.2800 329.5000
8.2903768082e-01 -1.1555983023e+00 2.9589577006e+00
105 92 79
4 36 999 152.2100 -196.0500 53 445 169.4300 -381.2700 28 295 149.3200 -341.9800 11 94 348.6100 125.9600
-8.8748595924e-01 -8.9952993461e-01 2.9544229654e+00
179 167 153
6 36 1019 -165.0100 -146.5699 53 450 -301.1400 -318.3199 52 382 -57.3000 242.7100 56 710 -79.3700 -63.2000 2 184 -94.6400 -219.0200 55 549 -131.4200 -443.1600
2.8466335137e+00 -7.6170981418e-01 2.9438701705e+00
195 187 174
7 36 1031 523.6600 -124.5100 53 739 724.6700 -262.7700 52 388 340.5300 253.1300 56 731 209.0300 -52.3100 8 760 512.6899 -205.6899 18 624 142.7400 -31.2500 33 181 55.0900 502.6799
-1.8988945918e+00 5.8058627337e-01 2.9391002002e+00
203 196 190
6 36 1100 -353.0000 129.3700 53 799 -528.9900 35.8101 56 780 -144.4600 37.3100 18 1046 -106.8900 37.8900 25 1010 -241.0800 54.6700 55 1056 -221.5400 -283.4500
1.7878038123e+00 2.0363651904e+00 3.0215183429e+00
186 178 168
5 36 760 310.1000 378.4500 53 531 373.3500 372.6799 14 428 366.6100 171.0300 18 699 83.2900 112.8000 39 189 544.2200 107.6400
-2.4750684155e+00 2.6196724342e+00 2.9967555502e+00
30 27 22
3 36 1210 -433.1400 474.4900 53 900 -611.3200 457.5400 8 869 -367.7500 305.2000
1.0536584298e+00 2.4807648543e+00 2.8331294246e+00
188 184 172
3 36 1197 185.6300 467.5100 53 548 196.1100 486.1599 18 727 46.5000 137.4300
-1.5404490958e+00 -2.6648032779e+00 2.9167535262e+00
126 110 94
4 36 1421 -308.8500 -478.5800 53 648 -511.3400 -832.5601 1 1008 -660.9600 -643.8500 52 565 -137.8800 57.2300
1.8015739129e+00 -2.5173482856e+00 2.9737941811e+00
126 112 93
4 36 955 332.0400 -455.1500 53 418 474.5200 -780.6300 56 684 135.5300 -194.6400 18 584 87.8400 -125.5900
2.8745640085e+00 -2.2454745139e+00 2.9524787981e+00
185 183 171
8 36 1447 537.9900 -404.6300 53 665 789.2600 -689.3199 47 754 793.7000 -396.8000 52 571 342.2900 92.7900 56 689 223.8300 -170.6900 8 1016 524.5500 -480.8900 18 898 145.8600 -111.3000 33 243 64.5000 -112.5800
2.8743025490e+00 -2.2456328892e+00 2.9524419223e+00
185 183 171
7 36 1448 537.9900 -404.6300 53 666 789.2600 -689.3199 47 755 793.7000 -396.8000 52 572 342.2900 92.7900 56 690 223.8300 -170.6900 18 899 145.8600 -111.3000 33 244 64.5000 -112.5800
2.9619169296e+00 -2.1862454074e+00 2.9363259943e+00
77 66 48
4 36 1455 554.8900 -394.0300 53 669 813.5800 -672.1500 52 574 351.9900 98.9100 33 247 104.1100 -88.9000
-2.3812257359e+00 -9.6242821392e-01 2.9282361270e+00
159 147 132
