# Bundle file v0.3
90 13152
0 0 0
0 0 0
0 0 0
0 0 0
0 0 0
2.2748076533e+04 -4.1524477593e-03 -4.3969888329e-05
-8.5282781256e-01 4.7192325394e-02 -5.2005538796e-01
-2.5090451848e-03 -9.9626677192e-01 -8.6291505101e-02
-5.2218619937e-01 -7.2286953071e-02 8.4976241950e-01
1.1240819301e+01 1.9241141988e+01 8.1436219110e+02
1.8706673950e+03 -1.7635603480e-01 4.7999238297e-01
9.6979147519e-01 2.2972666785e-02 2.4285129448e-01
-1.1282805794e-01 9.2490519206e-01 3.6307053727e-01
-2.1627372469e-01 -3.7950315186e-01 8.9955713200e-01
7.0478761230e-03 -1.7626595519e+01 -6.6653883999e+01
1.5571044813e+03 1.9777038129e-02 -9.3758221331e-02
9.9375125285e-01 4.8442069674e-02 1.0055751264e-01
-6.8574334734e-02 9.7580733047e-01 2.0759964937e-01
-8.8068201284e-02 -2.1319807619e-01 9.7303163989e-01
3.4047061244e+00 -3.9100334575e+00 -2.3732539322e+01
2.5394640136e+03 3.7127656917e-01 -6.7424869179e-01
9.2698549324e-01 6.1176327171e-02 3.7007479288e-01
-2.4964926704e-01 8.3697550045e-01 4.8697767414e-01
-2.7995202946e-01 -5.4381014024e-01 7.9113677235e-01
-1.4158654593e+01 -3.8931057066e+01 -9.7083884865e+01
1.5038504991e+03 9.3088610033e-02 2.2388171211e-02
8.5467542211e-01 -5.5284919321e-02 5.1621071331e-01
-7.5283731576e-02 9.7060641148e-01 2.2859473694e-01
-5.1367526960e-01 -2.3423657206e-01 8.2539138941e-01
-1.8100052002e+01 -1.2739037768e+01 -1.2891219399e+02
1.2266154706e+04 2.1838466109e+00 3.7487212749e-02
9.2858148944e-01 -2.8506935332e-02 3.7003212307e-01
5.9339540846e-03 9.9805860333e-01 6.1998487997e-02
-3.7108113083e-01 -5.5374894700e-02 9.2694790327e-01
5.3764760765e+00 6.1222941203e+00 -2.9995200243e+02
0 0 0
0 0 0
0 0 0
0 0 0
0 0 0
0 0 0
0 0 0
0 0 0
0 0 0
0 0 0
0 0 0
0 0 0
0 0 0
0 0 0
0 0 0
6.1260325009e+02 7.5454914427e-03 -6.8589830389e-02
-7.8855937741e-01 1.3764934028e-01 -5.9935529314e-01
-1.8851782637e-01 -9.8181097832e-01 2.2544001035e-02
-5.8535043985e-01 1.3076644050e-01 8.0016560824e-01
3.2664257516e+00 1.2017785488e+01 1.1499732410e+01
-1.5504324491e+03 6.2629804534e-01 -6.3462834594e-01
8.2200219910e-01 -1.0018442911e-01 5.6060276920e-01
-3.2269211859e-01 7.2917527596e-01 6.0346765740e-01
-4.6923574168e-01 -6.7695383675e-01 5.6705495469e-01
-1.9222466451e+00 -1.2641508885e+00 8.3917512009e+00
4.0961372936e+03 1.9139207259e+00 7.8932354299e-02
8.5636119793e-01 -1.1782667254e-01 5.0275478508e-01
-2.4288717765e-02 9.6335028412e-01 2.6714469538e-01
-5.1580573560e-01 -2.4098362043e-01 8.2211394454e-01
3.7833660188e+00 -2.3765622800e+01 -2.2176140405e+02
4.9008832968e+03 -1.3506715447e-01 5.2871468850e-02
9.1142872285e-01 -2.6117064841e-02 4.1062827726e-01
-1.8340758318e-01 8.6756441365e-01 4.6227010135e-01
-3.6831961880e-01 -4.9663858800e-01 7.8593305778e-01
-1.4961666056e+01 -2.9671018132e+01 -6.5863508177e+01
0 0 0
0 0 0
0 0 0
0 0 0
0 0 0
2.8645054814e+03 -1.6624682070e-01 -9.7998124958e-02
9.4909398562e-01 2.9453095603e-02 3.1361301253e-01
-1.3103551290e-01 9.4229997287e-01 3.0805917530e-01
-2.8644423686e-01 -3.3347155244e-01 8.9819063839e-01
-4.3690838603e+00 -1.7334275611e+01 -8.1778163604e+01
4.1570693547e+02 5.6325943844e-01 -1.8180085807e+00
6.2078069464e-01 1.6487551261e-01 -7.6645116903e-01
-1.2995788140e-03 9.7785097650e-01 2.0929830112e-01
7.8398318876e-01 -1.2893228105e-01 6.0724527717e-01
-1.0644841895e+00 -1.1711851208e+01 -3.0950069165e+01
3.9303350989e+03 1.1921925629e-01 1.2850603063e-01
-6.7061925071e-01 3.1437296780e-01 -6.7189244504e-01
-9.1698743672e-03 -9.0920148260e-01 -4.1625542332e-01
-7.4174505996e-01 -2.7298773078e-01 6.1261077763e-01
8.8138931278e-01 8.3929439058e+00 1.7511343668e+01
0 0 0
0 0 0
0 0 0
0 0 0
0 0 0
4.8931799162e+02 -2.2369834864e-01 7.9368896360e-02
9.9480736549e-01 9.5476867504e-02 -3.5248735158e-02
-9.2830043068e-02 9.9319482845e-01 7.0332182086e-02
4.1723957899e-02 -6.6694831167e-02 9.9690065244e-01
4.3972616656e+01 9.4415465165e+00 -1.2176857009e+02
0 0 0
0 0 0
0 0 0
0 0 0
0 0 0
1.0813489059e+03 -1.9845772895e+00 6.1848936535e+00
7.4285077942e-01 1.2935704238e-01 -6.5684052486e-01
2.9266198461e-01 8.1968271159e-01 4.9241163174e-01
6.0209773482e-01 -5.5802061602e-01 5.7104405244e-01
-9.4041417128e-01 -2.3012835734e+01 -3.3572104974e+01
5.9284609809e+04 -1.9591054835e-01 -9.3941596832e-05
9.4624557350e-01 -1.5337608759e-02 3.2308524014e-01
-4.9513896091e-02 9.8023326526e-01 1.9154926202e-01
-3.1963680754e-01 -1.9724985030e-01 9.2678196348e-01
1.6114739142e+01 -1.1354678868e+01 -2.4292235838e+03
0 0 0
0 0 0
0 0 0
0 0 0
0 0 0
1.9319969561e+03 -3.1245131104e-01 4.4498496985e-01
9.5677721699e-01 5.4419097313e-02 2.8568499942e-01
-1.2830056297e-01 9.6055784976e-01 2.4671356431e-01
-2.6099103928e-01 -2.7270346371e-01 9.2602186707e-01
8.7374915338e+00 -1.9592596800e+01 -9.6574395399e+01
2.9899741183e+03 1.2159149210e+00 2.6272087963e-01
-5.7249044541e-01 2.9708640033e-01 -7.6419523726e-01
-2.3253232130e-01 -9.5260719123e-01 -1.9613326787e-01
-7.8624640506e-01 6.5415670560e-02 6.1444070550e-01
-9.2308535545e-01 1.0223540001e+01 1.7616400543e+01
3.0393409802e+03 1.4411679842e-02 8.9126139427e-07
8.4183047394e-01 -2.9134373037e-02 5.3895513863e-01
-8.3734572906e-02 9.7940297439e-01 1.8373441444e-01
-5.3320725281e-01 -1.9980240753e-01 8.2205171583e-01
-6.1525973429e-01 -1.5829963596e+01 -4.7715913709e+02
7.0498532109e+02 -9.6629199849e-02 5.5977260909e-01
-8.4772179237e-01 -1.7763439846e-02 -5.3014358710e-01
3.0572938842e-01 -8.3309402843e-01 -4.6095973886e-01
-4.3347122603e-01 -5.5284609069e-01 7.1166276860e-01
-3.2299600282e+00 -3.0898057739e+00 1.4470474760e+01
2.4314162795e+03 -1.2035953283e-02 4.6368427185e-02
9.8399832977e-01 5.5147652107e-02 1.6942852029e-01
-1.5724016202e-01 7.1600326142e-01 6.8015796774e-01
-8.3802258119e-02 -6.9591527222e-01 7.1321743910e-01
-9.4684738142e-01 -2.3638463764e+01 -3.9722319358e+01
2.0975124727e+03 -7.4091842334e-02 -6.8653297783e-03
-9.5776316761e-01 -4.7161776399e-02 -2.8366438200e-01
1.1667429186e-02 -9.9202014027e-01 1.2553848972e-01
-2.8732139820e-01 1.1692650748e-01 9.5067060856e-01
1.3669390612e+00 8.7494673987e+00 4.1503597465e+01
3.0632876871e+03 1.6565012441e-01 2.2881201469e-01
9.0594592876e-01 -1.1257185127e-02 4.2324372404e-01
-1.2928989372e-01 9.4454302627e-01 3.0186519327e-01
-4.0317006032e-01 -3.2819467898e-01 8.5424946892e-01
-6.8968484824e+00 -2.4242347588e+01 -1.7337708079e+02
5.4997179378e+03 7.5154058212e-01 -3.6720536451e-03
8.2054591389e-01 -5.4460579447e-02 5.6898018286e-01
-7.7264818299e-02 9.7574514462e-01 2.0482080119e-01
-5.6633431033e-01 -2.1202702194e-01 7.9643580464e-01
-2.5850770331e+01 -2.0884194358e+01 -3.2241902176e+02
2.1558633511e+03 1.5842422456e-01 -9.5857366616e-01
9.4768511741e-01 2.1647755514e-02 3.1847180869e-01
-6.1171748584e-02 9.9152273762e-01 1.1463279616e-01
-3.1329049686e-01 -1.2811727230e-01 9.4097557307e-01
-2.1718362942e+00 3.4927468016e+00 -1.2530748460e+02
2.3918536933e+03 -3.4994713891e-01 4.7874330046e-01
4.9118557544e-01 -1.4150738969e-01 8.5948379225e-01
-1.3895930132e-01 9.6134936034e-01 2.3769249029e-01
-8.5989943776e-01 -2.3618438989e-01 4.5253717076e-01
-5.5335117924e+01 -7.2528318118e+00 -6.8208639465e+01
-4.3150255712e+03 -4.5333962362e-01 -1.3324783443e-02
7.5406300272e-01 -1.7809507498e-01 6.3219548575e-01
-3.2664287437e-01 7.3337610116e-01 5.9620795606e-01
-5.6981876114e-01 -6.5608051222e-01 4.9483829776e-01
-1.6074439721e+00 -2.9482577732e+00 2.2582679988e+01
0 0 0
0 0 0
0 0 0
0 0 0
0 0 0
3.0691286724e+03 -2.7678886653e-01 7.7213764324e-02
9.4859522340e-01 1.2608772193e-02 3.1624060618e-01
-1.1096459833e-01 9.4902869959e-01 2.9501082228e-01
-2.9640168699e-01 -3.1493736871e-01 9.0164321865e-01
-4.2945336968e+00 -2.0719426382e+01 -1.2654283611e+02
0 0 0
0 0 0
0 0 0
0 0 0
0 0 0
2.5120085969e+03 -1.5901341911e-01 7.5520876107e-01
9.8610142031e-01 3.4530815297e-02 1.6251649657e-01
-1.5208982053e-01 5.8135010021e-01 7.9931267191e-01
-6.6878063328e-02 -8.1292046584e-01 5.7852194501e-01
-2.4150126148e+00 -1.8250642570e+01 -2.4435149780e+01
8.7890090088e+04 4.9152478536e-03 1.5558432951e-06
7.9036708048e-01 -1.2271895082e-01 6.0021657525e-01
3.9513211330e-02 9.8790317944e-01 1.4995337337e-01
-6.1135798370e-01 -9.4801725538e-02 7.8565517156e-01
-1.9633753416e+00 -1.1713040359e+00 -6.3566609889e+01
0 0 0
0 0 0
0 0 0
0 0 0
0 0 0
6.5914288677e+02 -2.5861247658e-01 9.9671410341e-02
-8.8280531665e-01 7.6496060370e-02 -4.6346858107e-01
3.3420201025e-01 -5.9106077286e-01 -7.3413634914e-01
-3.3009663621e-01 -8.0299160365e-01 4.9622645560e-01
1.5198601986e+00 2.3095095119e-01 4.9137796742e+00
7.4833669505e+02 9.9961189668e-01 -3.8694703990e+00
8.8772056532e-01 5.3104422229e-03 4.6035203607e-01
-1.6439069744e-01 9.3767027892e-01 3.0618645728e-01
-4.3003243658e-01 -3.4748560723e-01 8.3326217739e-01
-4.8157429095e+00 -1.6679693973e+01 -5.0392706850e+01
0 0 0
0 0 0
0 0 0
0 0 0
0 0 0
1.5122081399e+03 -1.0126039804e-01 3.5856324275e-01
9.6855108299e-01 4.3193702911e-02 2.4503694348e-01
-1.4866695468e-01 8.9015623575e-01 4.3072034146e-01
-1.9951675676e-01 -4.5360354936e-01 8.6858326244e-01
-1.3714023484e+00 -1.6610638415e+01 -5.2212439712e+01
5.8132264944e+04 7.9005929458e-01 1.5557825792e-08
7.4436018269e-01 -1.0296392877e-01 6.5979265516e-01
1.8098762902e-01 9.8216664056e-01 -5.0913341212e-02
-6.4278409794e-01 1.5731217227e-01 7.4972093734e-01
-4.8326870024e+00 -2.6290231727e+01 -1.0281854028e+03
5.8318947882e+03 1.1312586772e-01 -9.1834245845e-03
9.1468872097e-01 -3.1693655173e-02 4.0291445241e-01
-2.2286672752e-01 7.9209644948e-01 5.6825490449e-01
-3.3715718219e-01 -6.0957257725e-01 7.1745822705e-01
-1.4724768326e+01 -4.0145141556e+01 -7.7105040301e+01
0 0 0
0 0 0
0 0 0
0 0 0
0 0 0
0 0 0
0 0 0
0 0 0
0 0 0
0 0 0
5.8302086228e+02 2.1643380755e-02 -1.1960676792e-01
9.5130579698e-01 -2.2629008148e-02 3.0741699470e-01
-1.0438950966e-01 9.1472185383e-01 3.9036746842e-01
-2.9003467191e-01 -4.0344994500e-01 8.6781797110e-01
-3.1805679040e+00 -1.5437834980e+01 -5.2721860862e+01
8.5087833736e+02 1.3705020752e-01 -4.7291813530e-01
7.0783974017e-01 -7.5705638038e-02 7.0230446289e-01
-1.1185409039e-01 9.6968302140e-01 2.1726366579e-01
-6.9746079796e-01 -2.3234348361e-01 6.7791219264e-01
-3.3973312892e+00 1.9355086967e+00 -1.3300745976e+01
1.6001426060e+03 2.3514501617e-01 -1.0064833531e+00
9.7520821238e-01 5.0136541164e-02 2.1553484577e-01
-1.2996107097e-01 9.1809020645e-01 3.7446026872e-01
-1.7910628838e-01 -3.9318786866e-01 9.0184490762e-01
-1.8128253874e+00 -1.3637648384e+01 -4.3834735758e+01
8.8436101443e+02 3.6599251545e-02 -7.1603353677e-02
9.9132094535e-01 4.5628642565e-02 1.2329156617e-01
-8.9009501518e-02 9.2313215326e-01 3.7403788078e-01
-9.6747568191e-02 -3.8176570641e-01 9.1918162158e-01
-1.1927297489e-01 -1.2027776507e+01 -3.8647076125e+01
0 0 0
0 0 0
0 0 0
0 0 0
0 0 0
6.4823839672e+03 -7.7269806595e-01 -8.7573479541e-02
9.0288719535e-01 -3.8928276452e-04 4.2987737895e-01
-3.4241839873e-01 6.0392287180e-01 7.1974079024e-01
-2.5989296390e-01 -7.9704266723e-01 5.4514093034e-01
-1.6794416048e+00 -2.8367988311e+00 -2.4505955976e+01
7.5752904311e+02 -3.0017385709e-02 -1.4305415632e-01
9.6123704178e-01 2.9028896279e-02 2.7419094204e-01
-1.1558864877e-01 9.4526481325e-01 3.0514537045e-01
-2.5032501631e-01 -3.2501039370e-01 9.1197896368e-01
-1.4882348177e+00 -1.0284551708e+01 -5.5017902095e+01
0 0 0
0 0 0
0 0 0
0 0 0
0 0 0
1.7987747430e+03 -1.1505176166e-01 4.7433356318e-01
-1.2414097449e-01 9.1630379560e-01 3.8075762975e-01
-9.6800214939e-01 -2.7497482363e-02 -2.4943080651e-01
-2.1808451853e-01 -3.9953878738e-01 8.9039760790e-01
-1.7307226557e+01 3.3418858537e-01 -6.8401861504e+01
1.7972620052e+03 -9.7341993463e-02 1.2027774300e-01
7.6447823321e-01 -1.1476658549e-02 6.4454737394e-01
-1.7316067798e-01 9.5943996519e-01 2.2246422814e-01
-6.2095765600e-01 -2.8167932035e-01 7.3148366348e-01
-1.7467437775e+00 1.9706333123e+00 -1.4674078197e+01
5.1651086867e+04 8.9068791157e-02 1.3987161493e-04
8.5076830826e-01 -1.4587814876e-02 5.2533844454e-01
-6.2114726953e-02 9.8981699508e-01 1.2807840156e-01
-5.2185730459e-01 -1.4159629906e-01 8.4119881225e-01
-3.4006597872e+00 1.6370897696e+01 -8.6404133639e+02
0 0 0
0 0 0
0 0 0
0 0 0
0 0 0
0 0 0
0 0 0
0 0 0
0 0 0
0 0 0
0 0 0
0 0 0
0 0 0
0 0 0
0 0 0
3.5315154022e+03 -7.0035119894e-01 1.7264195103e-02
8.4934302450e-01 -2.9511418538e-02 5.2701565718e-01
-6.2429624905e-02 9.8581148135e-01 1.5581484258e-01
-5.2413640274e-01 -1.6524163945e-01 8.3544971836e-01
-9.3587670391e+00 -1.0845083707e+01 -8.5958209928e+01
2.4500377717e+02 -1.3269821637e-01 9.4881664343e-03
9.4475493162e-01 3.9522537638e-02 3.2538606025e-01
-1.6977488725e-01 9.0816883751e-01 3.8263017425e-01
-2.8038296461e-01 -4.1673412579e-01 8.6470692235e-01
-1.4892021413e+00 -2.1963511617e+00 -3.8015721529e+00
0 0 0
0 0 0
0 0 0
0 0 0
0 0 0
9.4153419601e+02 1.3086078416e-02 -7.6325890678e-02
9.7858606413e-01 2.5799698375e-02 2.0421481496e-01
-1.1114066017e-01 9.0129136183e-01 4.1871426385e-01
-1.7325434697e-01 -4.3244451280e-01 8.8485856192e-01
-3.2228262847e+00 -2.1421567750e+01 -6.3033918374e+01
6.5090781402e+03 9.8646777909e-01 3.1497138675e-02
7.8955247589e-01 2.4161221317e-03 6.1367829534e-01
-1.1148328155e-01 9.8391799679e-01 1.3955949814e-01
-6.0347192623e-01 -1.7860441747e-01 7.7712424766e-01
-3.2000987340e+01 -8.9242949097e+00 -3.2350196812e+02
1.2525590270e+03 -8.1655678273e-02 1.8183968313e-01
9.7848975921e-01 3.1665946308e-02 2.0385057999e-01
-1.2094900166e-01 8.8855908282e-01 4.4253146253e-01
-1.6712010686e-01 -4.5766802835e-01 8.7327592759e-01
-1.2825459630e+00 -1.7081670229e+01 -4.6963536677e+01
0 0 0
0 0 0
0 0 0
0 0 0
0 0 0
0 0 0
0 0 0
0 0 0
0 0 0
0 0 0
6.1595259332e+02 1.8329671589e-01 -6.1560161001e-02
8.4278759168e-01 -2.5541172811e-01 4.7378679220e-01
-2.3913299235e-01 6.1091803092e-01 7.5471489416e-01
-4.8220792952e-01 -7.4936240140e-01 4.5379676517e-01
2.4929960886e+00 -1.0424494741e+01 -5.4246860255e+00
4.6911010927e+04 4.4261626383e-03 7.7570438622e-07
8.0509008346e-01 2.3604227587e-01 5.4416357973e-01
-5.7298865355e-01 5.4666049713e-01 6.1061141799e-01
-1.5334262424e-01 -8.0339675433e-01 5.7536049110e-01
-6.0316114068e+00 2.5787854783e+00 -2.4047914414e+02
1.7625548025e+03 -1.6131047314e-01 1.0607145251e+00
9.4708310958e-01 8.1545281230e-03 3.2088485039e-01
-7.2055605847e-02 9.7956512452e-01 1.8777687952e-01
-3.1279637659e-01 -2.0096186327e-01 9.2831716364e-01
-4.4836509843e+00 -8.8084620606e+00 -1.0149240775e+02
0 0 0
0 0 0
0 0 0
0 0 0
0 0 0
9.0933987267e+02 1.8016044916e-01 1.2053078066e+00
9.3511538892e-01 6.6131395473e-03 3.5428163343e-01
-9.8762284242e-02 9.6506962514e-01 2.4266567505e-01
-3.4030166120e-01 -2.6191007049e-01 9.0310458661e-01
-1.2652265568e+00 -1.3520443686e+01 -6.7617517878e+01
5.8178467719e+02 2.7466406603e-01 1.1809863955e+00
-9.0552723652e-01 1.5277674942e-01 -3.9582785242e-01
3.2719620153e-01 -3.4248486668e-01 -8.8070810250e-01
-2.7011677035e-01 -9.2701854401e-01 2.6014140279e-01
5.8302769881e-01 7.6443495668e+00 8.7491447817e+00
1.4113676434e+03 4.7461286808e-02 -1.5821129787e-01
9.8712868874e-01 3.8659368546e-02 1.5518506720e-01
-1.1225636556e-01 8.5862513870e-01 5.0016135355e-01
-1.1390987775e-01 -5.1114413272e-01 8.5191326750e-01
2.0718193818e+00 -1.3808861332e+01 -4.0549966428e+01
1.7177079431e+03 -1.3268217252e-02 -6.5508070949e-02
9.3284979357e-01 -1.4352552039e-02 3.5997953676e-01
-4.6493278194e-02 9.8605441068e-01 1.5979697826e-01
-3.5725290442e-01 -1.6580320693e-01 9.1917335626e-01
-4.7684826223e+00 7.5463189475e-01 -6.4753448773e+01
3.9762415265e+03 9.2937187438e-02 4.6894767547e-01
9.1922769318e-01 -9.3033922512e-03 3.9361643129e-01
-1.1655044029e-01 9.4848571357e-01 2.9460286153e-01
-3.7608036769e-01 -3.1668327718e-01 8.7079002004e-01
2.1801406345e+01 -2.4793200703e+01 -1.7601681379e+02
1.7039329212e+03 1.6994024564e+00 -2.7856439710e+00
9.9955476195e-01 1.9364274071e-02 -2.2700280703e-02
-1.9111801854e-02 9.9975364449e-01 1.1286689613e-02
2.2913246915e-02 -1.0847821082e-02 9.9967860230e-01
7.7559990369e-01 3.0543086971e+00 -6.3291808474e+01
9.5602334102e+03 3.4134521234e+00 6.4009670202e-02
8.4077477830e-01 -4.9946549521e-02 5.3907616749e-01
-4.9961104354e-02 9.8432795506e-01 1.6912233722e-01
-5.3907481876e-01 -1.6912663624e-01 8.2510273342e-01
1.3704404862e+00 -3.9913312581e+00 -4.0936659229e+02
3.9250157448e+03 -3.6061970345e-01 4.8610842880e-02
9.2807586236e-01 -1.3377130289e-02 3.7215083782e-01
-7.9964479970e-02 9.6888367409e-01 2.3424369366e-01
-3.6370437947e-01 -2.4715476621e-01 8.9812785609e-01
-3.6058313549e+00 -1.5228052082e+01 -1.4993246696e+02
4.4796831912e+03 3.0083192226e-01 2.0783398546e-02
9.0492366484e-01 -2.8701176374e-02 4.2460499678e-01
-8.1656679139e-02 9.6747517318e-01 2.3942425949e-01
-4.1766655069e-01 -2.5133251233e-01 8.7314753661e-01
-3.9956386167e+00 -2.1141311766e+01 -2.4387987088e+02
0 0 0
0 0 0
0 0 0
0 0 0
0 0 0
2.1019955216e+03 -5.1565570264e-01 -6.0903541857e-02
8.3896572503e-01 -1.6276390278e-02 5.4394079765e-01
-1.5848783973e-01 9.4891410483e-01 2.7284359312e-01
-5.2059400389e-01 -3.1511442488e-01 7.9352680002e-01
-1.2023908186e+01 -2.4086453031e+01 -1.3470831580e+02
0 0 0
0 0 0
0 0 0
0 0 0
0 0 0
1.0864555070e+03 -1.0230781179e-01 -1.4736124569e-01
9.2826823930e-01 -3.0220596999e-04 3.7191125902e-01
-8.7652119183e-02 9.7165259385e-01 2.1956398356e-01
-3.6143489305e-01 -2.3641308243e-01 9.0192775350e-01
1.9533641017e+00 -1.3342120635e+01 -1.1567397460e+02
8.8984150066e+02 -1.4754186131e+00 2.9055863173e+00
5.8397489021e-01 3.8169363415e-01 7.1643792281e-01
-6.2220544249e-01 7.7730514244e-01 9.3043553647e-02
-5.2137674951e-01 -5.0010667381e-01 6.9141854175e-01
-5.3606704412e+01 -2.0384474864e+01 -9.3899351202e+01
0 0 0
0 0 0
0 0 0
0 0 0
0 0 0
-3.0955445527e-01 1.5447025635e+00 1.1821963636e+00
172 166 150
3 11 421 -325.7600 132.5601 34 214 -263.5300 -195.4400 29 2578 -63.8400 -357.5699
2.7897972222e+00 1.7692041694e-01 2.2779934815e+00
181 181 174
7 11 830 313.5601 -126.5900 34 440 371.1000 -460.6899 50 1036 10.1000 139.2700 58 163 224.1200 260.1600 64 625 152.6200 -134.9700 3 1833 459.4600 -240.8100 10 4381 16.1500 -563.8101
2.3789781703e+00 1.1978985863e+00 2.5349013544e+00
132 127 122
4 11 615 267.2700 75.3400 34 462 311.3000 -264.8800 50 664 -1.5200 211.8500 58 89 206.7700 399.5200
-1.6779006010e+00 -1.3619774280e+00 6.8523278064e-01
168 170 171
2 11 820 -431.5000 -199.2100 34 431 -378.6400 -518.1200
-2.1833136656e+00 -1.8750805765e+00 8.1308307803e-01
106 100 88
3 11 1174 -453.4000 -208.0400 34 628 -400.8800 -529.2900 41 1063 -245.6300 5.9099
2.8379145166e+00 -1.0864136197e-01 2.1770410807e+00
97 89 78
8 11 1189 313.3800 -180.0300 34 635 374.2800 -513.7500 50 1015 8.6700 121.1100 58 275 219.8300 225.7900 64 1276 152.4200 -158.7500 59 17060 4.7000 975.6001 3 4850 460.8400 -262.0100 29 20546 96.6500 -447.5200
-3.4910108221e+00 -5.1120319455e-01 2.4954647656e-01
171 170 165
2 11 841 -743.6100 -56.5900 34 453 -678.5800 -347.0900
1.4321412622e+00 6.6663735256e-01 1.6784103839e+00
30 29 26
6 11 1857 24.2400 -43.1600 34 1054 80.0400 -372.3700 50 1679 -83.0400 176.3800 51 15784 -1.9100 -477.7200 3 4891 352.0699 -208.3900 22 40765 446.9500 -256.4301
8.7905005405e-01 -8.7806068864e-01 5.6833287512e-01
173 173 171
6 11 1709 -140.7100 -330.1200 34 953 -79.5800 -661.3000 41 1531 -50.8600 -72.6500 22 40384 426.0000 -297.6100 77 6852 102.2400 -508.9700 44 12219 -15.6900 -502.5800
9.5609913379e-01 -8.3809886040e-01 6.9509935406e-01
79 76 64
7 11 1714 -116.8000 -314.7900 34 956 -53.9600 -644.6801 41 1535 -39.5600 -63.8900 3 5852 298.9200 -315.3700 10 14132 -95.4301 -614.7900 29 20408 -13.1200 -483.5800 44 19421 -12.0100 -499.9800
-1.7568637702e+00 -3.1668681430e+00 5.3299215304e-01
75 74 71
3 11 1689 -384.0400 -380.5900 34 934 -336.1200 -715.6700 10 14099 -158.2400 -629.1599
2.0663331828e+00 -1.1269164807e+00 1.3254713600e+00
53 48 44
5 11 1703 116.0800 -345.3800 34 945 184.1000 -681.1100 64 1776 63.7400 -230.4500 41 1526 111.8600 -80.5900 10 14115 -36.8101 -622.3899
6.9408260390e-01 7.8699719005e-01 1.4129456048e+00
115 109 98
6 11 1880 -121.1801 -11.2500 34 1070 -63.2000 -337.9301 58 463 -39.6300 367.0900 59 28485 -120.2600 1033.0801 10 14405 -93.7900 -530.8900 29 20716 -11.8700 -400.9100
2.1953462846e-01 1.1034878958e+00 1.2165569606e+00
83 76 70
8 11 2869 -227.8800 37.9900 34 1659 -169.6000 -288.7400 41 1640 -108.7900 180.3000 51 15910 -53.3300 -457.9700 59 28568 -151.1200 1051.2500 10 14446 -120.1600 -515.9800 77 11324 84.1700 -432.3700 68 12779 -22.9900 -416.3101
4.7114530763e-01 1.0446808693e+00 1.4225829028e+00
64 57 48
7 11 2872 -159.2500 39.6400 34 1658 -102.1500 -288.5699 58 476 -62.7000 405.2800 10 14451 -103.0600 -515.7100 27 11832 210.5601 212.2500 29 20759 -22.0300 -386.3101 68 12781 -12.9100 -415.9700
4.1125294739e-01 4.3946130172e+00 5.4159283008e+00
85 72 55
5 11 2288 214.8400 1087.0300 34 1386 257.3700 647.5601 71 1704 450.2400 -398.6700 25 2554 640.3701 -770.5500 27 12447 320.7600 451.1000
2.3461811392e-01 4.4712503558e+00 5.3622752260e+00
96 78 65
5 11 2293 175.6899 1104.2000 34 2071 222.4900 662.6600 71 1705 428.0400 -393.5900 25 2557 608.3401 -757.4200 27 12454 311.0800 456.3600
1.4528905465e+00 1.1523618396e-01 1.5346854573e+00
116 112 102
6 11 2749 23.3400 -134.1899 34 1561 83.4900 -462.3101 50 2514 -83.1300 143.7500 64 2886 28.5100 -139.3800 10 22166 -59.1899 -565.5500 29 33099 22.8300 -434.7600
1.4519634074e+00 3.9230100112e-01 1.6684116816e+00
186 181 175
8 11 2784 33.3101 -82.3199 34 1587 90.1000 -411.8800 50 3686 -80.3700 162.3600 41 2401 63.3900 97.7400 51 26827 -0.0800 -485.4500 59 47175 -75.3101 1008.7700 10 22254 -54.5100 -549.7200 77 11283 134.9700 -456.8400
3.9637735331e-02 3.6984981802e+00 3.9656505828e+00
185 179 172
5 11 2236 -4.6899 805.9800 34 2006 53.6100 410.1899 17 2838 135.1899 -708.5000 76 639 36.1200 -294.6100 41 1861 11.6800 691.3201
3.7669539008e-01 3.6213204680e+00 4.0417469835e+00
199 196 188
5 11 7185 61.7100 788.5601 34 4291 115.2200 394.9800 54 4285 102.4399 542.1200 17 6438 199.6300 -726.6899 41 2739 56.5000 672.4000
1.2704558774e+00 4.0693694715e+00 5.7077289533e+00
180 180 182
6 11 10592 407.6200 1015.7500 34 6528 436.2600 585.0500 71 4857 559.0300 -418.2900 25 8495 802.2300 -826.3300 27 40896 368.3700 428.2300 21 11184 -95.9800 -506.8300
-4.5977895765e+00 2.2780347577e+00 1.7810294430e+00
166 163 158
2 11 56 -865.3500 522.6500 34 14 -755.4700 219.9400
3.0274015670e+00 2.4602199343e+00 5.6775622439e+00
161 153 149
2 11 58 720.7700 609.0100 34 59 735.3800 243.8600
-3.3370864667e+00 3.3559205207e+00 2.8011439711e+00
173 167 156
2 11 61 -650.2800 749.8800 34 18 -532.7900 409.4399
1.3575147740e+00 6.1877884961e-01 1.6128081831e+00
112 107 102
2 11 103 7.3400 -53.5900 34 32 62.4800 -381.3600
3.3174379836e+00 2.3096454056e-01 3.1355181873e+00
189 182 172
2 11 104 489.5000 -51.5900 34 30 547.8000 -386.2100
-1.4829473894e+00 5.7376237043e-01 6.0358765827e-01
161 159 146
2 11 106 -516.0100 2.1899 34 36 -451.1700 -311.4800
-4.2755278612e+00 1.3230752192e+00 1.1808839980e+00
182 178 175
2 11 120 -837.7700 307.2200 34 43 -744.1300 20.2800
3.3378463084e+00 1.7792229884e+00 5.1660564973e+00
189 186 181
3 11 128 710.9600 418.2600 34 46 743.8199 69.0100 54 45 945.4399 213.8500
-4.9963539677e+00 1.9164926604e+00 1.5992024541e+00
183 182 178
2 11 132 -910.4000 460.4399 34 52 -797.2600 179.0800
-2.3727302801e+00 2.5674291468e+00 2.0598448282e+00
141 140 137
2 11 134 -565.4700 499.5500 34 50 -472.1200 172.1600
-3.2097804130e+00 2.6524992399e+00 2.1725267394e+00
186 185 180
2 11 142 -669.7800 560.4900 34 58 -563.3200 241.1700
2.6587027994e+00 2.8182188850e+00 5.6594866561e+00
211 203 189
2 11 147 654.8899 693.7400 34 153 670.5100 314.7800
2.6587027994e+00 2.8182188850e+00 5.6594866561e+00
211 203 189
2 11 148 654.8899 693.7400 34 154 670.5100 314.7800
-2.6945731718e+00 3.4705910185e+00 2.9548766400e+00
135 128 113
3 11 149 -550.4900 761.2100 34 67 -437.1100 409.4200 17 115 -350.3000 -778.9900
-1.5616244317e+00 3.7330414106e+00 3.4398965084e+00
154 147 136
2 11 151 -334.6400 820.3400 34 163 -241.5700 443.4800
3.6585992204e+00 5.9112884682e-01 4.0943904986e+00
194 188 172
3 11 252 647.3701 86.6899 34 101 699.6100 -241.1800 50 268 128.4500 193.6300
3.9405811730e+00 4.4125035421e-01 4.6585195584e+00
182 177 174
2 11 254 744.7100 113.1300 34 39 802.0300 -213.8200
-3.7456115561e+00 5.5402460482e-01 6.6762178349e-01
183 179 170
2 11 256 -790.5700 127.9000 34 108 -709.4000 -159.6900
-3.8932695383e+00 4.3649242688e-01 7.3313657325e-01
183 179 170
3 11 257 -790.5700 127.9000 34 109 -709.4000 -159.6900 64 261 -309.5900 -56.3400
-8.6185993436e-01 1.4921110372e+00 1.0172492438e+00
70 58 46
2 11 258 -426.2300 139.4299 34 105 -359.4700 -184.4900
3.7200415988e+00 8.1521545075e-01 4.3464315851e+00
65 57 44
3 11 259 689.4600 147.4900 34 102 735.7000 -187.3000 54 110 948.1201 -130.9800
3.7200415988e+00 8.1521545075e-01 4.3464315851e+00
65 57 44
3 11 260 689.4600 147.4900 34 103 735.7000 -187.3000 54 111 948.1201 -130.9800
1.6163193846e+00 1.6887549651e+00 2.2908627721e+00
185 174 152
2 11 263 105.4301 165.7600 34 106 150.1700 -172.5500
1.6233499495e+00 1.7018336121e+00 2.2771250292e+00
185 174 152
3 11 264 105.4301 165.7600 34 107 150.1700 -172.5500 50 282 -54.5100 251.9500
3.2228012777e+00 1.2415876867e+00 4.1308943019e+00
164 160 151
2 11 268 580.4299 216.6100 34 110 624.1600 -121.1100
3.2228012777e+00 1.2415876867e+00 4.1308943019e+00
164 160 151
2 11 269 580.4299 216.6100 34 111 624.1600 -121.1100
2.2882790342e+00 1.8043112120e+00 3.0713342302e+00
68 55 39
4 11 270 305.6500 238.2500 34 113 344.5200 -107.3100 54 115 444.9200 -83.3000 50 288 17.4900 266.8200
2.7194410181e+00 1.8582754245e+00 4.1247798690e+00
156 152 143
4 11 278 494.1899 344.6100 34 121 529.9500 -2.5200 54 124 672.1100 84.7600 50 293 88.3300 290.9900
1.1624488719e+00 2.4607993520e+00 2.4982262995e+00
173 162 144
3 11 279 38.8101 349.6300 34 120 82.1200 -8.4300 54 119 113.4100 13.4900
-2.7435581778e+00 2.1367811508e+00 1.6107765900e+00
159 157 151
3 11 282 -648.9700 398.5901 34 125 -555.0300 89.4500 64 287 -257.8400 62.0900
2.4185275548e+00 2.2057834464e+00 4.1001901030e+00
185 177 165
2 11 284 441.1000 418.3401 34 124 475.1801 64.4500
-3.7572936849e+00 2.1102216869e+00 1.7202402742e+00
174 173 168
2 11 285 -761.5100 452.4399 34 131 -658.3000 149.8600
-1.1865499622e+00 2.6741266750e+00 2.1755245083e+00
144 134 125
2 11 286 -387.2700 473.1100 34 129 -304.8300 133.0100
-1.1865499622e+00 2.6741266750e+00 2.1755245083e+00
144 134 125
2 11 287 -387.2700 473.1100 34 130 -304.8300 133.0100
2.2982426979e+00 2.4531869766e+00 4.2972617704e+00
87 75 66
2 11 289 441.2400 493.4299 34 240 474.0800 129.7200
-1.9287227976e+00 2.6901146210e+00 2.2174888338e+00
58 49 39
2 11 290 -491.1800 514.6500 34 137 -398.7100 182.3700
-1.9287227976e+00 2.6901146210e+00 2.2174888338e+00
58 49 39
2 11 291 -491.1800 514.6500 34 138 -398.7100 182.3700
-1.3861541661e+00 3.0870386244e+00 2.6192856840e+00
59 48 31
2 11 297 -382.4600 604.5801 34 143 -292.7000 252.6200
6.6540962546e-01 3.3279367347e+00 3.7261482927e+00
150 143 115
2 11 304 80.0500 677.9700 34 151 130.0000 294.3400
8.6177915521e-01 3.4350462520e+00 4.1775279637e+00
154 151 134
3 11 308 164.7300 738.7600 34 157 209.0000 349.2100 54 147 230.8300 499.3201
-1.1444500006e+00 3.6939193490e+00 3.4575788970e+00
86 72 57
2 11 315 -266.3500 799.3700 34 162 -179.6800 418.5900
7.9006019214e-02 3.9578727528e+00 4.4741197663e+00
194 185 181
3 11 318 54.5300 910.5400 34 268 109.5699 502.1200 25 428 524.8400 -903.7400
-1.4964434695e+00 4.0063429024e+00 3.8039097857e+00
89 75 70
2 11 319 -290.1801 910.2500 34 170 -198.7800 518.4299
2.2480179990e+00 5.2808364525e-01 2.1251832452e+00
194 190 183
5 11 393 206.2000 -61.3199 34 200 260.4200 -393.9100 50 418 -23.7400 165.3500 58 58 161.5900 310.9600 64 415 108.7900 -105.0300
-2.2926290260e+00 -1.1919950393e-01 4.7002209628e-01
89 78 67
2 11 398 -596.5900 -53.3600 34 202 -533.6400 -356.1500
-5.4707898831e+00 -1.1174048916e+00 -9.2189807137e-02
190 187 178
2 11 399 -955.3800 -54.7500 34 206 -893.5200 -325.8900
-5.4707898831e+00 -1.1174048916e+00 -9.2189807137e-02
190 187 178
2 11 400 -955.3800 -54.7500 34 207 -893.5200 -325.8900
-3.2975593057e+00 -1.2882431106e-01 4.2260446016e-01
169 163 141
3 11 407 -724.0000 -3.9000 34 211 -654.5900 -295.8700 64 417 -282.4300 -104.9300
1.0381577737e+00 9.2636268255e-01 1.7034871290e+00
173 172 168
5 11 408 -39.6700 19.6700 34 208 18.8800 -309.0601 50 434 -102.7000 202.0400 64 430 4.0500 -70.0700 59 3240 -95.9399 1044.8799
3.3821560601e+00 6.4530251719e-01 3.6771668381e+00
170 166 155
3 11 410 557.4500 64.9000 34 212 609.6700 -267.8400 50 428 98.3000 190.7900
-2.1654599122e+00 7.3788813059e-01 7.1556185358e-01
179 174 155
2 11 416 -601.2600 73.5699 34 320 -528.7200 -231.3800
1.3482274792e+00 1.3785135499e+00 1.9953039510e+00
179 175 164
2 11 417 32.3500 99.8600 34 213 83.8199 -233.9600
-2.7217977373e-01 1.5797286672e+00 1.1563565360e+00
172 166 150
2 11 422 -325.7600 132.5601 34 215 -263.5300 -195.4400
3.7433794656e+00 9.0498508619e-01 4.6484158278e+00
186 182 173
3 11 426 721.2100 191.5200 34 221 767.5400 -136.5700 50 437 156.5200 224.0300
2.9980880137e+00 1.3160824230e+00 3.6739346207e+00
166 158 146
2 11 427 496.2800 188.5400 34 218 537.1899 -150.2300
-1.8221575839e+00 1.4666221057e+00 1.1143889908e+00
175 167 153
2 11 428 -546.6000 199.7600 34 225 -471.0100 -114.4500
2.5962602456e+00 1.8142803978e+00 3.6788890948e+00
165 159 145
2 11 437 427.1300 293.2300 34 230 464.2100 -53.1300
2.1506999038e+00 1.9912411481e+00 3.2062242528e+00
150 147 140
2 11 438 296.4399 292.7400 34 231 335.1100 -55.0900
-1.1926381875e-01 2.7349021672e+00 2.2191799037e+00
146 135 109
2 11 449 -217.6801 437.3201 34 350 -153.7300 82.4200
-9.5530335086e-01 2.5836452470e+00 2.0917352355e+00
155 149 137
2 11 450 -357.3600 436.8301 34 351 -281.2300 96.8800
1.1409669060e+00 2.7192029543e+00 3.0228087641e+00
120 113 98
2 11 454 92.1801 456.6899 34 237 135.1801 94.8600
-1.5319309090e+00 2.6263117928e+00 2.1039864594e+00
187 186 181
3 11 459 -444.8500 471.8101 34 244 -359.7500 139.2400 64 294 -175.3600 107.8200
-7.7456404735e-01 2.7806414962e+00 2.2936475721e+00
153 144 124
2 11 463 -313.7600 485.2800 34 354 -238.8200 137.2000
-7.7456404735e-01 2.7806414962e+00 2.2936475721e+00
153 144 124
2 11 464 -313.7600 485.2800 34 355 -238.8200 137.2000
1.5851875788e+00 2.6950854953e+00 3.5737809029e+00
140 133 123
2 11 466 232.9301 492.0500 34 241 272.1100 126.8800
1.5851875788e+00 2.6950854953e+00 3.5737809029e+00
140 133 123
2 11 468 232.9301 492.0500 34 242 272.1100 126.8800
1.3456454630e+00 2.8252492742e+00 3.5007186233e+00
142 133 118
2 11 470 181.7500 520.0500 34 357 221.5699 153.3100
1.0744677544e+00 3.0153315361e+00 3.4578037943e+00
139 132 122
2 11 472 125.8700 567.4099 34 245 169.8900 192.8200
1.3125188326e+00 3.0326347589e+00 3.9328743733e+00
183 177 168
2 11 475 221.3199 610.6599 34 248 263.6600 234.3800
9.0855318345e-01 3.1421106983e+00 3.6227750635e+00
77 64 55
2 11 477 112.8700 617.8500 34 250 161.2200 240.1000
-2.5106463155e-01 3.2490224421e+00 2.9372958199e+00
75 60 45
3 11 480 -168.3600 620.0100 34 253 -100.6800 250.5300 54 258 -165.0900 335.1100
7.6775771378e-01 -5.5091187291e-01 9.3838755624e-01
177 177 175
3 11 573 -126.1801 -240.1600 34 291 -62.2700 -564.7000 64 606 -35.1500 -185.3800
1.7700750272e+00 -8.2156103688e-02 1.5729176984e+00
171 172 166
2 11 581 77.7800 -176.7200 34 294 140.8300 -503.9200
-3.2759329403e+00 -1.2097311628e+00 3.9510676614e-02
148 148 148
2 11 583 -703.6200 -167.9100 34 300 -645.0400 -460.6400
-2.5845492050e+00 -7.4295568830e-01 1.8358951078e-01
189 186 181
2 11 590 -634.1500 -138.5300 34 198 -572.4300 -441.6200
-3.5182456608e+00 -8.5343838186e-01 9.3792830864e-02
176 174 161
2 11 593 -745.7300 -108.3600 34 305 -683.1700 -401.7300
-4.9884820637e+00 -1.0503596227e+00 -1.8666876639e-02
186 187 190
2 11 600 -903.2300 -68.3900 34 310 -839.8500 -337.3600
-4.1600752820e+00 -1.5142215797e-01 3.6898609245e-01
167 164 155
2 11 609 -827.1600 31.7800 34 315 -755.0500 -250.0700
-4.1600752820e+00 -1.5142215797e-01 3.6898609245e-01
167 164 155
2 11 610 -827.1600 31.7800 34 316 -755.0500 -250.0700
-1.1643512792e+00 1.0439244182e+00 8.3704618014e-01
111 102 88
2 11 613 -468.0000 71.8500 34 317 -402.0400 -244.6900
-1.2969514990e+00 1.2595478600e+00 1.0103546753e+00
146 140 126
2 11 620 -475.2900 128.4800 34 321 -406.8300 -187.2500
3.0176929642e+00 1.1001560123e+00 3.5667383906e+00
77 61 53
4 11 622 484.2900 141.6300 34 476 531.3199 -193.1000 54 323 684.7000 -170.7100 50 669 76.4600 221.9700
3.4752992235e+00 9.1183310357e-01 4.1271813388e+00
184 178 166
3 11 623 622.5701 149.5300 34 322 668.4800 -181.4100 54 324 864.4900 -135.8500
-2.7714999874e+00 9.6069798019e-01 9.0813226345e-01
182 175 165
2 11 626 -667.0900 155.3101 34 327 -587.8400 -142.5400
1.4170156035e+00 1.7268330477e+00 2.1279373917e+00
177 171 166
3 11 627 50.6700 165.0901 34 323 101.1899 -174.1600 51 3588 5.1700 -429.7300
-1.2216407731e+00 1.4669778945e+00 1.1026884805e+00
157 147 127
2 11 628 -465.3400 164.4299 34 325 -393.8300 -153.5900
2.8149734875e+00 1.3831186564e+00 3.5677543452e+00
104 88 72
4 11 629 450.8700 197.3201 34 328 492.3600 -142.4000 54 327 633.1700 -104.3300 50 445 66.5700 242.2400
-4.5546874119e+00 8.7245918952e-01 9.2418539349e-01
171 166 159
3 11 632 -870.5100 234.0601 34 336 -782.3200 -46.0900 64 660 -342.9600 -19.8200
2.4279225409e+00 1.9270649850e+00 3.5197191952e+00
100 85 63
2 11 644 380.4200 303.5300 34 334 417.0200 -45.1500
2.4279225409e+00 1.9270649850e+00 3.5197191952e+00
100 85 63
2 11 645 380.4200 303.5300 34 335 417.0200 -45.1500
3.6170465236e+00 1.4903380999e+00 5.2210139398e+00
163 156 148
3 11 655 764.0701 358.7900 34 341 800.0900 17.7400 50 691 178.7200 277.9900
1.6835377184e+00 2.3892441395e+00 3.0612830439e+00
87 74 58
2 11 657 194.8800 373.0000 34 343 235.2000 14.8600
-1.8451711351e+00 2.3806363565e+00 1.8433988692e+00
174 164 137
3 11 662 -510.5100 418.7300 34 352 -422.2200 94.0400 64 690 -201.7300 82.0400
-6.0731602411e+00 1.8837324930e+00 1.4380267090e+00
191 194 200
2 11 669 -1041.6100 486.3201 34 363 -927.5900 210.1600
3.9394647427e+00 1.7199576007e+00 6.2870267944e+00
129 117 105
2 11 670 924.4399 496.3800 34 356 949.1500 147.2100
-1.7391962305e+00 2.9814216187e+00 2.5567758279e+00
187 187 187
2 11 673 -436.2600 592.2500 34 369 -343.6600 249.9000
2.1117470462e+00 2.7929062959e+00 4.7561318432e+00
74 62 50
2 11 676 457.1801 615.9299 34 368 488.1300 243.3900
1.0533429869e+00 3.1559562963e+00 3.8238685792e+00
168 158 133
2 11 677 162.3700 635.4299 34 370 206.3600 256.6100
1.0533429869e+00 3.1559562963e+00 3.8238685792e+00
168 158 133
2 11 678 162.3700 635.4299 34 371 206.3600 256.6100
-4.6928063282e+00 3.0301503988e+00 2.3984546046e+00
164 156 143
2 11 685 -851.3700 701.4399 34 556 -722.7800 388.1799
-1.1601798816e+00 3.5204664557e+00 3.2103242732e+00
172 161 147
2 11 689 -290.8700 739.9299 34 551 -207.7500 367.5400
-2.5900311658e-01 4.0763200782e+00 4.3408678564e+00
143 131 117
3 11 700 -22.2000 939.0901 34 571 41.5500 525.9399 17 741 117.7500 -592.3500
1.2487444699e+00 3.9692687329e+00 5.6290480517e+00
121 112 98
2 11 704 396.0699 986.8201 34 394 423.6300 561.8101
-5.9618370575e+00 -4.3623721997e+00 -1.0290534734e+00
42 38 35
2 11 789 -904.4700 -405.1700 34 278 -879.2000 -711.0200
-5.8591708416e+00 -3.4648565574e+00 -9.1951471796e-01
163 166 170
2 11 804 -937.6600 -333.6500 34 285 -902.7200 -621.1000
1.6508494893e+00 -4.4700403823e-01 1.1698442135e+00
182 181 177
3 11 810 23.9301 -261.1801 34 286 86.5300 -591.3500 50 613 -83.1200 98.8400
-1.7133678338e+00 -1.7903849907e+00 5.7385050254e-01
172 173 168
2 11 811 -430.9800 -253.0200 34 289 -377.5900 -573.6400
-2.5511377050e+00 -1.6767207808e+00 1.2853433034e-01
184 176 163
2 11 813 -585.0900 -242.5500 34 426 -531.2800 -553.9200
-1.3036566958e+00 -1.1398863111e+00 7.6919230046e-01
167 168 163
2 11 822 -387.4700 -187.5100 34 432 -332.3800 -510.6500
2.3432385398e+00 -1.0322249310e-01 1.8966329351e+00
183 182 178
3 11 824 201.9100 -179.8800 34 433 264.2700 -509.0500 50 1019 -24.7000 123.7900
1.9340449263e+00 6.8645682546e-02 1.7338747650e+00
137 133 123
4 11 827 116.5000 -148.8700 34 435 180.0300 -478.7600 50 1028 -51.9500 135.4000 58 162 105.5000 257.3400
1.7881781639e+00 2.2368889858e-01 1.7154488726e+00
200 200 197
4 11 836 90.6400 -120.4900 34 663 152.4200 -451.3199 50 1044 -61.7600 146.8500 58 174 88.2800 278.1400
1.5476048153e+00 1.9455232228e-01 1.6242758799e+00
193 193 191
3 11 837 45.8600 -119.2400 34 442 105.9000 -448.4600 64 626 37.3900 -132.7200
-3.7002021137e+00 -5.2903803882e-01 1.9992198864e-01
134 126 123
2 11 842 -773.6200 -54.2100 34 455 -705.9100 -339.2800
3.5640300533e+00 1.4067689778e-01 3.4472429905e+00
110 101 94
3 11 843 562.3301 -45.9500 34 449 622.5400 -374.2900 50 1050 95.9300 155.0300
-2.5254295520e+00 -9.6448191584e-02 4.0029085820e-01
172 166 152
2 11 844 -636.4800 -44.4700 34 452 -570.8800 -346.1801
1.0985811552e+00 7.8902953427e-01 1.5468914245e+00
173 168 161
5 11 846 -45.6600 -20.4301 34 451 10.6700 -349.8400 50 653 -106.0100 186.7300 58 179 8.8400 357.4600 39 9 -366.3800 -162.1500
-5.5623973078e-01 9.5849113355e-01 6.9502520941e-01
179 170 154
3 11 849 -396.4800 7.5400 34 460 -336.6400 -314.2200 50 663 -228.8600 209.0000
-2.3584959344e+00 3.2965735941e-01 5.8647877130e-01
167 164 156
2 11 850 -616.9900 17.5800 34 461 -548.6500 -284.2600
-3.1689201609e+00 1.4510372025e-01 5.1341576538e-01
178 174 162
2 11 853 -714.0500 30.8800 34 463 -643.2500 -262.2000
3.0069820733e+00 9.6797719879e-01 3.1889766274e+00
163 154 137
3 11 861 445.9200 80.0300 34 697 491.8000 -260.1400 78 12939 -21.9000 56.1899
-4.2802396574e-01 1.3445302546e+00 9.3467583486e-01
153 153 146
2 11 862 -365.7100 82.1500 34 468 -304.8300 -243.2900
2.4904684845e+00 1.2557937900e+00 2.6306401808e+00
180 179 175
3 11 864 297.5699 89.6600 34 465 338.6000 -253.6500 50 1099 8.5900 215.2400
-1.7804016679e+00 1.5785481691e+00 1.2412992118e+00
164 161 146
2 11 885 -531.1100 226.2400 34 482 -453.6300 -87.1400
3.3995877136e+00 1.2120633543e+00 4.5554171384e+00
209 209 211
2 11 890 652.6201 248.6100 34 483 696.9200 -85.2900
3.3995877136e+00 1.2120633543e+00 4.5554171384e+00
209 209 211
2 11 891 652.6201 248.6100 34 484 696.9200 -85.2900
-1.3427593686e+00 1.9585766085e+00 1.5206998841e+00
76 55 39
2 11 897 -454.8500 291.1100 34 488 -378.6600 -31.5100
1.9655411147e+00 2.0925371991e+00 3.1244139199e+00
86 73 56
4 11 900 254.4800 310.4900 34 487 293.2700 -42.1300 54 486 371.8900 2.5000 50 697 2.5200 296.1600
-7.5049361765e-01 2.1639252881e+00 1.6958224201e+00
136 123 104
2 11 901 -356.3900 311.5000 34 492 -285.1400 -20.1400
-7.5049361765e-01 2.1639252881e+00 1.6958224201e+00
136 123 104
2 11 902 -356.3900 311.5000 34 493 -285.1400 -20.1400
1.7808460922e+00 2.2244255293e+00 3.0046380259e+00
150 143 127
2 11 907 207.1200 330.7300 34 758 247.6100 -21.8400
1.7808460922e+00 2.2244255293e+00 3.0046380259e+00
150 143 127
2 11 908 207.1200 330.7300 34 759 247.6100 -21.8400
-3.9392989371e+00 1.5497080015e+00 1.3350180476e+00
62 52 43
2 11 911 -794.7000 338.1400 34 503 -698.5100 47.1200
-3.2516020328e-01 2.4187007072e+00 1.9162953190e+00
82 66 48
2 11 914 -274.5200 356.7900 34 497 -209.3900 14.4900
2.1611319380e+00 2.1637507310e+00 3.5480826826e+00
101 88 69
3 11 915 334.5100 361.4800 34 496 372.1000 8.1300 50 699 33.8900 307.8700
1.8422826193e+00 2.3485957435e+00 3.1623252062e+00
131 119 102
2 11 916 235.8400 368.7800 34 773 272.6300 11.2000
3.8144966770e+00 1.3846090939e+00 5.7277525604e+00
76 63 59
2 11 923 839.8101 384.7600 34 779 878.7900 45.9800
1.4702249659e+00 2.4545201410e+00 2.9677773306e+00
165 158 151
2 11 924 146.4600 384.1300 34 499 187.9399 27.9100
-1.2701906263e-01 2.5820392353e+00 2.1108345262e+00
81 64 49
2 11 929 -225.6200 396.7300 34 502 -162.9400 48.1400
1.9480591885e+00 2.3694837337e+00 3.5342106348e+00
110 94 78
2 11 933 295.2400 408.0000 34 504 332.3000 51.8100
-4.7276991829e+00 1.8323356381e+00 1.5640708025e+00
182 180 181
2 11 936 -876.6400 434.9299 34 518 -770.5500 149.5200
1.6980846831e+00 2.5667516415e+00 3.4792296123e+00
99 83 64
2 11 939 243.6801 451.3401 34 509 281.6500 90.0900
-4.8807538280e-02 2.7822227655e+00 2.3194508248e+00
