# Bundle file v0.3
70 6719
0 0 0
0 0 0
0 0 0
0 0 0
0 0 0
0 0 0
0 0 0
0 0 0
0 0 0
0 0 0
3.8739451126e+04 -2.0775862281e-03 -1.5731732795e-07
-9.8079609612e-01 -2.6049036835e-02 -1.9328855507e-01
4.5739318984e-02 -9.9412316443e-01 -9.8117524668e-02
-1.8959676300e-01 -1.0507417203e-01 9.7622358394e-01
-7.6604566772e-01 1.5528386660e+01 1.2357671762e+03
1.1045677136e+06 6.2618836117e-05 7.2837474914e-19
9.8270079728e-01 1.9401165394e-02 1.8418126346e-01
-3.9139613069e-02 9.9379153683e-01 1.0414639706e-01
-1.8101721940e-01 -1.0955353081e-01 9.7735908967e-01
3.6336391663e+00 -3.3547169875e+00 -1.4441283027e+04
0 0 0
0 0 0
0 0 0
0 0 0
0 0 0
0 0 0
0 0 0
0 0 0
0 0 0
0 0 0
0 0 0
0 0 0
0 0 0
0 0 0
0 0 0
0 0 0
0 0 0
0 0 0
0 0 0
0 0 0
0 0 0
0 0 0
0 0 0
0 0 0
0 0 0
0 0 0
0 0 0
0 0 0
0 0 0
0 0 0
1.2732704382e+06 -6.2435705891e-06 -6.0071173071e-18
9.8348451664e-01 2.5772249154e-02 1.7914797434e-01
-4.5135120350e-02 9.9346194266e-01 1.0486271687e-01
-1.7527414654e-01 -1.1121672379e-01 9.7821767205e-01
-2.1083891718e+00 -1.0883517754e+01 -2.4228502279e+04
-2.1423101699e+03 1.4216782621e+00 -1.3736788173e+00
9.6209351426e-01 1.0365547189e-02 2.7252270593e-01
-8.8891437159e-02 9.5662478849e-01 2.7742985862e-01
-2.5782626363e-01 -2.9113840263e-01 9.2128391297e-01
-9.2277642186e-01 -1.1205412062e+00 9.4072643790e+00
0 0 0
0 0 0
0 0 0
0 0 0
0 0 0
0 0 0
0 0 0
0 0 0
0 0 0
0 0 0
0 0 0
0 0 0
0 0 0
0 0 0
0 0 0
0 0 0
0 0 0
0 0 0
0 0 0
0 0 0
0 0 0
0 0 0
0 0 0
0 0 0
0 0 0
6.1410496534e+03 2.8118516063e+00 1.3284625273e-02
-9.0954204353e-01 8.1560898312e-02 -4.0753047850e-01
-4.8056361442e-02 -9.9461689840e-01 -9.1803112877e-02
-4.1282424489e-01 -6.3914358916e-02 9.0856540632e-01
2.8730613386e-01 7.8647067974e+00 2.8532342939e+01
0 0 0
0 0 0
0 0 0
0 0 0
0 0 0
0 0 0
0 0 0
0 0 0
0 0 0
0 0 0
2.0410578244e+06 2.8937637449e-07 7.0437490022e-18
9.6555696219e-01 1.1830275954e-03 2.6018907205e-01
-1.0585642441e-01 9.1527606506e-01 3.8866970829e-01
-2.3768502305e-01 -4.0282542767e-01 8.8387640801e-01
-9.4836661073e-01 7.9531122286e-01 -1.1711341598e+03
0 0 0
0 0 0
0 0 0
0 0 0
0 0 0
3.4790921709e+03 7.4284439917e-01 5.9535656153e-02
-9.5947713232e-01 3.5561778991e-02 -2.7953352648e-01
-1.3882504348e-02 -9.9676555545e-01 -7.9156197135e-02
-2.8144432598e-01 -7.2067935636e-02 9.5686744329e-01
-1.5047499174e+01 9.9464155643e+00 1.2668984071e+02
1.4613033164e+05 -6.9696372788e-04 3.7246789524e-19
9.7589020609e-01 7.5768366954e-02 2.0468869103e-01
-1.0539889184e-01 9.8481290369e-01 1.3796600424e-01
-1.9112660533e-01 -1.5621363352e-01 9.6905516945e-01
-1.8328337524e+00 -2.3676132233e+00 -2.8257150108e+03
0 0 0
0 0 0
0 0 0
0 0 0
0 0 0
4.0311208884e+03 1.8156430297e+00 3.2263275448e-01
8.8617669832e-01 -1.2524878230e-01 4.4609819757e-01
-3.3754548633e-03 9.6100191548e-01 2.7652111086e-01
-4.6333515478e-01 -2.4655234937e-01 8.5119473293e-01
1.9084780316e+00 -1.0584213814e+01 -2.7759269536e+01
0 0 0
0 0 0
0 0 0
0 0 0
0 0 0
3.6787743933e+04 4.2667680573e-01 1.7118147591e-05
-9.7153579822e-01 -8.5410147832e-02 -2.2095994980e-01
1.1367335698e-01 -9.8642410842e-01 -1.1851517303e-01
-2.0783782303e-01 -1.4025899249e-01 9.6805519179e-01
-4.0283372137e+00 -3.1021253060e+00 7.1342279770e+02
0 0 0
0 0 0
0 0 0
0 0 0
0 0 0
9.4542093132e+05 6.3195785056e-06 1.0247646684e-17
-9.8374787306e-01 -1.8058655087e-02 -1.7864491938e-01
3.9436917205e-02 -9.9236591673e-01 -1.1685297114e-01
-1.7517092169e-01 -1.2199906672e-01 9.7695003757e-01
4.8918042834e-01 8.4304884265e+00 1.7985574738e+04
0 0 0
0 0 0
0 0 0
0 0 0
0 0 0
0 0 0
0 0 0
0 0 0
0 0 0
0 0 0
0 0 0
0 0 0
0 0 0
0 0 0
0 0 0
0 0 0
0 0 0
0 0 0
0 0 0
0 0 0
-6.6372433266e+03 1.6205168581e+00 -9.9969499361e-02
9.3199882976e-01 -1.9654825522e-02 3.6192798890e-01
-1.0279947248e-01 9.4319382297e-01 3.1593936248e-01
-3.4757797654e-01 -3.3166112244e-01 8.7703503356e-01
-7.8642171871e-01 -2.8234265771e+00 3.1838874007e+01
0 0 0
0 0 0
0 0 0
0 0 0
0 0 0
0 0 0
0 0 0
0 0 0
0 0 0
0 0 0
0 0 0
0 0 0
0 0 0
0 0 0
0 0 0
0 0 0
0 0 0
0 0 0
0 0 0
0 0 0
9.7081917529e+05 5.0141632543e-05 1.6402723761e-21
9.7724545452e-01 1.6313674457e-02 2.1148329873e-01
-1.0757132231e-01 8.9742530182e-01 4.2785071960e-01
-1.8281064584e-01 -4.4086470903e-01 8.7875968051e-01
-8.4813903775e-01 -1.3713030964e+00 -6.7904170573e+02
0 0 0
0 0 0
0 0 0
0 0 0
0 0 0
1.1866518360e+06 4.6259793038e-06 1.6000953213e-18
-9.8438952874e-01 -9.3847542059e-03 -1.7575318517e-01
3.0982436301e-02 -9.9222368219e-01 -1.2054979530e-01
-1.7325514235e-01 -1.2411321805e-01 9.7702536546e-01
4.9915031836e-01 -2.8630312502e-01 8.7126563812e+03
0 0 0
0 0 0
0 0 0
0 0 0
0 0 0
0 0 0
0 0 0
0 0 0
0 0 0
0 0 0
0 0 0
0 0 0
0 0 0
0 0 0
0 0 0
0 0 0
0 0 0
0 0 0
0 0 0
0 0 0
0 0 0
0 0 0
0 0 0
0 0 0
0 0 0
0 0 0
0 0 0
0 0 0
0 0 0
0 0 0
0 0 0
0 0 0
0 0 0
0 0 0
0 0 0
0 0 0
0 0 0
0 0 0
0 0 0
0 0 0
1.2074851289e+03 1.8711231427e-01 4.8649145482e-01
8.6696003184e-01 7.5101298787e-02 4.9268661248e-01
-7.8101228699e-02 9.9683970475e-01 -1.4518991603e-02
-4.9221997244e-01 -2.5892044376e-02 8.7008568588e-01
-2.6415551813e+00 2.2458759298e+00 -1.9166656877e+01
1.5656262818e+05 -1.8399848869e-03 -1.1047694683e-07
9.7937613343e-01 5.0740967024e-02 1.9557030330e-01
-7.2063577975e-02 9.9201541842e-01 1.0350000171e-01
-1.8875706609e-01 -1.1545892728e-01 9.7521280043e-01
-9.7817724911e-01 -1.1978906771e+01 -3.7296181593e+03
2.4070861318e+05 1.2840483954e-05 -6.6810938486e-20
-9.8220745345e-01 -2.0533259826e-02 -1.8667325367e-01
4.1916435157e-02 -9.9289859578e-01 -1.1133459013e-01
-1.8306154937e-01 -1.1717834159e-01 9.7609308235e-01
-4.5405976084e-01 1.0450495601e+01 9.1265846728e+03
0 0 0
0 0 0
0 0 0
0 0 0
0 0 0
5.1021681219e+03 -1.0957968618e-01 -1.5629039653e-01
9.9143894331e-01 3.8152537475e-02 1.2487275753e-01
-9.5289817574e-02 8.6525001082e-01 4.9220145209e-01
-8.9267420455e-02 -4.9988678984e-01 8.6147810477e-01
-4.7528989796e-01 -2.9263493711e+00 -2.0128929556e+01
0 0 0
0 0 0
0 0 0
0 0 0
0 0 0
0 0 0
0 0 0
0 0 0
0 0 0
0 0 0
0 0 0
0 0 0
0 0 0
0 0 0
0 0 0
1.9270223980e+05 1.3800000614e-03 -1.2796330405e-24
9.0483833137e-01 1.1385289555e-01 4.1025006065e-01
-1.8535195794e-01 9.7281572812e-01 1.3883159155e-01
-3.8329133277e-01 -2.0166079763e-01 9.0134381727e-01
-9.2793426857e-01 2.0160272656e+00 -1.4898387234e+03
5.2562871645e+03 8.1117962401e-01 4.3445854766e-01
8.7463714459e-01 -3.8653382003e-03 4.8476275069e-01
5.2157107246e-02 9.9491409798e-01 -8.6171769227e-02
-4.8196421181e-01 1.0065285296e-01 8.7039043063e-01
-2.7010394523e+00 1.6325798502e+01 -8.9380954187e+01
0 0 0
0 0 0
0 0 0
0 0 0
0 0 0
0 0 0
0 0 0
0 0 0
0 0 0
0 0 0
0 0 0
0 0 0
0 0 0
0 0 0
0 0 0
0 0 0
0 0 0
0 0 0
0 0 0
0 0 0
1.5124533887e+02 -3.4462474457e-02 2.8585376513e-04
9.9581644880e-01 4.6879149172e-02 -7.8434339818e-02
-3.5666007532e-02 9.8969153583e-01 1.3870327977e-01
8.4128093979e-02 -1.3532556774e-01 9.8722310271e-01
1.4224818675e-02 -1.8492904303e+00 -3.8637995926e+00
0 0 0
0 0 0
0 0 0
0 0 0
0 0 0
0 0 0
0 0 0
0 0 0
0 0 0
0 0 0
0 0 0
0 0 0
0 0 0
0 0 0
0 0 0
0 0 0
0 0 0
0 0 0
0 0 0
0 0 0
0 0 0
0 0 0
0 0 0
0 0 0
0 0 0
-2.5488263140e+00 4.8434295527e+00 3.9269575737e+00
218 219 224
9 11 706 -477.6900 1031.3201 34 576 -361.8500 635.8700 25 645 144.3900 -853.5000 51 5125 -103.1300 -284.8500 22 17368 359.6801 -134.7100 29 6036 -120.4300 -169.3800 52 4040 -31.7600 -138.1100 2 4078 -27.3500 -324.3800 10 4534 -203.6700 -298.9500
1.8080265007e+00 -9.3941487104e-01 2.1587653127e+00
170 174 173
13 11 220 279.8800 -315.4800 34 185 348.0200 -654.0000 54 85 443.7600 -806.7200 50 383 -4.7900 75.8800 58 52 191.6700 141.2900 51 3492 45.4200 -538.3300 3 1112 442.4301 -314.3300 22 9561 480.6801 -295.6000 29 3776 83.9900 -484.3600 2 1930 89.0600 -508.7700 10 2109 3.6100 -614.9800 27 2386 311.6300 120.1500 41 325 214.3300 -61.4100
-5.5162523389e-01 -8.6377410055e-01 1.2644868098e+00
161 161 159
9 11 221 -229.4700 -311.1899 34 24 -171.8900 -640.6500 51 2459 -54.6400 -534.7700 3 693 258.7000 -312.4200 22 5896 414.4500 -295.2500 52 1842 6.4900 -295.5100 2 1931 13.1600 -508.4800 10 2112 -122.8100 -611.8101 41 187 -108.7800 -58.3199
2.7813642708e+00 6.0976812054e-01 2.9194567510e+00
73 61 44
5 11 242 525.0601 6.4800 34 98 577.6300 -326.2600 23 669 74.8600 -87.5900 51 3543 96.8199 -479.0400 2 2759 125.2100 -464.5601
-3.1750258782e+00 -2.0358163763e-01 2.6330397438e+00
89 78 67
2 11 397 -596.5900 -53.3600 34 201 -533.6400 -356.1500
2.9657128575e+00 6.4127547199e-01 3.1319236513e+00
168 166 154
6 11 608 571.8999 21.1300 34 311 627.0699 -308.7900 54 312 814.3501 -314.7600 23 1562 85.2600 -85.8400 2 8049 130.6700 -464.4399 27 5318 386.9800 191.3600
-1.0771033705e+00 1.3536840179e+00 1.4219420821e+00
172 166 150
5 11 421 -325.7600 132.5601 34 214 -263.5300 -195.4400 23 399 -132.3300 -40.8200 3 735 220.1899 -131.1600 29 2578 -63.8400 -357.5699
-1.3749193565e-01 -5.7768441773e-01 1.6346221032e+00
177 177 175
7 11 574 -126.1801 -240.1600 34 292 -62.2700 -564.7000 23 1005 -83.4700 -141.7800 51 4913 -33.7400 -521.1600 59 4815 -121.3400 956.0601 3 1805 296.2700 -287.3900 22 16387 427.6100 -285.5400
1.9608827958e+00 7.9713132930e-02 2.1363703821e+00
181 181 174
8 11 830 313.5601 -126.5900 34 440 371.1000 -460.6899 50 1036 10.1000 139.2700 58 163 224.1200 260.1600 64 625 152.6200 -134.9700 23 1547 23.1400 -113.5100 3 1833 459.4600 -240.8100 10 4381 16.1500 -563.8101
1.6969219763e+00 1.1080835699e+00 2.0875685472e+00
132 127 122
5 11 615 267.2700 75.3400 34 462 311.3000 -264.8800 50 664 -1.5200 211.8500 58 89 206.7700 399.5200 23 1043 16.2700 -58.5200
-3.6928639352e+00 -3.4410101668e+00 5.4045524611e+00
129 131 128
2 11 801 -431.2300 -363.4399 34 408 -382.6000 -694.5601
-2.3206027476e+00 -1.0091577217e+00 2.6607939516e+00
168 170 171
2 11 820 -431.5000 -199.2100 34 431 -378.6400 -518.1200
-3.3898637902e+00 -1.2779932595e+00 2.9742714409e+00
86 77 61
2 11 1176 -592.6700 -210.7900 34 633 -534.7600 -516.6700
-2.4614627167e+00 -1.0937564472e+00 2.6895717266e+00
106 100 88
2 11 1174 -453.4000 -208.0400 34 628 -400.8800 -529.2900
1.9539579210e+00 -2.2934349004e-01 2.2083655808e+00
97 89 78
9 11 1189 313.3800 -180.0300 34 635 374.2800 -513.7500 54 640 481.4800 -621.6600 50 1015 8.6700 121.1100 58 275 219.8300 225.7900 23 3085 22.7200 -127.3100 59 17060 4.7000 975.6001 3 4850 460.8400 -262.0100 29 20546 96.6500 -447.5200
-4.2615224120e+00 -4.7138346754e-01 3.1151068580e+00
171 170 165
2 11 841 -743.6100 -56.5900 34 453 -678.5800 -347.0900
5.3862669143e-01 4.3771307875e-01 1.9266510342e+00
30 29 26
7 11 1857 24.2400 -43.1600 34 1054 80.0400 -372.3700 54 669 85.3700 -448.1400 58 299 50.5200 334.9400 51 15784 -1.9100 -477.7200 3 4891 352.0699 -208.3900 22 40765 446.9500 -256.4301
-5.6871720060e-02 -9.3782763704e-01 1.5388100803e+00
79 76 64
7 11 1714 -116.8000 -314.7900 34 956 -53.9600 -644.6801 23 3036 -82.3000 -160.2700 3 5852 298.9200 -315.3700 29 20408 -13.1200 -483.5800 10 14132 -95.4301 -614.7900 41 1535 -39.5600 -63.8900
-5.4244167031e-01 1.6304558875e+00 1.4583045409e+00
95 86 69
7 11 1286 -219.2700 181.6400 34 726 -161.7100 -153.3500 23 2281 -105.0100 -28.6400 51 10390 -50.1801 -423.3300 59 11149 -148.1400 1105.9800 29 13665 -35.7500 -342.7600 10 9630 -116.1900 -471.0300
-3.8488903092e+00 -4.2814250626e+00 6.6410038709e+00
124 123 119
2 11 1127 -366.9500 -395.5500 34 584 -319.3900 -731.1600
1.0144318571e+00 -1.1496782906e+00 2.0118199720e+00
53 48 44
6 11 1703 116.0800 -345.3800 34 945 184.1000 -681.1100 64 1776 63.7400 -230.4500 23 4288 -27.2600 -168.1900 10 14115 -36.8101 -622.3899 41 1526 111.8600 -80.5900
-1.7067867215e-01 5.7999741436e-01 1.7736647179e+00
115 109 98
7 11 1880 -121.1801 -11.2500 34 1070 -63.2000 -337.9301 58 463 -39.6300 367.0900 23 4517 -81.8500 -81.9000 59 28485 -120.2600 1033.0801 29 20716 -11.8700 -400.9100 10 14405 -93.7900 -530.8900
-6.3098689063e-01 8.6492146981e-01 1.5400635636e+00
83 76 70
7 11 2869 -227.8800 37.9900 34 1659 -169.6000 -288.7400 23 4541 -107.9800 -67.8500 51 15910 -53.3300 -457.9700 59 28568 -151.1200 1051.2500 10 14446 -120.1600 -515.9800 41 1640 -108.7900 180.3000
-3.3705515980e-01 8.6337531485e-01 1.6626907293e+00
64 57 48
7 11 2872 -159.2500 39.6400 34 1658 -102.1500 -288.5699 58 476 -62.7000 405.2800 23 3142 -90.8600 -67.6100 29 20759 -22.0300 -386.3101 10 14451 -103.0600 -515.7100 27 11832 210.5601 212.2500
7.1683776132e-01 5.1025815919e+00 4.1562171505e+00
85 72 55
4 11 2288 214.8400 1087.0300 34 1386 257.3700 647.5601 17 1906 328.5400 -468.3000 25 2554 640.3701 -770.5500
5.3494543820e-01 5.1702579037e+00 4.1483335106e+00
96 78 65
4 11 2293 175.6899 1104.2000 34 2071 222.4900 662.6600 17 1908 292.9000 -453.8700 25 2557 608.3401 -757.4200
-1.8322383878e-01 -9.1984180339e-01 1.4725243679e+00
96 88 73
7 11 2625 -145.8400 -313.4100 34 1456 -84.0700 -643.6700 23 6135 -89.1600 -159.6300 59 27922 -127.6800 934.2100 29 32842 -19.6600 -483.0400 10 21948 -102.3000 -613.9600 41 3254 -54.0600 -62.3700
-1.6113726590e-01 -7.7990107136e-01 1.5833969653e+00
99 88 70
6 11 1730 -132.5500 -280.1300 34 967 -70.5900 -607.8900 23 4336 -85.4800 -151.7600 59 27972 -124.3900 943.6499 29 32885 -18.2600 -474.5699 10 21980 -98.3600 -606.2300
5.0763427409e-01 -9.7267111761e-02 2.0529749517e+00
116 112 102
7 11 2749 23.3400 -134.1899 34 1561 83.4900 -462.3101 58 437 48.0600 273.4500 64 2886 28.5100 -139.3800 23 4450 -47.0700 -114.6400 29 33099 22.8300 -434.7600 10 22166 -59.1899 -565.5500
-4.7701990148e+00 2.5076237493e+00 3.6054929514e+00
166 163 158
2 11 56 -865.3500 522.6500 34 14 -755.4700 219.9400
3.1636203930e+00 3.1782977748e+00 4.2425881036e+00
161 153 149
2 11 58 720.7700 609.0100 34 59 735.3800 243.8600
-3.4175966705e+00 3.6784081351e+00 3.5582463868e+00
173 167 156
2 11 61 -650.2800 749.8800 34 18 -532.7900 409.4399
4.6684925140e-01 4.0297199590e-01 1.8628144111e+00
112 107 102
3 11 103 7.3400 -53.5900 34 32 62.4800 -381.3600 54 27 64.7500 -462.4301
2.6732316388e+00 3.3556961466e-01 2.7755188499e+00
189 182 172
3 11 104 489.5000 -51.5900 34 30 547.8000 -386.2100 54 28 712.5300 -429.7100
-2.4405551682e+00 3.3325236579e-01 2.1155440849e+00
161 159 146
2 11 106 -516.0100 2.1899 34 36 -451.1700 -311.4800
-4.6688323856e+00 1.4731506796e+00 3.3700740374e+00
182 178 175
2 11 120 -837.7700 307.2200 34 43 -744.1300 20.2800
3.2932746461e+00 2.3765551906e+00 3.9719163063e+00
189 186 181
3 11 128 710.9600 418.2600 34 46 743.8199 69.0100 54 45 945.4399 213.8500
-5.1494369261e+00 2.1709850352e+00 3.7681226220e+00
183 182 178
2 11 132 -910.4000 460.4399 34 52 -797.2600 179.0800
-2.8017170594e+00 2.6742563955e+00 2.8496222789e+00
141 140 137
2 11 134 -565.4700 499.5500 34 50 -472.1200 172.1600
-3.4941746782e+00 2.8559107819e+00 3.2404031208e+00
186 185 180
2 11 142 -669.7800 560.4900 34 58 -563.3200 241.1700
-2.8063976880e+00 3.7795876643e+00 3.3871822566e+00
135 128 113
3 11 149 -550.4900 761.2100 34 67 -437.1100 409.4200 17 115 -350.3000 -778.9900
-1.6541361388e+00 4.0950007091e+00 3.2852771083e+00
154 147 136
2 11 151 -334.6400 820.3400 34 163 -241.5700 443.4800
3.2479455437e+00 9.3008086220e-01 3.4044248595e+00
194 188 172
3 11 252 647.3701 86.6899 34 101 699.6100 -241.1800 54 102 908.2000 -215.2600
3.6247117779e+00 9.6779321224e-01 3.8643917250e+00
182 177 174
2 11 254 744.7100 113.1300 34 39 802.0300 -213.8200
-4.3711456739e+00 5.9274653852e-01 3.0760645079e+00
183 179 170
2 11 256 -790.5700 127.9000 34 108 -709.4000 -159.6900
-4.3711456739e+00 5.9274653852e-01 3.0760645079e+00
183 179 170
2 11 257 -790.5700 127.9000 34 109 -709.4000 -159.6900
-1.7966321533e+00 1.1858932253e+00 1.8695876917e+00
70 58 46
2 11 258 -426.2300 139.4299 34 105 -359.4700 -184.4900
3.3789603129e+00 1.2036760190e+00 3.5340337394e+00
65 57 44
3 11 259 689.4600 147.4900 34 102 735.7000 -187.3000 54 110 948.1201 -130.9800
3.3789603129e+00 1.2036760190e+00 3.5340337394e+00
65 57 44
3 11 260 689.4600 147.4900 34 103 735.7000 -187.3000 54 111 948.1201 -130.9800
8.9631734480e-01 1.5194437572e+00 2.0094057696e+00
185 174 152
4 11 263 105.4301 165.7600 34 106 150.1700 -172.5500 54 105 190.7200 -187.2400 23 404 -23.5900 -34.8700
9.2319406789e-01 1.5469078938e+00 1.9196965996e+00
185 174 152
4 11 264 105.4301 165.7600 34 107 150.1700 -172.5500 50 282 -54.5100 251.9500 23 405 -23.5900 -34.8700
2.9039060642e+00 1.5761346092e+00 3.2825117664e+00
164 160 151
2 11 268 580.4299 216.6100 34 110 624.1600 -121.1100
2.9039060642e+00 1.5761346092e+00 3.2825117664e+00
164 160 151
2 11 269 580.4299 216.6100 34 111 624.1600 -121.1100
1.7703732226e+00 1.8275940676e+00 2.4021476791e+00
68 55 39
3 11 270 305.6500 238.2500 34 113 344.5200 -107.3100 50 288 17.4900 266.8200
2.4718745866e+00 2.1952513468e+00 3.1404274068e+00
156 152 143
2 11 278 494.1899 344.6100 34 121 529.9500 -2.5200
5.8054557367e-01 2.3724049990e+00 1.9145844926e+00
173 162 144
2 11 279 38.8101 349.6300 34 120 82.1200 -8.4300
-3.2599137293e+00 2.1755807095e+00 2.7864496448e+00
159 157 151
3 11 282 -648.9700 398.5901 34 125 -555.0300 89.4500 64 287 -257.8400 62.0900
2.2041246372e+00 2.5300157345e+00 3.1020036758e+00
185 177 165
2 11 284 441.1000 418.3401 34 124 475.1801 64.4500
-4.0904889016e+00 2.2799285753e+00 3.2915584612e+00
174 173 168
2 11 285 -761.5100 452.4399 34 131 -658.3000 149.8600
-1.7101803586e+00 2.6982037978e+00 2.4518427183e+00
144 134 125
2 11 286 -387.2700 473.1100 34 129 -304.8300 133.0100
-1.7101803586e+00 2.6982037978e+00 2.4518427183e+00
144 134 125
2 11 287 -387.2700 473.1100 34 130 -304.8300 133.0100
2.1550236758e+00 2.8335699707e+00 3.2146888205e+00
87 75 66
2 11 289 441.2400 493.4299 34 240 474.0800 129.7200
-2.3621670396e+00 2.7966856904e+00 2.7664579671e+00
58 49 39
2 11 290 -491.1800 514.6500 34 137 -398.7100 182.3700
-2.3621670396e+00 2.7966856904e+00 2.7664579671e+00
58 49 39
2 11 291 -491.1800 514.6500 34 138 -398.7100 182.3700
-1.7506684026e+00 3.2383188547e+00 2.7455649620e+00
59 48 31
2 11 297 -382.4600 604.5801 34 143 -292.7000 252.6200
4.8471056169e-01 3.6269238513e+00 2.9022864514e+00
150 143 115
3 11 304 80.0500 677.9700 34 151 130.0000 294.3400 54 141 133.2400 417.7200
7.9656915841e-01 3.8465464024e+00 3.1899286208e+00
154 151 134
2 11 308 164.7300 738.7600 34 157 209.0000 349.2100
-1.2696942569e+00 4.0346234515e+00 3.1579214757e+00
86 72 57
2 11 315 -266.3500 799.3700 34 162 -179.6800 418.5900
1.6734613303e-01 4.4826051616e+00 3.5260683386e+00
194 185 181
4 11 317 54.5300 910.5400 34 267 109.5699 502.1200 17 325 191.1400 -621.0900 25 427 524.8400 -903.7400
1.6080918134e-01 4.4846584423e+00 3.5316709316e+00
194 185 181
3 11 318 54.5300 910.5400 34 268 109.5699 502.1200 25 428 524.8400 -903.7400
-1.4851268801e+00 4.4435844120e+00 3.4855369329e+00
89 75 70
2 11 319 -290.1801 910.2500 34 170 -198.7800 518.4299
1.4238397371e+00 3.7627854817e-01 2.0981524755e+00
194 190 183
6 11 393 206.2000 -61.3199 34 200 260.4200 -393.9100 54 199 332.0300 -465.3800 50 418 -23.7400 165.3500 58 58 161.5900 310.9600 64 415 108.7900 -105.0300
-3.1750258782e+00 -2.0358163763e-01 2.6330397438e+00
89 78 67
2 11 398 -596.5900 -53.3600 34 202 -533.6400 -356.1500
-5.9316174865e+00 -8.3760464977e-01 3.8579524357e+00
190 187 178
2 11 399 -955.3800 -54.7500 34 206 -893.5200 -325.8900
-5.9316174865e+00 -8.3760464977e-01 3.8579524357e+00
190 187 178
2 11 400 -955.3800 -54.7500 34 207 -893.5200 -325.8900
-4.0239561919e+00 -8.9852618654e-02 2.9516441807e+00
169 163 141
2 11 406 -724.0000 -3.9000 34 210 -654.5900 -295.8700
-4.0239561919e+00 -8.9852618654e-02 2.9516441807e+00
169 163 141
2 11 407 -724.0000 -3.9000 34 211 -654.5900 -295.8700
1.6507487278e-01 7.0117833345e-01 2.0297141244e+00
173 172 168
5 11 408 -39.6700 19.6700 34 208 18.8800 -309.0601 58 62 14.9800 384.0900 64 430 4.0500 -70.0700 59 3240 -95.9399 1044.8799
2.9059919548e+00 8.7515719258e-01 3.0546701571e+00
170 166 155
3 11 410 557.4500 64.9000 34 212 609.6700 -267.8400 54 211 791.6001 -266.5500
2.7126451365e+00 9.5868815603e-01 2.9949460623e+00
91 80 57
6 11 413 515.8500 79.7000 34 314 567.5601 -251.3600 54 213 732.5601 -246.4600 50 430 85.6000 199.0000 23 1032 73.8200 -69.3900 27 3656 376.6600 208.3101
-3.0188741979e+00 5.8594075376e-01 2.4238514359e+00
179 174 155
2 11 416 -601.2600 73.5699 34 320 -528.7200 -231.3800
5.7285415254e-01 1.1893574731e+00 1.9080902779e+00
179 175 164
2 11 417 32.3500 99.8600 34 213 83.8199 -233.9600
-1.2247951906e+00 1.2367707834e+00 1.7464896908e+00
172 166 150
2 11 422 -325.7600 132.5601 34 215 -263.5300 -195.4400
3.4783473194e+00 1.3713978254e+00 3.7597434031e+00
186 182 173
5 11 426 721.2100 191.5200 34 221 767.5400 -136.5700 54 226 993.7000 -62.9600 50 437 156.5200 224.0300 23 1045 119.9000 -53.5100
2.5830217685e+00 1.5148724751e+00 2.9050054964e+00
166 158 146
2 11 427 496.2800 188.5400 34 218 537.1899 -150.2300
-2.6057589636e+00 1.3195967454e+00 2.3031812140e+00
175 167 153
2 11 428 -546.6000 199.7600 34 225 -471.0100 -114.4500
2.2388355303e+00 2.0128488284e+00 2.8242451829e+00
165 159 145
3 11 437 427.1300 293.2300 34 230 464.2100 -53.1300 23 1072 56.7800 -12.5800
1.6995257287e+00 2.0677244997e+00 2.4569500980e+00
150 147 140
2 11 438 296.4399 292.7400 34 231 335.1100 -55.0900
-7.1867586321e-01 2.6593035010e+00 2.0596282316e+00
146 135 109
2 11 449 -217.6801 437.3201 34 350 -153.7300 82.4200
-1.5265643785e+00 2.5650018555e+00 2.3280363908e+00
155 149 137
2 11 450 -357.3600 436.8301 34 351 -281.2300 96.8800
7.1614468771e-01 2.7879226821e+00 2.3222872428e+00
120 113 98
2 11 454 92.1801 456.6899 34 237 135.1801 94.8600
-2.0781620180e+00 2.6453877065e+00 2.6060282171e+00
187 186 181
2 11 459 -444.8500 471.8101 34 244 -359.7500 139.2400
-1.2972985594e+00 2.7946714571e+00 2.3523433253e+00
153 144 124
2 11 463 -313.7600 485.2800 34 354 -238.8200 137.2000
-1.2972985594e+00 2.7946714571e+00 2.3523433253e+00
153 144 124
2 11 464 -313.7600 485.2800 34 355 -238.8200 137.2000
1.2962700942e+00 2.9010132274e+00 2.6828008841e+00
140 133 123
2 11 466 232.9301 492.0500 34 241 272.1100 126.8800
1.2962700942e+00 2.9010132274e+00 2.6828008841e+00
140 133 123
2 11 468 232.9301 492.0500 34 242 272.1100 126.8800
1.0524774774e+00 3.0226384783e+00 2.6450859626e+00
142 133 118
2 11 470 181.7500 520.0500 34 357 221.5699 153.3100
7.8872347018e-01 3.2123922136e+00 2.6181981442e+00
139 132 122
2 11 472 125.8700 567.4099 34 245 169.8900 192.8200
1.1504549870e+00 3.3607481960e+00 2.9699434838e+00
183 177 168
3 11 475 221.3199 610.6599 34 248 263.6600 234.3800 23 712 9.5700 71.4700
6.8369570590e-01 3.4003443533e+00 2.7761788260e+00
77 64 55
2 11 477 112.8700 617.8500 34 250 161.2200 240.1000
-6.2678862244e-01 3.3837538614e+00 2.5865697057e+00
75 60 45
2 11 480 -168.3600 620.0100 34 253 -100.6800 250.5300
-5.8062661149e-01 -7.7987832128e-01 1.3088510548e+00
185 185 183
4 11 569 -229.1801 -293.6801 34 284 -169.8600 -621.2200 51 4901 -54.9900 -530.9800 22 16345 414.1600 -292.2200
-3.6942149271e-01 -8.4613241467e-01 2.2123137715e+00
177 177 175
2 11 573 -126.1801 -240.1600 34 291 -62.2700 -564.7000
5.1786811857e-01 -3.8592714354e-01 2.0731894416e+00
181 182 179
3 11 580 24.3500 -187.5000 34 195 90.7200 -514.0800 58 57 47.7800 239.5000
7.8271099789e-01 -3.0773083402e-01 2.0972449204e+00
171 172 166
2 11 581 77.7800 -176.7200 34 294 140.8300 -503.9200
-4.1667767954e+00 -1.1740878184e+00 3.2473687526e+00
148 148 148
2 11 583 -703.6200 -167.9100 34 300 -645.0400 -460.6400
-3.5011719686e+00 -7.8826274996e-01 2.7991411265e+00
189 186 181
2 11 590 -634.1500 -138.5300 34 198 -572.4300 -441.6200
-4.3169718303e+00 -7.9968925648e-01 3.1468272923e+00
176 174 161
2 11 593 -745.7300 -108.3600 34 305 -683.1700 -401.7300
-5.5617841752e+00 -8.3500231270e-01 3.7448107145e+00
186 187 190
2 11 600 -903.2300 -68.3900 34 310 -839.8500 -337.3600
-4.7851874962e+00 -5.2516256391e-02 3.3052099992e+00
167 164 155
2 11 609 -827.1600 31.7800 34 315 -755.0500 -250.0700
-4.7851874962e+00 -5.2516256391e-02 3.3052099992e+00
167 164 155
2 11 610 -827.1600 31.7800 34 316 -755.0500 -250.0700
-2.1123596352e+00 7.6912832180e-01 2.0184110622e+00
111 102 88
2 11 613 -468.0000 71.8500 34 317 -402.0400 -244.6900
-2.1756421765e+00 1.0375908681e+00 2.1152631861e+00
146 140 126
2 11 620 -475.2900 128.4800 34 321 -406.8300 -187.2500
2.5560889132e+00 1.2755135022e+00 2.9400926967e+00
77 61 53
4 11 622 484.2900 141.6300 34 476 531.3199 -193.1000 54 323 684.7000 -170.7100 50 669 76.4600 221.9700
3.1093063677e+00 1.2435309078e+00 3.3755679083e+00
184 178 166
4 11 623 622.5701 149.5300 34 322 668.4800 -181.4100 54 324 864.4900 -135.8500 50 668 122.7100 217.1000
-3.4880614634e+00 9.1303898944e-01 2.7239990368e+00
182 175 165
2 11 626 -667.0900 155.3101 34 327 -587.8400 -142.5400
6.6600516364e-01 1.5242176000e+00 1.8982208908e+00
177 171 166
4 11 627 50.6700 165.0901 34 323 101.1899 -174.1600 23 1062 -37.7100 -34.4800 51 3588 5.1700 -429.7300
-2.0866721480e+00 1.2406990046e+00 2.0823238299e+00
157 147 127
2 11 628 -465.3400 164.4299 34 325 -393.8300 -153.5900
2.3909818834e+00 1.5714551822e+00 2.7952735456e+00
104 88 72
3 11 629 450.8700 197.3201 34 328 492.3600 -142.4000 23 1059 60.1500 -38.1000
-4.9570572477e+00 1.0396077512e+00 3.4486211055e+00
171 166 159
2 11 632 -870.5100 234.0601 34 336 -782.3200 -46.0900
2.0437247379e+00 2.0825729427e+00 2.6807496692e+00
100 85 63
2 11 644 380.4200 303.5300 34 334 417.0200 -45.1500
2.0437247379e+00 2.0825729427e+00 2.6807496692e+00
100 85 63
2 11 645 380.4200 303.5300 34 335 417.0200 -45.1500
3.5377767542e+00 2.0965364582e+00 4.0810510027e+00
163 156 148
4 11 655 764.0701 358.7900 34 341 800.0900 17.7400 54 243 1023.2100 158.8500 50 691 178.7200 277.9900
1.2328129175e+00 2.4377133671e+00 2.3034510215e+00
87 74 58
2 11 657 194.8800 373.0000 34 343 235.2000 14.8600
-2.4011830758e+00 2.3766667831e+00 2.5367863574e+00
174 164 137
3 11 662 -510.5100 418.7300 34 352 -422.2200 94.0400 29 5933 -117.0300 -307.9399
-6.0538782904e+00 2.1606803189e+00 4.0924614379e+00
191 194 200
2 11 669 -1041.6100 486.3201 34 363 -927.5900 210.1600
4.0650902794e+00 2.5947344925e+00 4.7869556521e+00
129 117 105
2 11 670 924.4399 496.3800 34 356 949.1500 147.2100
-2.0867669461e+00 3.1542441656e+00 2.8687838648e+00
187 187 187
2 11 673 -436.2600 592.2500 34 369 -343.6600 249.9000
2.1141435109e+00 3.3085658792e+00 3.5602482424e+00
74 62 50
2 11 676 457.1801 615.9299 34 368 488.1300 243.3900
8.7815644266e-01 3.4624332333e+00 2.9065063200e+00
168 158 133
2 11 677 162.3700 635.4299 34 370 206.3600 256.6100
8.7815644266e-01 3.4624332333e+00 2.9065063200e+00
168 158 133
2 11 678 162.3700 635.4299 34 371 206.3600 256.6100
-4.6825426263e+00 3.3451845537e+00 3.8889729743e+00
164 156 143
2 11 685 -851.3700 701.4399 34 556 -722.7800 388.1799
-1.3604207777e+00 3.8020699411e+00 3.0098955618e+00
172 161 147
2 11 689 -290.8700 739.9299 34 551 -207.7500 367.5400
-2.0868533848e-01 4.5839612489e+00 3.5487276435e+00
143 131 117
3 11 700 -22.2000 939.0901 34 571 41.5500 525.9399 17 741 117.7500 -592.3500
1.5589763247e+00 4.7048564801e+00 4.2007346748e+00
121 112 98
2 11 704 396.0699 986.8201 34 394 423.6300 561.8101
-6.4572626230e+00 -3.5831811481e+00 4.7596101241e+00
42 38 35
2 11 789 -904.4700 -405.1700 34 278 -879.2000 -711.0200
-6.3860057328e+00 -2.8921071109e+00 4.4171761599e+00
163 166 170
2 11 804 -937.6600 -333.6500 34 285 -902.7200 -621.1000
5.5459646761e-01 -7.2182619662e-01 1.9019380099e+00
182 181 177
2 11 810 23.9301 -261.1801 34 286 86.5300 -591.3500
-3.4899547582e+00 -1.5915068845e+00 3.2058872326e+00
184 176 163
2 11 813 -585.0900 -242.5500 34 426 -531.2800 -553.9200
1.3936884433e+00 -2.7838721187e-01 2.2049376564e+00
183 182 178
4 11 824 201.9100 -179.8800 34 433 264.2700 -509.0500 54 423 325.5500 -616.8800 50 1019 -24.7000 123.7900
9.8256575361e-01 -1.4583027693e-01 2.1180033152e+00
137 133 123
4 11 827 116.5000 -148.8700 34 435 180.0300 -478.7600 50 1028 -51.9500 135.4000 58 162 105.5000 257.3400
8.5703783114e-01 8.8005370353e-03 2.0590588722e+00
200 200 197
3 11 836 90.6400 -120.4900 34 663 152.4200 -451.3199 58 174 88.2800 278.1400
6.1182572125e-01 -1.3774050968e-02 2.0679028748e+00
193 193 191
4 11 837 45.8600 -119.2400 34 442 105.9000 -448.4600 58 176 60.1700 282.0200 64 626 37.3900 -132.7200
-4.4637490160e+00 -4.8785964144e-01 3.1873549269e+00
134 126 123
2 11 842 -773.6200 -54.2100 34 455 -705.9100 -339.2800
2.9651070165e+00 3.3161503137e-01 3.0374968533e+00
110 101 94
4 11 843 562.3301 -45.9500 34 449 622.5400 -374.2900 54 444 810.1201 -405.3101 50 1050 95.9300 155.0300
-3.3957384316e+00 -1.7999089574e-01 2.6532985212e+00
172 166 152
2 11 844 -636.4800 -44.4700 34 452 -570.8800 -346.1801
1.9938003009e-01 5.5035301460e-01 1.8368706771e+00
173 168 161
5 11 846 -45.6600 -20.4301 34 451 10.6700 -349.8400 54 442 -7.0500 -421.2400 58 179 8.8400 357.4600 39 9 -366.3800 -162.1500
-1.6620421623e+00 5.3290770859e-01 1.7942745486e+00
179 170 154
4 11 849 -396.4800 7.5400 34 460 -336.6400 -314.2200 50 663 -228.8600 209.0000 58 181 -216.7800 402.3900
-3.2119783423e+00 2.1895767220e-01 2.5640616067e+00
167 164 156
2 11 850 -616.9900 17.5800 34 461 -548.6500 -284.2600
-3.9234814413e+00 1.3161900674e-01 2.9035389693e+00
178 174 162
2 11 853 -714.0500 30.8800 34 463 -643.2500 -262.2000
2.4414041472e+00 1.0398100116e+00 2.6017191462e+00
163 154 137
3 11 861 445.9200 80.0300 34 697 491.8000 -260.1400 23 1580 58.1100 -65.4600
-1.4625316529e+00 9.4613058954e-01 1.7677445900e+00
153 153 146
4 11 862 -365.7100 82.1500 34 468 -304.8300 -243.2900 50 676 -219.7900 236.7300 23 1044 -142.5400 -55.5100
1.8242744416e+00 1.1663909973e+00 2.1355388171e+00
180 179 175
3 11 864 297.5699 89.6600 34 465 338.6000 -253.6500 50 1099 8.5900 215.2400
-2.5330779702e+00 1.4564818943e+00 2.3519407142e+00
164 161 146
2 11 885 -531.1100 226.2400 34 482 -453.6300 -87.1400
3.1689683035e+00 1.6697179800e+00 3.6268841970e+00
209 209 211
2 11 890 652.6201 248.6100 34 483 696.9200 -85.2900
3.1687953735e+00 1.6731019772e+00 3.6136344706e+00
209 209 211
3 11 891 652.6201 248.6100 34 484 696.9200 -85.2900 54 340 891.3401 -0.6100
-2.0583408746e+00 1.8438866487e+00 2.2554602350e+00
76 55 39
2 11 897 -454.8500 291.1100 34 488 -378.6600 -31.5100
1.5177825666e+00 2.1609153671e+00 2.3591238270e+00
86 73 56
3 11 900 254.4800 310.4900 34 487 293.2700 -42.1300 50 697 2.5200 296.1600
-1.4691646979e+00 2.0246350006e+00 2.0927706020e+00
136 123 104
2 11 901 -356.3900 311.5000 34 492 -285.1400 -20.1400
-1.4691646979e+00 2.0246350006e+00 2.0927706020e+00
136 123 104
2 11 902 -356.3900 311.5000 34 493 -285.1400 -20.1400
1.3027897445e+00 2.2559998773e+00 2.2919933875e+00
150 143 127
2 11 907 207.1200 330.7300 34 758 247.6100 -21.8400
1.3027897445e+00 2.2559998773e+00 2.2919933875e+00
150 143 127
2 11 908 207.1200 330.7300 34 759 247.6100 -21.8400
-4.3515442629e+00 1.6855148403e+00 3.2753878006e+00
62 52 43
2 11 911 -794.7000 338.1400 34 503 -698.5100 47.1200
-1.0081076463e+00 2.2867722332e+00 2.0104433876e+00
82 66 48
2 11 914 -274.5200 356.7900 34 497 -209.3900 14.4900
1.8075376676e+00 2.3353671038e+00 2.7158866271e+00
101 88 69
3 11 915 334.5100 361.4800 34 496 372.1000 8.1300 50 699 33.8900 307.8700
1.4098409199e+00 2.4156924852e+00 2.3612431730e+00
131 119 102
2 11 916 235.8400 368.7800 34 773 272.6300 11.2000
3.8222079619e+00 2.1507322398e+00 4.4634309938e+00
76 63 59
2 11 923 839.8101 384.7600 34 779 878.7900 45.9800
1.0051260056e+00 2.4896659381e+00 2.2676382414e+00
165 158 151
2 11 924 146.4600 384.1300 34 499 187.9399 27.9100
-7.7330202877e-01 2.4782609213e+00 2.0584547197e+00
81 64 49
3 11 929 -225.6200 396.7300 34 502 -162.9400 48.1400 23 1625 -105.6400 25.0800
1.6158689741e+00 2.5477905140e+00 2.6634982932e+00
110 94 78
2 11 933 295.2400 408.0000 34 504 332.3000 51.8100
-4.9364973131e+00 2.0699680921e+00 3.6593340162e+00
182 180 181
2 11 936 -876.6400 434.9299 34 518 -770.5500 149.5200
1.3716650996e+00 2.7390172235e+00 2.6119518854e+00
99 83 64
2 11 939 243.6801 451.3401 34 509 281.6500 90.0900
-6.5598725775e-01 2.7135288237e+00 2.1822703051e+00
150 136 119
2 11 940 -197.5100 451.4299 34 789 -131.6700 98.8200
-1.9980497233e+00 2.6144668961e+00 2.5600671847e+00
184 184 176
2 11 942 -433.6600 462.0400 34 515 -347.2200 129.4300
1.1488225838e+00 2.8870273963e+00 2.5805414421e+00
93 79 66
2 11 947 197.0000 485.8401 34 512 236.2700 121.1300
-2.3244962639e+00 2.7665157880e+00 2.7325374865e+00
65 53 42
2 11 955 -485.7900 506.6000 34 525 -394.7300 174.0100
-1.3084565656e+00 2.9865722220e+00 2.5224737185e+00
99 86 69
2 11 964 -306.4200 532.9800 34 823 -227.8300 183.7400
-1.8886094591e+00 3.1417464669e+00 2.7947431679e+00
109 94 76
2 11 970 -403.4200 584.3700 34 534 -312.9800 239.7200
5.2202624211e-01 3.4148818534e+00 2.7121979404e+00
75 58 42
2 11 976 76.4301 620.5800 34 536 124.9200 242.6100
5.2202624211e-01 3.4148818534e+00 2.7121979404e+00
75 58 42
2 11 977 76.4301 620.5800 34 537 124.9200 242.6100
-1.3530218140e+00 3.5205367391e+00 2.8538381054e+00
105 91 78
3 11 981 -299.3500 667.4299 34 543 -213.9700 304.9200 17 711 -130.9301 -854.5601
3.3648494144e+00 3.4156773352e+00 4.5623299736e+00
162 153 132
2 11 982 784.0300 678.6100 34 542 797.9301 303.6100
2.5117101988e-01 3.6613008734e+00 2.8042880493e+00
162 153 142
3 11 983 25.1000 686.1200 34 847 79.6899 301.8300 54 853 69.2400 415.9900
2.8490726503e+00 3.5605355068e+00 4.2355577050e+00
207 199 176
2 11 984 658.1201 701.1400 34 849 675.4200 320.5100
-2.1438582788e+00 3.7121743869e+00 3.1770714164e+00
197 195 189
2 11 989 -434.6100 730.7200 34 552 -334.5400 373.1899
-4.4385698598e+00 3.5270764506e+00 3.8628887660e+00
140 132 121
2 11 991 -814.0700 737.1000 34 561 -684.6600 415.8900
7.1972786702e-01 3.8585536425e+00 3.1505463206e+00
183 182 174
3 11 992 145.6700 741.5500 34 549 192.2900 350.9000 54 543 204.6899 497.2100
1.7455260224e+00 4.0214097243e+00 3.8450852435e+00
88 79 62
3 11 1001 404.3600 799.5500 34 559 433.5400 403.8201 54 556 508.2000 611.4700
-1.5633518003e+00 4.0306740441e+00 3.2344990964e+00
169 163 163
3 11 1002 -318.7900 802.0300 34 870 -226.3500 427.8000 17 724 -146.2800 -727.8600
-3.8837752730e+00 3.9511171869e+00 3.8250354913e+00
64 55 48
3 11 1003 -726.8900 825.3201 34 566 -596.2000 484.1500 17 1133 -498.8200 -732.4399
2.7209180872e+00 4.0908285264e+00 4.4652757657e+00
216 220 223
2 11 1006 654.7200 839.6100 34 873 666.2700 439.5100
1.5867152835e+00 4.2392570572e+00 3.9181356682e+00
173 168 164
2 11 1010 377.3101 856.8101 34 876 410.4800 453.4299
2.3906457453e+00 4.2300888769e+00 4.3325262782e+00
147 137 127
2 11 1012 577.8401 869.9700 34 879 593.3101 463.8700
-2.8091734352e+00 4.4592208270e+00 3.7671016090e+00
185 181 169
2 11 1020 -534.7800 931.8301 34 890 -415.8200 557.5300
-2.8091734352e+00 4.4592208270e+00 3.7671016090e+00
185 181 169
2 11 1021 -534.7800 931.8301 34 891 -415.8200 557.5300
-5.6255165009e+00 -3.0036254875e+00 4.3004840874e+00
153 154 158
2 11 1133 -824.5200 -363.9600 34 415 -787.1900 -664.4700
1.3005038638e+00 -9.7798016919e-01 2.1355898934e+00
96 92 83
2 11 1143 176.4200 -308.7900 34 602 244.7200 -644.7000
1.1419903530e+00 -8.5867383944e-01 2.0332359703e+00
189 191 190
3 11 1144 142.2700 -290.7700 34 419 208.7500 -624.7100 64 844 75.2200 -206.6800
-4.1013379786e+00 -1.9701159013e+00 3.5912909231e+00
179 179 171
2 11 1146 -649.9800 -269.8800 34 614 -600.2600 -576.4200
-4.1013379786e+00 -1.9701159013e+00 3.5912909231e+00
179 179 171
2 11 1147 -649.9800 -269.8800 34 615 -600.2600 -576.4200
1.9148290664e+00 -6.6318031808e-01 2.2680731477e+00
186 185 181
3 11 1152 304.2600 -258.2200 34 612 369.2100 -592.7100 54 614 476.7400 -724.7800
9.7757654481e-01 -6.8807727162e-01 2.0369889717e+00
191 190 185
7 11 1153 111.6899 -256.6400 34 613 177.5500 -586.8101 58 401 95.2900 189.6900 64 1841 60.6300 -192.4700 23 2157 -27.7000 -146.9000 51 15479 12.1000 -526.0200 59 16961 -57.4600 950.4299
1.6229148554e+00 -5.0455032291e-01 2.1789549300e+00
158 151 145
5 11 1164 242.5800 -227.8700 34 425 309.7400 -560.8600 50 1003 -12.6000 106.0700 58 155 177.8000 198.9400 23 2170 4.5100 -139.5100
5.7592787193e-01 -5.8885084474e-01 2.0855447406e+00
99 96 88
3 11 1166 37.3300 -224.2700 34 619 102.8400 -551.6801 51 10102 -1.5300 -519.6700
-3.3898637902e+00 -1.2779932595e+00 2.9742714409e+00
86 77 61
2 11 1175 -592.6700 -210.7900 34 632 -534.7600 -516.6700
3.1286179486e+00 -4.4185704854e-01 3.2641635558e+00
85 82 77
2 11 1186 593.0601 -183.1100 34 636 668.7100 -509.4100
6.2115811459e-01 -3.1619729985e-01 2.1072241062e+00
180 180 180
3 11 1193 46.8400 -173.3000 34 640 110.4600 -501.8600 58 161 62.9400 245.1600
2.3390399351e+00 -1.6451915880e-01 2.3667646450e+00
145 144 139
5 11 1194 402.5000 -167.8199 34 637 460.5900 -504.1500 50 1603 37.2000 122.3400 58 276 274.2600 226.5700 23 2203 44.3300 -124.6200
-4.4890241729e+00 -1.2192150787e+00 3.3550556611e+00
169 167 156
2 11 1198 -748.2000 -161.7000 34 661 -691.5100 -456.7900
3.0594798987e+00 -3.0305546624e-01 3.1880288360e+00
174 171 166
3 11 1199 578.7400 -159.9301 34 647 651.8101 -486.9399 23 2183 82.4400 -132.2700
3.4221723251e+00 -3.6784016041e-01 3.6294062810e+00
176 170 158
2 11 1200 665.1699 -153.7900 34 437 747.6899 -475.8700
2.2471472699e+00 -8.8911543216e-02 2.3193536262e+00
187 186 181
4 11 1201 381.2700 -155.0699 34 648 438.4600 -489.8300 50 1625 30.5900 128.6200 58 278 262.8700 238.1300
-5.8043704739e+00 -1.4561728977e+00 3.8971055319e+00
178 176 172
2 11 1203 -917.4000 -154.6801 34 665 -862.8100 -429.1000
-7.1283650581e-01 -8.1287390512e-02 1.5111020951e+00
122 118 115
4 11 1205 -240.3101 -144.6400 34 1021 -181.2400 -466.8300 23 2215 -111.5700 -116.3600 29 13457 -42.3300 -438.3500
2.3987068597e+00 -1.7500424288e-02 2.4010023368e+00
180 179 177
2 11 1207 417.3600 -138.5699 34 656 472.4301 -475.6300
4.2635052269e+00 -3.2982713330e-01 4.4944792712e+00
172 168 158
2 11 1211 869.1799 -113.5500 34 447 965.0500 -429.7600
3.8808922794e+00 -1.9526474636e-01 4.0838971253e+00
190 183 167
2 11 1213 779.4299 -104.8000 34 667 865.0900 -423.0601
2.9098626611e+00 7.5973786441e-02 2.9691201207e+00
51 46 42
4 11 1215 544.5100 -98.0601 34 448 608.5300 -427.0500 54 435 792.2100 -477.4200 50 1035 88.2900 138.0600
-2.8441090202e+00 -1.8123512476e-01 2.4639481967e+00
159 155 144
2 11 1222 -551.9800 -64.0200 34 676 -490.1200 -371.3199
2.2232145035e+00 6.0822202638e-01 2.2978352454e+00
158 151 133
3 11 1231 382.9100 -19.3000 34 1060 428.5000 -358.4100 58 298 272.6100 324.5400
-2.2929614586e+00 2.7887227172e-01 2.1419395679e+00
167 166 162
2 11 1236 -485.0900 -9.7600 34 683 -420.9800 -321.8300
-5.3111868155e+00 -3.6421042943e-01 3.5785480496e+00
171 166 170
2 11 1239 -887.1100 -2.6500 34 1093 -816.1700 -272.8700
-1.0502899206e+00 6.1990003695e-01 1.8008488338e+00
165 159 145
4 11 1244 -281.6200 13.1600 34 684 -221.9400 -310.6700 50 1716 -187.7300 208.5700 58 309 -141.5300 397.2300
-5.0283737409e-01 6.8925144319e-01 1.8392398108e+00
180 179 177
2 11 1245 -177.5699 18.9399 34 686 -118.8100 -307.9200
-5.2482953018e+00 -2.1320459395e-01 3.5391644144e+00
56 51 41
2 11 1247 -883.1600 20.6300 34 466 -810.7000 -251.3600
-5.2482953018e+00 -2.1320459395e-01 3.5391644144e+00
56 51 41
2 11 1248 -883.1600 20.6300 34 467 -810.7000 -251.3600
4.2844910590e+00 4.8017889819e-01 4.4668215644e+00
186 183 176
2 11 1250 896.3999 38.9100 34 691 969.2400 -280.8500
1.6246927757e+00 9.5517948072e-01 2.0957157392e+00
184 177 168
4 11 1251 250.6600 46.3500 34 690 296.7300 -289.9900 54 694 387.0300 -328.6200 50 1080 -7.8800 202.1500
6.9375533075e-01 1.0038201743e+00 2.0149415704e+00
101 88 82
10 11 1254 61.8500 69.1400 34 695 116.6300 -263.8101 54 452 133.3000 -305.2000 50 1104 -67.8600 215.7600 58 184 81.9200 408.7700 64 923 47.2200 -48.7600 23 2257 -36.2600 -61.6900 39 14 389.9900 453.7700 51 10313 6.5500 -452.9900 22 27906 452.1700 -239.9100
4.1030488728e+00 7.7576958106e-01 4.3533827797e+00
111 95 71
2 11 1256 859.6799 92.9900 34 1110 926.0200 -227.7200
-9.0015810349e-01 1.0992413435e+00 1.7395843513e+00
174 162 138
2 11 1258 -262.4200 99.1100 34 705 -202.4000 -228.9000
3.9868174890e+00 8.5071252312e-01 4.2926518406e+00
176 169 161
2 11 1259 832.6001 105.4600 34 709 898.6400 -214.1700
2.9480856852e+00 1.0536581931e+00 3.2177718738e+00
78 64 55
4 11 1260 577.1699 106.9299 34 706 628.3101 -226.1400 54 461 810.1699 -198.9399 23 3145 87.4300 -66.4500
-4.2120627755e+00 5.1913224887e-01 3.0470162331e+00
188 188 190
