# Bundle file v0.3
70 6621
0 0 0
0 0 0
0 0 0
0 0 0
0 0 0
0 0 0
0 0 0
0 0 0
0 0 0
0 0 0
0 0 0
0 0 0
0 0 0
0 0 0
0 0 0
1.1053364048e+06 8.2694497291e-05 2.9395216259e-18
9.8324217986e-01 1.7902386865e-03 1.8229539432e-01
-2.1721842403e-02 9.9397866251e-01 1.0739916218e-01
-1.8100546209e-01 -1.0955917817e-01 9.7736063414e-01
3.6677938325e+00 -3.3838097513e+00 -1.4441224095e+04
0 0 0
0 0 0
0 0 0
0 0 0
0 0 0
0 0 0
0 0 0
0 0 0
0 0 0
0 0 0
0 0 0
0 0 0
0 0 0
0 0 0
0 0 0
0 0 0
0 0 0
0 0 0
0 0 0
0 0 0
0 0 0
0 0 0
0 0 0
0 0 0
0 0 0
0 0 0
0 0 0
0 0 0
0 0 0
0 0 0
0 0 0
0 0 0
0 0 0
0 0 0
0 0 0
-2.1462039154e+03 1.4376385948e+00 -1.4416769060e+00
9.6663139417e-01 -5.9520725000e-03 2.5610216836e-01
-6.9550279176e-02 9.5608116364e-01 2.8473069242e-01
-2.4654919686e-01 -2.9304160348e-01 9.2376409984e-01
-8.5115446997e-01 -1.1382415480e+00 9.4181244365e+00
0 0 0
0 0 0
0 0 0
0 0 0
0 0 0
0 0 0
0 0 0
0 0 0
0 0 0
0 0 0
0 0 0
0 0 0
0 0 0
0 0 0
0 0 0
0 0 0
0 0 0
0 0 0
0 0 0
0 0 0
0 0 0
0 0 0
0 0 0
0 0 0
0 0 0
6.1096125662e+03 2.8214820185e+00 8.3019773845e-03
-9.1535521520e-01 9.7145775842e-02 -3.9075251533e-01
-6.4710678902e-02 -9.9333655820e-01 -9.5367762826e-02
-3.9741333400e-01 -6.2009518515e-02 9.1554216810e-01
2.1773846502e-01 7.8645099575e+00 2.8346070351e+01
0 0 0
0 0 0
0 0 0
0 0 0
0 0 0
0 0 0
0 0 0
0 0 0
0 0 0
0 0 0
0 0 0
0 0 0
0 0 0
0 0 0
0 0 0
0 0 0
0 0 0
0 0 0
0 0 0
0 0 0
3.4706071753e+03 6.5755875089e-01 1.3223950520e-01
-9.5896012951e-01 6.2293504709e-02 -2.7661342931e-01
-4.1960398900e-02 -9.9600436283e-01 -7.8832950940e-02
-2.8041896321e-01 -6.3990847008e-02 9.5774233308e-01
-1.5214652998e+01 1.0017697543e+01 1.2678767545e+02
1.4620093368e+05 -4.5616087457e-04 1.5031787336e-18
9.7807738304e-01 5.5007797149e-02 2.0084515189e-01
-8.4653406996e-02 9.8622032166e-01 1.4213823492e-01
-1.9025885910e-01 -1.5602441923e-01 9.6925638875e-01
-1.7845125114e+00 -2.3751224578e+00 -2.8257302860e+03
0 0 0
0 0 0
0 0 0
0 0 0
0 0 0
3.8743386700e+03 2.1516210392e+00 3.3999854202e-01
8.9087138011e-01 -1.3808267544e-01 4.3276016319e-01
2.1354920485e-02 9.6435716204e-01 2.6374084133e-01
-4.5375340381e-01 -2.2571760843e-01 8.6206694042e-01
1.9599039610e+00 -1.0560629233e+01 -2.7491109170e+01
0 0 0
0 0 0
0 0 0
0 0 0
0 0 0
0 0 0
0 0 0
0 0 0
0 0 0
0 0 0
0 0 0
0 0 0
0 0 0
0 0 0
0 0 0
9.4460113479e+05 2.3895870735e-06 4.1356704194e-17
-9.8435099444e-01 2.2043928684e-03 -1.7620516565e-01
1.9342860025e-02 -9.9252805777e-01 -1.2047368302e-01
-1.7515414216e-01 -1.2199670154e-01 9.7695334141e-01
4.3958621770e-01 8.4489044837e+00 1.7985617776e+04
0 0 0
0 0 0
0 0 0
0 0 0
0 0 0
0 0 0
0 0 0
0 0 0
0 0 0
0 0 0
0 0 0
0 0 0
0 0 0
0 0 0
0 0 0
0 0 0
0 0 0
0 0 0
0 0 0
0 0 0
-6.6416919428e+03 1.6142814485e+00 -1.0849674428e-01
9.3770699309e-01 -3.5828232059e-02 3.4557478626e-01
-8.3050259900e-02 9.4271618838e-01 3.2309262218e-01
-3.3735478274e-01 -3.3166628705e-01 8.8101601836e-01
-7.1558300570e-01 -2.8388824438e+00 3.1814828096e+01
0 0 0
0 0 0
0 0 0
0 0 0
0 0 0
0 0 0
0 0 0
0 0 0
0 0 0
0 0 0
0 0 0
0 0 0
0 0 0
0 0 0
0 0 0
0 0 0
0 0 0
0 0 0
0 0 0
0 0 0
9.7111333751e+05 1.1313245671e-05 6.6196914811e-21
9.7965596719e-01 -1.7810359954e-03 2.0067639089e-01
-8.6826137747e-02 8.9776469666e-01 4.3183303629e-01
-1.8092928938e-01 -4.4047176679e-01 8.7934590174e-01
-7.8612198312e-01 -1.3812772787e+00 -6.7862345159e+02
0 0 0
0 0 0
0 0 0
0 0 0
0 0 0
0 0 0
0 0 0
0 0 0
0 0 0
0 0 0
0 0 0
0 0 0
0 0 0
0 0 0
0 0 0
0 0 0
0 0 0
0 0 0
0 0 0
0 0 0
0 0 0
0 0 0
0 0 0
0 0 0
0 0 0
0 0 0
0 0 0
0 0 0
0 0 0
0 0 0
0 0 0
0 0 0
0 0 0
0 0 0
0 0 0
0 0 0
0 0 0
0 0 0
0 0 0
0 0 0
0 0 0
0 0 0
0 0 0
0 0 0
0 0 0
0 0 0
0 0 0
0 0 0
0 0 0
0 0 0
1.2247280019e+03 2.4850417797e-01 4.6615324708e-01
8.7465734587e-01 5.8552291143e-02 4.8119243191e-01
-6.3050431127e-02 9.9798696591e-01 -6.8307405125e-03
-4.8062373064e-01 -2.4364832920e-02 8.7658837801e-01
-2.5791943253e+00 2.2261861526e+00 -1.9474253652e+01
1.5629248105e+05 -3.6955509570e-03 -1.6314547655e-07
9.8023766954e-01 3.5574468531e-02 1.9459847995e-01
-5.7161794837e-02 9.9267177061e-01 1.0646729562e-01
-1.8938490019e-01 -1.1548685213e-01 9.7508776352e-01
-9.5157074359e-01 -1.2013366842e+01 -3.7296231880e+03
2.4022784211e+05 -2.3097005589e-06 -2.6963070694e-19
-9.8276916573e-01 -4.1181877271e-03 -1.8479125366e-01
2.5668884880e-02 -9.9310516264e-01 -1.1438201034e-01
-1.8304610143e-01 -1.1715449829e-01 9.7609884145e-01
-4.9318511217e-01 1.0512088588e+01 9.1265970987e+03
0 0 0
0 0 0
0 0 0
0 0 0
0 0 0
5.0526467311e+03 -1.4413327235e-01 -1.6762855634e-01
9.9369866325e-01 2.1898853299e-02 1.0992455087e-01
-7.4147389303e-02 8.6389993901e-01 4.9817573209e-01
-8.4054335520e-02 -5.0318717750e-01 8.6007995737e-01
-4.0818525365e-01 -2.9359324796e+00 -1.9902723064e+01
0 0 0
0 0 0
0 0 0
0 0 0
0 0 0
0 0 0
0 0 0
0 0 0
0 0 0
0 0 0
0 0 0
0 0 0
0 0 0
0 0 0
0 0 0
1.9327757433e+05 1.3064924922e-03 -5.1642495848e-24
9.0817289502e-01 9.6384492970e-02 4.0734754481e-01
-1.6955048025e-01 9.7442940935e-01 1.4744477219e-01
-3.8272003788e-01 -2.0297131747e-01 9.0129241475e-01
-8.8100454247e-01 1.9842932930e+00 -1.4897631642e+03
5.3161908758e+03 9.3420861525e-01 2.6380255164e-01
8.8914949201e-01 -1.9939892531e-02 4.5718221920e-01
3.1892493986e-02 9.9932117116e-01 -1.8440870435e-02
-4.5650416175e-01 3.0977371756e-02 8.8918184459e-01
-2.6330295548e+00 1.6640399841e+01 -9.3154044539e+01
0 0 0
0 0 0
0 0 0
0 0 0
0 0 0
0 0 0
0 0 0
0 0 0
0 0 0
0 0 0
0 0 0
0 0 0
0 0 0
0 0 0
0 0 0
0 0 0
0 0 0
0 0 0
0 0 0
0 0 0
1.6785992512e+02 -5.1231983486e-02 6.1321541792e-04
9.9482664276e-01 2.4980397455e-02 -9.8467916602e-02
-1.1913674757e-02 9.9129519295e-01 1.3111790418e-01
1.0088614975e-01 -1.2926646969e-01 9.8646447711e-01
8.4187514935e-02 -1.8288652418e+00 -3.9932765406e+00
0 0 0
0 0 0
0 0 0
0 0 0
0 0 0
0 0 0
0 0 0
0 0 0
0 0 0
0 0 0
0 0 0
0 0 0
0 0 0
0 0 0
0 0 0
0 0 0
0 0 0
0 0 0
0 0 0
0 0 0
0 0 0
0 0 0
0 0 0
0 0 0
0 0 0
-2.4766702782e+00 4.8735198323e+00 3.9868730310e+00
218 219 224
7 11 706 -477.6900 1031.3201 34 576 -361.8500 635.8700 25 645 144.3900 -853.5000 51 5125 -103.1300 -284.8500 22 17368 359.6801 -134.7100 29 6036 -120.4300 -169.3800 52 4040 -31.7600 -138.1100
1.7737512343e+00 -9.4991676590e-01 2.0819295643e+00
170 174 173
9 11 220 279.8800 -315.4800 34 185 348.0200 -654.0000 54 85 443.7600 -806.7200 50 383 -4.7900 75.8800 58 52 191.6700 141.2900 51 3492 45.4200 -538.3300 3 1112 442.4301 -314.3300 22 9561 480.6801 -295.6000 29 3776 83.9900 -484.3600
-5.9951269352e-01 -8.1071217874e-01 1.2007685350e+00
161 161 159
6 11 221 -229.4700 -311.1899 34 24 -171.8900 -640.6500 51 2459 -54.6400 -534.7700 3 693 258.7000 -312.4200 22 5896 414.4500 -295.2500 52 1842 6.4900 -295.5100
2.7681316077e+00 5.6924589778e-01 2.8556192131e+00
73 61 44
4 11 242 525.0601 6.4800 34 98 577.6300 -326.2600 23 669 74.8600 -87.5900 51 3543 96.8199 -479.0400
-3.2096924426e+00 8.6017645685e-01 2.5580070247e+00
144 136 124
4 11 420 -631.6700 121.2600 34 217 -556.7200 -177.8100 64 263 -247.4800 -48.4000 22 9744 356.6100 -247.8800
-2.9679400854e+00 4.4099986194e+00 3.8291613095e+00
150 139 119
5 11 157 -575.2600 915.1000 34 74 -455.0000 545.9000 17 205 -363.6700 -640.3500 22 6197 349.5900 -152.9200 52 2727 -42.3000 -154.6700
-3.1974145638e+00 -1.5346514417e-01 2.6711188134e+00
89 78 67
2 11 397 -596.5900 -53.3600 34 201 -533.6400 -356.1500
2.9596753219e+00 6.0137411504e-01 3.0573311253e+00
168 166 154
4 11 608 571.8999 21.1300 34 311 627.0699 -308.7900 54 312 814.3501 -314.7600 23 1562 85.2600 -85.8400
-1.0880552145e+00 1.3872089755e+00 1.4068451497e+00
172 166 150
5 11 421 -325.7600 132.5601 34 214 -263.5300 -195.4400 23 399 -132.3300 -40.8200 3 735 220.1899 -131.1600 29 2578 -63.8400 -357.5699
-1.8110302818e-01 -5.5722741710e-01 1.5976409956e+00
177 177 175
7 11 574 -126.1801 -240.1600 34 292 -62.2700 -564.7000 23 1005 -83.4700 -141.7800 51 4913 -33.7400 -521.1600 59 4815 -121.3400 956.0601 3 1805 296.2700 -287.3900 22 16387 427.6100 -285.5400
1.9200622562e+00 4.9783243768e-02 2.1085428995e+00
181 181 174
7 11 830 313.5601 -126.5900 34 440 371.1000 -460.6899 50 1036 10.1000 139.2700 58 163 224.1200 260.1600 64 625 152.6200 -134.9700 23 1547 23.1400 -113.5100 3 1833 459.4600 -240.8100
1.6761014531e+00 1.0833926582e+00 2.0584510858e+00
132 127 122
5 11 615 267.2700 75.3400 34 462 311.3000 -264.8800 50 664 -1.5200 211.8500 58 89 206.7700 399.5200 23 1043 16.2700 -58.5200
-3.6838351112e+00 -3.3601691667e+00 5.3624167581e+00
129 131 128
2 11 801 -431.2300 -363.4399 34 408 -382.6000 -694.5601
-2.3520315174e+00 -9.6686942392e-01 2.6706605309e+00
168 170 171
2 11 820 -431.5000 -199.2100 34 431 -378.6400 -518.1200
-3.4211027969e+00 -1.2241059552e+00 3.0071877247e+00
86 77 61
2 11 1176 -592.6700 -210.7900 34 633 -534.7600 -516.6700
-2.4936225934e+00 -1.0496033156e+00 2.7018877663e+00
106 100 88
2 11 1174 -453.4000 -208.0400 34 628 -400.8800 -529.2900
1.9187490418e+00 -2.4944550351e-01 2.1497884734e+00
97 89 78
9 11 1189 313.3800 -180.0300 34 635 374.2800 -513.7500 54 640 481.4800 -621.6600 50 1015 8.6700 121.1100 58 275 219.8300 225.7900 23 3085 22.7200 -127.3100 59 17060 4.7000 975.6001 3 4850 460.8400 -262.0100 29 20546 96.6500 -447.5200
-4.2793804544e+00 -4.0864239374e-01 3.1724940122e+00
171 170 165
2 11 841 -743.6100 -56.5900 34 453 -678.5800 -347.0900
5.0988310374e-01 4.3856662690e-01 1.8984264857e+00
30 29 26
7 11 1857 24.2400 -43.1600 34 1054 80.0400 -372.3700 54 669 85.3700 -448.1400 58 299 50.5200 334.9400 51 15784 -1.9100 -477.7200 3 4891 352.0699 -208.3900 22 40765 446.9500 -256.4301
-3.6050726114e+00 1.5050931934e+00 2.8176561067e+00
197 206 210
4 11 1322 -701.2900 259.8800 34 755 -612.6600 -35.7500 64 1403 -276.6700 3.1000 22 40988 345.9000 -235.0699
-1.0193513509e-01 -9.0213341663e-01 1.4743819480e+00
79 76 64
5 11 1714 -116.8000 -314.7900 34 956 -53.9600 -644.6801 23 3036 -82.3000 -160.2700 3 5852 298.9200 -315.3700 29 20408 -13.1200 -483.5800
-2.1671692541e+00 -3.5906998213e-01 2.1327455888e+00
95 85 68
4 11 2750 -449.5800 -134.2600 34 1568 -395.5200 -453.8900 64 2881 -166.4200 -140.8900 59 28291 -211.0400 992.0300
-5.9026943833e-01 1.6266418353e+00 1.5244693842e+00
95 86 69
6 11 1286 -219.2700 181.6400 34 726 -161.7100 -153.3500 23 2281 -105.0100 -28.6400 51 10390 -50.1801 -423.3300 59 11149 -148.1400 1105.9800 29 13665 -35.7500 -342.7600
-3.8296962004e+00 -4.2007327521e+00 6.5889386865e+00
124 123 119
2 11 1127 -366.9500 -395.5500 34 584 -319.3900 -731.1600
9.4687646469e-01 -1.1948492531e+00 2.0267776552e+00
53 48 44
4 11 1703 116.0800 -345.3800 34 945 184.1000 -681.1100 64 1776 63.7400 -230.4500 23 4288 -27.2600 -168.1900
-2.2726478628e-01 5.6933029670e-01 1.8221789411e+00
115 109 98
6 11 1880 -121.1801 -11.2500 34 1070 -63.2000 -337.9301 58 463 -39.6300 367.0900 23 4517 -81.8500 -81.9000 59 28485 -120.2600 1033.0801 29 20716 -11.8700 -400.9100
-7.3120669806e-01 8.3786442505e-01 1.6842923134e+00
83 76 70
5 11 2869 -227.8800 37.9900 34 1659 -169.6000 -288.7400 23 4541 -107.9800 -67.8500 51 15910 -53.3300 -457.9700 59 28568 -151.1200 1051.2500
-3.8845906876e-01 8.5683154681e-01 1.7154210746e+00
64 57 48
5 11 2872 -159.2500 39.6400 34 1658 -102.1500 -288.5699 58 476 -62.7000 405.2800 23 3142 -90.8600 -67.6100 29 20759 -22.0300 -386.3101
7.9445749863e-01 5.0767632734e+00 4.1632087249e+00
85 72 55
4 11 2288 214.8400 1087.0300 34 1386 257.3700 647.5601 17 1906 328.5400 -468.3000 25 2554 640.3701 -770.5500
6.1397593492e-01 5.1468395231e+00 4.1585127637e+00
96 78 65
4 11 2293 175.6899 1104.2000 34 2071 222.4900 662.6600 17 1908 292.9000 -453.8700 25 2557 608.3401 -757.4200
-2.6809385461e-01 -9.2244629428e-01 1.4964459796e+00
96 88 73
5 11 2625 -145.8400 -313.4100 34 1456 -84.0700 -643.6700 23 6135 -89.1600 -159.6300 59 27922 -127.6800 934.2100 29 32842 -19.6600 -483.0400
-2.3287615913e-01 -7.8222320994e-01 1.5994552635e+00
99 88 70
5 11 1730 -132.5500 -280.1300 34 967 -70.5900 -607.8900 23 4336 -85.4800 -151.7600 59 27972 -124.3900 943.6499 29 32885 -18.2600 -474.5699
4.6774272474e-01 -9.9246078427e-02 2.0261117592e+00
116 112 102
6 11 2749 23.3400 -134.1899 34 1561 83.4900 -462.3101 58 437 48.0600 273.4500 64 2886 28.5100 -139.3800 23 4450 -47.0700 -114.6400 29 33099 22.8300 -434.7600
-4.7343890598e+00 2.5710849909e+00 3.6887308177e+00
166 163 158
2 11 56 -865.3500 522.6500 34 14 -755.4700 219.9400
3.2095216189e+00 3.1172131472e+00 4.1941698089e+00
161 153 149
2 11 58 720.7700 609.0100 34 59 735.3800 243.8600
-3.3667023403e+00 3.7204264362e+00 3.6249751282e+00
173 167 156
2 11 61 -650.2800 749.8800 34 18 -532.7900 409.4399
4.3487094611e-01 4.0218807777e-01 1.8419224673e+00
112 107 102
3 11 103 7.3400 -53.5900 34 32 62.4800 -381.3600 54 27 64.7500 -462.4301
2.6512821290e+00 2.9350777002e-01 2.7217118117e+00
189 182 172
3 11 104 489.5000 -51.5900 34 30 547.8000 -386.2100 54 28 712.5300 -429.7100
-2.4644346611e+00 3.7518075337e-01 2.1435906776e+00
161 159 146
2 11 106 -516.0100 2.1899 34 36 -451.1700 -311.4800
-4.6531947329e+00 1.5374435438e+00 3.4468443100e+00
182 178 175
2 11 120 -837.7700 307.2200 34 43 -744.1300 20.2800
3.3218982925e+00 2.3155236042e+00 3.9191893577e+00
189 186 181
3 11 128 710.9600 418.2600 34 46 743.8199 69.0100 54 45 945.4399 213.8500
-5.1155551722e+00 2.2394540427e+00 3.8560626809e+00
183 182 178
2 11 132 -910.4000 460.4399 34 52 -797.2600 179.0800
-2.7789499721e+00 2.7124827060e+00 2.9008638542e+00
141 140 137
2 11 134 -565.4700 499.5500 34 50 -472.1200 172.1600
-3.4613004752e+00 2.9017700837e+00 3.3047674617e+00
186 185 180
2 11 142 -669.7800 560.4900 34 58 -563.3200 241.1700
-2.7576446247e+00 3.8132288682e+00 3.4440444107e+00
135 128 113
3 11 149 -550.4900 761.2100 34 67 -437.1100 409.4200 17 115 -350.3000 -778.9900
-1.6039641490e+00 4.1116233445e+00 3.3243402428e+00
154 147 136
2 11 151 -334.6400 820.3400 34 163 -241.5700 443.4800
3.2449155169e+00 8.7488618843e-01 3.3438141953e+00
194 188 172
3 11 252 647.3701 86.6899 34 101 699.6100 -241.1800 54 102 908.2000 -215.2600
3.6295989314e+00 9.0369137125e-01 3.7977596015e+00
182 177 174
2 11 254 744.7100 113.1300 34 39 802.0300 -213.8200
-4.3739238903e+00 6.5565599772e-01 3.1423906156e+00
183 179 170
2 11 256 -790.5700 127.9000 34 108 -709.4000 -159.6900
-4.3739238903e+00 6.5565599772e-01 3.1423906156e+00
183 179 170
2 11 257 -790.5700 127.9000 34 109 -709.4000 -159.6900
-1.8131174514e+00 1.2183066927e+00 1.8921859441e+00
70 58 46
2 11 258 -426.2300 139.4299 34 105 -359.4700 -184.4900
3.3822689529e+00 1.1454100881e+00 3.4727261994e+00
65 57 44
3 11 259 689.4600 147.4900 34 102 735.7000 -187.3000 54 110 948.1201 -130.9800
3.3822689529e+00 1.1454100881e+00 3.4727261994e+00
65 57 44
3 11 260 689.4600 147.4900 34 103 735.7000 -187.3000 54 111 948.1201 -130.9800
8.8360054424e-01 1.5098367448e+00 1.9870431830e+00
185 174 152
4 11 263 105.4301 165.7600 34 106 150.1700 -172.5500 54 105 190.7200 -187.2400 23 404 -23.5900 -34.8700
9.0863018882e-01 1.5365183460e+00 1.8997945078e+00
185 174 152
4 11 264 105.4301 165.7600 34 107 150.1700 -172.5500 50 282 -54.5100 251.9500 23 405 -23.5900 -34.8700
2.9093005624e+00 1.5266583608e+00 3.2300915138e+00
164 160 151
2 11 268 580.4299 216.6100 34 110 624.1600 -121.1100
2.9093005624e+00 1.5266583608e+00 3.2300915138e+00
164 160 151
2 11 269 580.4299 216.6100 34 111 624.1600 -121.1100
1.7664995868e+00 1.8007906545e+00 2.3705434529e+00
68 55 39
3 11 270 305.6500 238.2500 34 113 344.5200 -107.3100 50 288 17.4900 266.8200
2.4849813926e+00 2.1527886799e+00 3.0981648628e+00
156 152 143
2 11 278 494.1899 344.6100 34 121 529.9500 -2.5200
5.7913600757e-01 2.3671762908e+00 1.9032426963e+00
173 162 144
2 11 279 38.8101 349.6300 34 120 82.1200 -8.4300
-3.2563368333e+00 2.2186087330e+00 2.8648017500e+00
159 157 151
3 11 282 -648.9700 398.5901 34 125 -555.0300 89.4500 64 287 -257.8400 62.0900
2.2220796889e+00 2.4915360398e+00 3.0659693296e+00
185 177 165
2 11 284 441.1000 418.3401 34 124 475.1801 64.4500
-4.0647194243e+00 2.3350838912e+00 3.3629731904e+00
174 173 168
2 11 285 -761.5100 452.4399 34 131 -658.3000 149.8600
-1.6948572036e+00 2.7228609832e+00 2.4834850042e+00
144 134 125
2 11 286 -387.2700 473.1100 34 129 -304.8300 133.0100
-1.6948572036e+00 2.7228609832e+00 2.4834850042e+00
144 134 125
2 11 287 -387.2700 473.1100 34 130 -304.8300 133.0100
2.1795381090e+00 2.7947183288e+00 3.1812906058e+00
87 75 66
2 11 289 441.2400 493.4299 34 240 474.0800 129.7200
-2.3394600464e+00 2.8287462363e+00 2.8106297742e+00
58 49 39
2 11 290 -491.1800 514.6500 34 137 -398.7100 182.3700
-2.3394600464e+00 2.8287462363e+00 2.8106297742e+00
58 49 39
2 11 291 -491.1800 514.6500 34 138 -398.7100 182.3700
-1.7223794145e+00 3.2608478903e+00 2.7814922479e+00
59 48 31
2 11 297 -382.4600 604.5801 34 143 -292.7000 252.6200
5.1907885773e-01 3.6146119245e+00 2.8995545373e+00
150 143 115
3 11 304 80.0500 677.9700 34 151 130.0000 294.3400 54 141 133.2400 417.7200
8.3801329516e-01 3.8272018591e+00 3.1852769360e+00
154 151 134
2 11 308 164.7300 738.7600 34 157 209.0000 349.2100
-1.2230915454e+00 4.0463342388e+00 3.1900288737e+00
86 72 57
2 11 315 -266.3500 799.3700 34 162 -179.6800 418.5900
2.2398383975e-01 4.4676346449e+00 3.5416625599e+00
194 185 181
4 11 317 54.5300 910.5400 34 267 109.5699 502.1200 17 325 191.1400 -621.0900 25 427 524.8400 -903.7400
2.1803579141e-01 4.4695285487e+00 3.5472631729e+00
194 185 181
3 11 318 54.5300 910.5400 34 268 109.5699 502.1200 25 428 524.8400 -903.7400
-1.4263810089e+00 4.4561361774e+00 3.5231681397e+00
89 75 70
2 11 319 -290.1801 910.2500 34 170 -198.7800 518.4299
1.3944970750e+00 3.6083765163e-01 2.0573529927e+00
194 190 183
6 11 393 206.2000 -61.3199 34 200 260.4200 -393.9100 54 199 332.0300 -465.3800 50 418 -23.7400 165.3500 58 58 161.5900 310.9600 64 415 108.7900 -105.0300
-3.1974145638e+00 -1.5346514417e-01 2.6711188134e+00
89 78 67
2 11 398 -596.5900 -53.3600 34 202 -533.6400 -356.1500
-5.9405472085e+00 -7.5427982005e-01 3.9420730524e+00
190 187 178
2 11 399 -955.3800 -54.7500 34 206 -893.5200 -325.8900
-5.9405472085e+00 -7.5427982005e-01 3.9420730524e+00
190 187 178
2 11 400 -955.3800 -54.7500 34 207 -893.5200 -325.8900
-4.0391181642e+00 -3.0114493575e-02 3.0071551505e+00
169 163 141
2 11 406 -724.0000 -3.9000 34 210 -654.5900 -295.8700
-4.0391181642e+00 -3.0114493575e-02 3.0071551505e+00
169 163 141
2 11 407 -724.0000 -3.9000 34 211 -654.5900 -295.8700
1.4760190073e-01 7.1164148029e-01 1.9929732550e+00
173 172 168
5 11 408 -39.6700 19.6700 34 208 18.8800 -309.0601 58 62 14.9800 384.0900 64 430 4.0500 -70.0700 59 3240 -95.9399 1044.8799
2.8966596264e+00 8.2732782353e-01 2.9997444689e+00
170 166 155
3 11 410 557.4500 64.9000 34 212 609.6700 -267.8400 54 211 791.6001 -266.5500
2.7060743014e+00 9.1715968089e-01 2.9380405695e+00
91 80 57
5 11 413 515.8500 79.7000 34 314 567.5601 -251.3600 54 213 732.5601 -246.4600 50 430 85.6000 199.0000 23 1032 73.8200 -69.3900
-3.0336300081e+00 6.3353153300e-01 2.4649596597e+00
179 174 155
2 11 416 -601.2600 73.5699 34 320 -528.7200 -231.3800
5.5288927757e-01 1.1853115345e+00 1.8915996272e+00
179 175 164
2 11 417 32.3500 99.8600 34 213 83.8199 -233.9600
-1.2435404759e+00 1.2613459147e+00 1.7595563743e+00
172 166 150
2 11 422 -325.7600 132.5601 34 215 -263.5300 -195.4400
3.4875029831e+00 1.3092169981e+00 3.6991548801e+00
186 182 173
5 11 426 721.2100 191.5200 34 221 767.5400 -136.5700 54 226 993.7000 -62.9600 50 437 156.5200 224.0300 23 1045 119.9000 -53.5100
2.5817099858e+00 1.4730531270e+00 2.8569679220e+00
166 158 146
2 11 427 496.2800 188.5400 34 218 537.1899 -150.2300
-2.6122532148e+00 1.3606499104e+00 2.3417927423e+00
175 167 153
2 11 428 -546.6000 199.7600 34 225 -471.0100 -114.4500
2.2441556618e+00 1.9756146634e+00 2.7861011224e+00
165 159 145
3 11 437 427.1300 293.2300 34 230 464.2100 -53.1300 23 1072 56.7800 -12.5800
1.7006476020e+00 2.0420629703e+00 2.4257266248e+00
150 147 140
2 11 438 296.4399 292.7400 34 231 335.1100 -55.0900
-7.1156277225e-01 2.6720394736e+00 2.0728875266e+00
146 135 109
2 11 449 -217.6801 437.3201 34 350 -153.7300 82.4200
-1.5154758962e+00 2.5879876578e+00 2.3554208356e+00
155 149 137
2 11 450 -357.3600 436.8301 34 351 -281.2300 96.8800
7.2744714997e-01 2.7771598407e+00 2.3116933400e+00
120 113 98
2 11 454 92.1801 456.6899 34 237 135.1801 94.8600
-2.0606913918e+00 2.6745127212e+00 2.6440988025e+00
187 186 181
2 11 459 -444.8500 471.8101 34 244 -359.7500 139.2400
-1.2826605700e+00 2.8137485099e+00 2.3771187796e+00
153 144 124
2 11 463 -313.7600 485.2800 34 354 -238.8200 137.2000
-1.2826605700e+00 2.8137485099e+00 2.3771187796e+00
153 144 124
2 11 464 -313.7600 485.2800 34 355 -238.8200 137.2000
1.3143061833e+00 2.8787913333e+00 2.6635332917e+00
140 133 123
2 11 466 232.9301 492.0500 34 241 272.1100 126.8800
1.3143061833e+00 2.8787913333e+00 2.6635332917e+00
140 133 123
2 11 468 232.9301 492.0500 34 242 272.1100 126.8800
1.0720911309e+00 3.0041970618e+00 2.6306416658e+00
142 133 118
2 11 470 181.7500 520.0500 34 357 221.5699 153.3100
8.1115092669e-01 3.1978532151e+00 2.6093658747e+00
139 132 122
2 11 472 125.8700 567.4099 34 245 169.8900 192.8200
1.1806907357e+00 3.3380350971e+00 2.9556685315e+00
183 177 168
3 11 475 221.3199 610.6599 34 248 263.6600 234.3800 23 712 9.5700 71.4700
7.1169344071e-01 3.3860344913e+00 2.7705007922e+00
77 64 55
2 11 477 112.8700 617.8500 34 250 161.2200 240.1000
-6.0034529624e-01 3.3903979431e+00 2.6033940961e+00
75 60 45
2 11 480 -168.3600 620.0100 34 253 -100.6800 250.5300
-6.4125879386e-01 -7.6274198986e-01 1.3063300660e+00
185 185 183
4 11 569 -229.1801 -293.6801 34 284 -169.8600 -621.2200 51 4901 -54.9900 -530.9800 22 16345 414.1600 -292.2200
-4.1952994611e-01 -8.4267915357e-01 2.2153402395e+00
177 177 175
2 11 573 -126.1801 -240.1600 34 291 -62.2700 -564.7000
4.7517509586e-01 -3.8990882473e-01 2.0517427821e+00
181 182 179
3 11 580 24.3500 -187.5000 34 195 90.7200 -514.0800 58 57 47.7800 239.5000
7.4155384882e-01 -3.1648228661e-01 2.0729263048e+00
171 172 166
2 11 581 77.7800 -176.7200 34 294 140.8300 -503.9200
-4.1925281182e+00 -1.1121472760e+00 3.2978326227e+00
148 148 148
2 11 583 -703.6200 -167.9100 34 300 -645.0400 -460.6400
-3.5289118871e+00 -7.3332720030e-01 2.8390989335e+00
189 186 181
2 11 590 -634.1500 -138.5300 34 198 -572.4300 -441.6200
-4.3390403332e+00 -7.3576373669e-01 3.2029947098e+00
176 174 161
2 11 593 -745.7300 -108.3600 34 305 -683.1700 -401.7300
-5.5732372218e+00 -7.5666464038e-01 3.8230310477e+00
186 187 190
2 11 600 -903.2300 -68.3900 34 310 -839.8500 -337.3600
-4.7933094945e+00 1.5942945614e-02 3.3748889995e+00
167 164 155
2 11 609 -827.1600 31.7800 34 315 -755.0500 -250.0700
-4.7933094945e+00 1.5942945614e-02 3.3748889995e+00
167 164 155
2 11 610 -827.1600 31.7800 34 316 -755.0500 -250.0700
-2.1320503771e+00 8.0596137610e-01 2.0437954484e+00
111 102 88
2 11 613 -468.0000 71.8500 34 317 -402.0400 -244.6900
-2.1898036049e+00 1.0741501865e+00 2.1438599476e+00
146 140 126
2 11 620 -475.2900 128.4800 34 321 -406.8300 -187.2500
2.5514355472e+00 1.2333895862e+00 2.8930680239e+00
77 61 53
4 11 622 484.2900 141.6300 34 476 531.3199 -193.1000 54 323 684.7000 -170.7100 50 669 76.4600 221.9700
3.1106597779e+00 1.1900619615e+00 3.3195914217e+00
184 178 166
4 11 623 622.5701 149.5300 34 322 668.4800 -181.4100 54 324 864.4900 -135.8500 50 668 122.7100 217.1000
-3.4927861285e+00 9.6479484162e-01 2.7763569605e+00
182 175 165
2 11 626 -667.0900 155.3101 34 327 -587.8400 -142.5400
6.5356002590e-01 1.5205507301e+00 1.8748353176e+00
177 171 166
4 11 627 50.6700 165.0901 34 323 101.1899 -174.1600 23 1062 -37.7100 -34.4800 51 3588 5.1700 -429.7300
-2.0984972331e+00 1.2758214464e+00 2.1106797374e+00
157 147 127
2 11 628 -465.3400 164.4299 34 325 -393.8300 -153.5900
2.3888206335e+00 1.5324404498e+00 2.7523374761e+00
104 88 72
3 11 629 450.8700 197.3201 34 328 492.3600 -142.4000 23 1059 60.1500 -38.1000
-4.9462518670e+00 1.1082628856e+00 3.5278010003e+00
171 166 159
2 11 632 -870.5100 234.0601 34 336 -782.3200 -46.0900
2.0482023143e+00 2.0500348786e+00 2.6442434547e+00
100 85 63
2 11 644 380.4200 303.5300 34 334 417.0200 -45.1500
2.0482023143e+00 2.0500348786e+00 2.6442434547e+00
100 85 63
2 11 645 380.4200 303.5300 34 335 417.0200 -45.1500
3.5636922861e+00 2.0311230625e+00 4.0230573910e+00
163 156 148
4 11 655 764.0701 358.7900 34 341 800.0900 17.7400 54 243 1023.2100 158.8500 50 691 178.7200 277.9900
1.2377560830e+00 2.4197749108e+00 2.2819245533e+00
87 74 58
2 11 657 194.8800 373.0000 34 343 235.2000 14.8600
-2.3946520872e+00 2.4090995624e+00 2.5906451864e+00
174 164 137
3 11 662 -510.5100 418.7300 34 352 -422.2200 94.0400 29 5933 -117.0300 -307.9399
-6.0121560722e+00 2.2416161059e+00 4.1928504340e+00
191 194 200
2 11 669 -1041.6100 486.3201 34 363 -927.5900 210.1600
4.1104988565e+00 2.5172450395e+00 4.7197351440e+00
129 117 105
2 11 670 924.4399 496.3800 34 356 949.1500 147.2100
-2.0573350423e+00 3.1810517702e+00 2.9102916082e+00
187 187 187
2 11 673 -436.2600 592.2500 34 369 -343.6600 249.9000
2.1517107268e+00 3.2674821652e+00 3.5304823654e+00
74 62 50
2 11 676 457.1801 615.9299 34 368 488.1300 243.3900
9.0895790225e-01 3.4442239400e+00 2.8980089376e+00
168 158 133
2 11 677 162.3700 635.4299 34 370 206.3600 256.6100
9.0895790225e-01 3.4442239400e+00 2.8980089376e+00
168 158 133
2 11 678 162.3700 635.4299 34 371 206.3600 256.6100
-4.6288464553e+00 3.4049698135e+00 3.9739588962e+00
164 156 143
2 11 685 -851.3700 701.4399 34 556 -722.7800 388.1799
-1.3197213661e+00 3.8163416336e+00 3.0423264902e+00
172 161 147
2 11 689 -290.8700 739.9299 34 551 -207.7500 367.5400
-1.4817248044e-01 4.5766865569e+00 3.5643467073e+00
143 131 117
3 11 700 -22.2000 939.0901 34 571 41.5500 525.9399 17 741 117.7500 -592.3500
1.6299510299e+00 4.6671367300e+00 4.1863776139e+00
121 112 98
2 11 704 396.0699 986.8201 34 394 423.6300 561.8101
-6.4915584019e+00 -3.4939782219e+00 4.8359298435e+00
42 38 35
2 11 789 -904.4700 -405.1700 34 278 -879.2000 -711.0200
-6.4154517655e+00 -2.8024568206e+00 4.4959892501e+00
163 166 170
2 11 804 -937.6600 -333.6500 34 285 -902.7200 -621.1000
5.0345394858e-01 -7.2643616906e-01 1.8811582309e+00
182 181 177
2 11 810 23.9301 -261.1801 34 286 86.5300 -591.3500
-3.5216022420e+00 -1.5368640204e+00 3.2380831877e+00
184 176 163
2 11 813 -585.0900 -242.5500 34 426 -531.2800 -553.9200
1.3548394597e+00 -2.9579608741e-01 2.1673305380e+00
183 182 178
4 11 824 201.9100 -179.8800 34 433 264.2700 -509.0500 54 423 325.5500 -616.8800 50 1019 -24.7000 123.7900
9.4515987597e-01 -1.5580649006e-01 2.0861399153e+00
137 133 123
4 11 827 116.5000 -148.8700 34 435 180.0300 -478.7600 50 1028 -51.9500 135.4000 58 162 105.5000 257.3400
8.2178821369e-01 1.5377508017e-03 2.0286230720e+00
200 200 197
3 11 836 90.6400 -120.4900 34 663 152.4200 -451.3199 58 174 88.2800 278.1400
5.7916389007e-01 -1.3824208526e-02 2.0323620120e+00
193 193 191
4 11 837 45.8600 -119.2400 34 442 105.9000 -448.4600 58 176 60.1700 282.0200 64 626 37.3900 -132.7200
-4.4804854442e+00 -4.2262643538e-01 3.2483428427e+00
134 126 123
2 11 842 -773.6200 -54.2100 34 455 -705.9100 -339.2800
2.9469723800e+00 2.8310847265e-01 2.9795923535e+00
110 101 94
4 11 843 562.3301 -45.9500 34 449 622.5400 -374.2900 54 444 810.1201 -405.3101 50 1050 95.9300 155.0300
-3.4174122395e+00 -1.2699498667e-01 2.6959871337e+00
172 166 152
2 11 844 -636.4800 -44.4700 34 452 -570.8800 -346.1801
1.6911833575e-01 5.5240068471e-01 1.8229602605e+00
173 168 161
5 11 846 -45.6600 -20.4301 34 451 10.6700 -349.8400 54 442 -7.0500 -421.2400 58 179 8.8400 357.4600 39 9 -366.3800 -162.1500
-1.6979194608e+00 5.5796726315e-01 1.8257529743e+00
179 170 154
4 11 849 -396.4800 7.5400 34 460 -336.6400 -314.2200 50 663 -228.8600 209.0000 58 181 -216.7800 402.3900
-3.2295552942e+00 2.6909708986e-01 2.6061953009e+00
167 164 156
2 11 850 -616.9900 17.5800 34 461 -548.6500 -284.2600
-3.9363015430e+00 1.8982643779e-01 2.9587093922e+00
178 174 162
2 11 853 -714.0500 30.8800 34 463 -643.2500 -262.2000
2.4277164839e+00 1.0015144133e+00 2.5557637901e+00
163 154 137
3 11 861 445.9200 80.0300 34 697 491.8000 -260.1400 23 1580 58.1100 -65.4600
-1.4886816724e+00 9.7134341523e-01 1.7913849825e+00
153 153 146
4 11 862 -365.7100 82.1500 34 468 -304.8300 -243.2900 50 676 -219.7900 236.7300 23 1044 -142.5400 -55.5100
1.8055085431e+00 1.1407836038e+00 2.1007460243e+00
180 179 175
3 11 864 297.5699 89.6600 34 465 338.6000 -253.6500 50 1099 8.5900 215.2400
-2.5368488334e+00 1.4959026130e+00 2.3901929419e+00
164 161 146
2 11 885 -531.1100 226.2400 34 482 -453.6300 -87.1400
3.1811675923e+00 1.6137037306e+00 3.5710110243e+00
209 209 211
2 11 890 652.6201 248.6100 34 483 696.9200 -85.2900
3.1807316790e+00 1.6172243949e+00 3.5580264109e+00
209 209 211
3 11 891 652.6201 248.6100 34 484 696.9200 -85.2900 54 340 891.3401 -0.6100
-2.0585163085e+00 1.8763557049e+00 2.2876162259e+00
76 55 39
2 11 897 -454.8500 291.1100 34 488 -378.6600 -31.5100
1.5188962625e+00 2.1381489590e+00 2.3323959878e+00
86 73 56
3 11 900 254.4800 310.4900 34 487 293.2700 -42.1300 50 697 2.5200 296.1600
-1.4700380802e+00 2.0492526511e+00 2.1153543344e+00
136 123 104
2 11 901 -356.3900 311.5000 34 492 -285.1400 -20.1400
-1.4700380802e+00 2.0492526511e+00 2.1153543344e+00
136 123 104
2 11 902 -356.3900 311.5000 34 493 -285.1400 -20.1400
1.3046853960e+00 2.2373232371e+00 2.2682257098e+00
150 143 127
2 11 907 207.1200 330.7300 34 758 247.6100 -21.8400
1.3046853960e+00 2.2373232371e+00 2.2682257098e+00
150 143 127
2 11 908 207.1200 330.7300 34 759 247.6100 -21.8400
-4.3347319387e+00 1.7453605882e+00 3.3480223399e+00
62 52 43
2 11 911 -794.7000 338.1400 34 503 -698.5100 47.1200
-1.0070096194e+00 2.3047232119e+00 2.0264232481e+00
82 66 48
2 11 914 -274.5200 356.7900 34 497 -209.3900 14.4900
1.8167381430e+00 2.3054910576e+00 2.6856163002e+00
101 88 69
3 11 915 334.5100 361.4800 34 496 372.1000 8.1300 50 699 33.8900 307.8700
1.4151248206e+00 2.3946835130e+00 2.3366902973e+00
131 119 102
2 11 916 235.8400 368.7800 34 773 272.6300 11.2000
3.8552534858e+00 2.0789599540e+00 4.3991845837e+00
76 63 59
2 11 923 839.8101 384.7600 34 779 878.7900 45.9800
1.0106102856e+00 2.4753591854e+00 2.2502299981e+00
165 158 151
2 11 924 146.4600 384.1300 34 499 187.9399 27.9100
-7.6700127642e-01 2.4930018741e+00 2.0672564217e+00
81 64 49
3 11 929 -225.6200 396.7300 34 502 -162.9400 48.1400 23 1625 -105.6400 25.0800
1.6277692290e+00 2.5213273487e+00 2.6367327552e+00
110 94 78
2 11 933 295.2400 408.0000 34 504 332.3000 51.8100
-4.9064684260e+00 2.1358819454e+00 3.7435822766e+00
182 180 181
2 11 936 -876.6400 434.9299 34 518 -770.5500 149.5200
1.3859830860e+00 2.7163718752e+00 2.5903382432e+00
99 83 64
2 11 939 243.6801 451.3401 34 509 281.6500 90.0900
-6.4615904918e-01 2.7243929849e+00 2.1949225461e+00
150 136 119
2 11 940 -197.5100 451.4299 34 789 -131.6700 98.8200
-1.9818789626e+00 2.6427658075e+00 2.5964522281e+00
184 184 176
2 11 942 -433.6600 462.0400 34 515 -347.2200 129.4300
1.1651946378e+00 2.8677728368e+00 2.5635410181e+00
93 79 66
2 11 947 197.0000 485.8401 34 512 236.2700 121.1300
-2.3028420782e+00 2.7982843464e+00 2.7758319224e+00
65 53 42
2 11 955 -485.7900 506.6000 34 525 -394.7300 174.0100
-1.2881669726e+00 3.0043595195e+00 2.5488558917e+00
99 86 69
2 11 964 -306.4200 532.9800 34 823 -227.8300 183.7400
-1.8608233681e+00 3.1661087379e+00 2.8326233653e+00
109 94 76
2 11 970 -403.4200 584.3700 34 534 -312.9800 239.7200
5.4942645497e-01 3.4034231514e+00 2.7093122957e+00
75 58 42
2 11 976 76.4301 620.5800 34 536 124.9200 242.6100
5.4942645497e-01 3.4034231514e+00 2.7093122957e+00
75 58 42
2 11 977 76.4301 620.5800 34 537 124.9200 242.6100
-1.3189504194e+00 3.5359460305e+00 2.8839401165e+00
105 91 78
3 11 981 -299.3500 667.4299 34 543 -213.9700 304.9200 17 711 -130.9301 -854.5601
3.4197850977e+00 3.3495304424e+00 4.5110648904e+00
162 153 132
2 11 982 784.0300 678.6100 34 542 797.9301 303.6100
2.8488223119e-01 3.6531507025e+00 2.8054717902e+00
162 153 142
3 11 983 25.1000 686.1200 34 847 79.6899 301.8300 54 853 69.2400 415.9900
2.9011308105e+00 3.5039378159e+00 4.1943110378e+00
207 199 176
2 11 984 658.1201 701.1400 34 849 675.4200 320.5100
-2.1007410049e+00 3.7372151113e+00 3.2227033865e+00
197 195 189
2 11 989 -434.6100 730.7200 34 552 -334.5400 373.1899
-4.3829251055e+00 3.5831216932e+00 3.9448021689e+00
140 132 121
2 11 991 -814.0700 737.1000 34 561 -684.6600 415.8900
7.6123166369e-01 3.8407130481e+00 3.1457426966e+00
183 182 174
3 11 992 145.6700 741.5500 34 549 192.2900 350.9000 54 543 204.6899 497.2100
1.7992738329e+00 3.9833423773e+00 3.8258366875e+00
88 79 62
3 11 1001 404.3600 799.5500 34 559 433.5400 403.8201 54 556 508.2000 611.4700
-1.5149359776e+00 4.0461854185e+00 3.2710178697e+00
169 163 163
3 11 1002 -318.7900 802.0300 34 870 -226.3500 427.8000 17 724 -146.2800 -727.8600
-3.8230599834e+00 3.9985964236e+00 3.8998696059e+00
64 55 48
3 11 1003 -726.8900 825.3201 34 566 -596.2000 484.1500 17 1133 -498.8200 -732.4399
2.7854438455e+00 4.0345227423e+00 4.4279909534e+00
216 220 223
2 11 1006 654.7200 839.6100 34 873 666.2700 439.5100
1.6453964979e+00 4.2030104102e+00 3.9019921243e+00
173 168 164
2 11 1010 377.3101 856.8101 34 876 410.4800 453.4299
2.4554138816e+00 4.1794034111e+00 4.3017709638e+00
147 137 127
2 11 1012 577.8401 869.9700 34 879 593.3101 463.8700
-2.7432889158e+00 4.4902332923e+00 3.8264547702e+00
185 181 169
2 11 1020 -534.7800 931.8301 34 890 -415.8200 557.5300
-2.7432889158e+00 4.4902332923e+00 3.8264547702e+00
185 181 169
2 11 1021 -534.7800 931.8301 34 891 -415.8200 557.5300
-5.6601475558e+00 -2.9249433934e+00 4.3666772944e+00
153 154 158
2 11 1133 -824.5200 -363.9600 34 415 -787.1900 -664.4700
1.2492013124e+00 -9.9422710840e-01 2.0985764303e+00
96 92 83
2 11 1143 176.4200 -308.7900 34 602 244.7200 -644.7000
1.0852486369e+00 -8.8296196541e-01 2.0231500733e+00
189 191 190
3 11 1144 142.2700 -290.7700 34 419 208.7500 -624.7100 64 844 75.2200 -206.6800
-4.1326172416e+00 -1.9094975202e+00 3.6343397207e+00
179 179 171
2 11 1146 -649.9800 -269.8800 34 614 -600.2600 -576.4200
-4.1326172416e+00 -1.9094975202e+00 3.6343397207e+00
179 179 171
2 11 1147 -649.9800 -269.8800 34 615 -600.2600 -576.4200
1.8696813090e+00 -6.9060697151e-01 2.2238502447e+00
186 185 181
3 11 1152 304.2600 -258.2200 34 612 369.2100 -592.7100 54 614 476.7400 -724.7800
9.2641604735e-01 -7.0279872896e-01 2.0172271799e+00
191 190 185
7 11 1153 111.6899 -256.6400 34 613 177.5500 -586.8101 58 401 95.2900 189.6900 64 1841 60.6300 -192.4700 23 2157 -27.7000 -146.9000 51 15479 12.1000 -526.0200 59 16961 -57.4600 950.4299
1.5800970450e+00 -5.2453327735e-01 2.1350215979e+00
158 151 145
5 11 1164 242.5800 -227.8700 34 425 309.7400 -560.8600 50 1003 -12.6000 106.0700 58 155 177.8000 198.9400 23 2170 4.5100 -139.5100
5.3397728304e-01 -5.8946068437e-01 2.0529528625e+00
99 96 88
3 11 1166 37.3300 -224.2700 34 619 102.8400 -551.6801 51 10102 -1.5300 -519.6700
-3.4211027969e+00 -1.2241059552e+00 3.0071877247e+00
86 77 61
2 11 1175 -592.6700 -210.7900 34 632 -534.7600 -516.6700
3.1023774760e+00 -4.9353800929e-01 3.1987984180e+00
85 82 77
2 11 1186 593.0601 -183.1100 34 636 668.7100 -509.4100
5.7999645619e-01 -3.2200534569e-01 2.0843650292e+00
180 180 180
3 11 1193 46.8400 -173.3000 34 640 110.4600 -501.8600 58 161 62.9400 245.1600
2.3037649752e+00 -1.9680309391e-01 2.3124599556e+00
145 144 139
5 11 1194 402.5000 -167.8199 34 637 460.5900 -504.1500 50 1603 37.2000 122.3400 58 276 274.2600 226.5700 23 2203 44.3300 -124.6200
-4.5136779407e+00 -1.1534803526e+00 3.4116796994e+00
169 167 156
2 11 1198 -748.2000 -161.7000 34 661 -691.5100 -456.7900
3.0340603768e+00 -3.5322519899e-01 3.1233666418e+00
174 171 166
3 11 1199 578.7400 -159.9301 34 647 651.8101 -486.9399 23 2183 82.4400 -132.2700
3.4028108231e+00 -4.2663541001e-01 3.5599528205e+00
176 170 158
2 11 1200 665.1699 -153.7900 34 437 747.6899 -475.8700
2.2125721288e+00 -1.1903743436e-01 2.2664656020e+00
187 186 181
4 11 1201 381.2700 -155.0699 34 648 438.4600 -489.8300 50 1625 30.5900 128.6200 58 278 262.8700 238.1300
-5.8221227597e+00 -1.3742080827e+00 3.9754471258e+00
178 176 172
2 11 1203 -917.4000 -154.6801 34 665 -862.8100 -429.1000
-7.6555680275e-01 -7.0966250268e-02 1.5308676058e+00
122 118 115
4 11 1205 -240.3101 -144.6400 34 1021 -181.2400 -466.8300 23 2215 -111.5700 -116.3600 29 13457 -42.3300 -438.3500
2.3657398651e+00 -5.1936204194e-02 2.3483076823e+00
180 179 177
2 11 1207 417.3600 -138.5699 34 656 472.4301 -475.6300
4.2585428701e+00 -4.0735999191e-01 4.4115754514e+00
172 168 158
2 11 1211 869.1799 -113.5500 34 447 965.0500 -429.7600
3.8713510787e+00 -2.6427092456e-01 4.0079258954e+00
190 183 167
2 11 1213 779.4299 -104.8000 34 667 865.0900 -423.0601
2.8867315214e+00 2.8927020796e-02 2.9108347083e+00
51 46 42
4 11 1215 544.5100 -98.0601 34 448 608.5300 -427.0500 54 435 792.2100 -477.4200 50 1035 88.2900 138.0600
-2.8690772515e+00 -1.3462737443e-01 2.4955453840e+00
159 155 144
2 11 1222 -551.9800 -64.0200 34 676 -490.1200 -371.3199
2.1984350924e+00 5.7682793556e-01 2.2517891760e+00
158 151 133
3 11 1231 382.9100 -19.3000 34 1060 428.5000 -358.4100 58 298 272.6100 324.5400
-2.3173140729e+00 3.1862927076e-01 2.1667450170e+00
167 166 162
2 11 1236 -485.0900 -9.7600 34 683 -420.9800 -321.8300
-5.3187369864e+00 -2.8922312149e-01 3.6553888087e+00
171 166 170
2 11 1239 -887.1100 -2.6500 34 1093 -816.1700 -272.8700
-1.0830750061e+00 6.3740853749e-01 1.8180315244e+00
165 159 145
4 11 1244 -281.6200 13.1600 34 684 -221.9400 -310.6700 50 1716 -187.7300 208.5700 58 309 -141.5300 397.2300
-5.3070531455e-01 7.0188861245e-01 1.8398198055e+00
180 179 177
2 11 1245 -177.5699 18.9399 34 686 -118.8100 -307.9200
-5.2543417285e+00 -1.3911986542e-01 3.6158632330e+00
56 51 41
2 11 1247 -883.1600 20.6300 34 466 -810.7000 -251.3600
-5.2543417285e+00 -1.3911986542e-01 3.6158632330e+00
56 51 41
2 11 1248 -883.1600 20.6300 34 467 -810.7000 -251.3600
4.2915013638e+00 4.0230343907e-01 4.3869884365e+00
186 183 176
2 11 1250 896.3999 38.9100 34 691 969.2400 -280.8500
1.6031150219e+00 9.3373254069e-01 2.0605701542e+00
184 177 168
4 11 1251 250.6600 46.3500 34 690 296.7300 -289.9900 54 694 387.0300 -328.6200 50 1080 -7.8800 202.1500
6.7409985545e-01 9.9885108024e-01 1.9910475165e+00
101 88 82
10 11 1254 61.8500 69.1400 34 695 116.6300 -263.8101 54 452 133.3000 -305.2000 50 1104 -67.8600 215.7600 58 184 81.9200 408.7700 64 923 47.2200 -48.7600 23 2257 -36.2600 -61.6900 39 14 389.9900 453.7700 51 10313 6.5500 -452.9900 22 27906 452.1700 -239.9100
4.1127903314e+00 7.0121949419e-01 4.2780663434e+00
111 95 71
2 11 1256 859.6799 92.9900 34 1110 926.0200 -227.7200
-9.2188103532e-01 1.1189697709e+00 1.7468387638e+00
174 162 138
2 11 1258 -262.4200 99.1100 34 705 -202.4000 -228.9000
3.9967579124e+00 7.7825645645e-01 4.2197258527e+00
176 169 161
2 11 1259 832.6001 105.4600 34 709 898.6400 -214.1700
2.9440084165e+00 1.0038094355e+00 3.1630447918e+00
78 64 55
4 11 1260 577.1699 106.9299 34 706 628.3101 -226.1400 54 461 810.1699 -198.9399 23 3145 87.4300 -66.4500
-4.2165967277e+00 5.7996444841e-01 3.1100880204e+00
188 188 190
2 11 1262 -761.8400 109.7500 34 722 -682.9100 -177.0600
-5.1379029624e+00 3.8885631255e-01 3.5662148404e+00
180 180 178
2 11 1263 -881.1400 108.0601 34 724 -801.6400 -165.3800
2.0490162772e+00 1.2051476514e+00 2.3054041051e+00
174 168 149
2 11 1264 357.2200 110.4199 34 703 400.5100 -230.7700
2.7099403884e+00 1.2441592741e+00 2.9421919621e+00
155 151 139
2 11 1270 522.7300 145.1400 34 474 568.7000 -190.8100
2.9697117993e-01 1.3951178418e+00 1.8727227873e+00
194 182 168
6 11 1271 -18.1500 143.3900 34 1121 36.0000 -191.3400 54 714 32.3300 -217.3700 50 1747 -94.9800 245.7800 58 317 33.5600 466.0700 23 2272 -55.2400 -41.4200
-3.4049267247e-01 1.4121894132e+00 1.7284827781e+00
177 160 135
3 11 1272 -153.6300 148.2100 34 720 -96.3700 -184.6000 54 712 -139.1700 -220.3300
3.4735212493e+00 1.1431623328e+00 3.6503320484e+00
65 56 47
4 11 1276 712.5200 156.1799 34 1125 764.1100 -173.6000 54 739 987.7800 -111.1300 23 3164 117.6500 -60.7300
-5.9442561606e+00 5.5127009595e-01 3.9738588282e+00
184 191 194
2 11 1280 -990.4400 162.9600 34 742 -906.4100 -97.3600
2.4617789098e+00 1.3818599384e+00 2.7766616606e+00
197 192 191
2 11 1282 464.6300 166.6799 34 723 509.1899 -171.3500
-1.6050493139e-01 1.6127411227e+00 1.7604728885e+00
