# Bundle file v0.3
90 9286
0 0 0
0 0 0
0 0 0
0 0 0
0 0 0
0 0 0
0 0 0
0 0 0
0 0 0
0 0 0
1.7001487151e+03 -1.3997477007e-01 1.5787172795e-01
9.7189872739e-01 2.9039536605e-02 2.3360130354e-01
-1.1201598634e-01 9.2985878935e-01 3.5044978339e-01
-2.0703932599e-01 -3.6676877891e-01 9.0698146635e-01
3.6123190527e-02 -1.7477093014e+01 -6.0077057381e+01
1.3333791302e+03 5.0263433299e-02 -1.5839897146e-01
9.9362936818e-01 4.7479982912e-02 1.0220728893e-01
-6.3763275865e-02 9.8465067684e-01 1.6247242612e-01
-9.2924288206e-02 -1.6795444568e-01 9.8140530916e-01
3.4420648031e+00 -3.8469095552e+00 -2.0618292627e+01
2.3175217929e+03 2.4319578711e-01 -5.6335688117e-01
9.2205322587e-01 5.8348792537e-02 3.8263986603e-01
-2.5556711025e-01 8.3421967891e-01 4.8863378872e-01
-2.9069451461e-01 -5.4833652599e-01 7.8410697832e-01
-1.3862688627e+01 -3.8375195068e+01 -8.6072792325e+01
0 0 0
0 0 0
0 0 0
0 0 0
0 0 0
0 0 0
0 0 0
0 0 0
0 0 0
0 0 0
0 0 0
0 0 0
0 0 0
0 0 0
0 0 0
0 0 0
0 0 0
0 0 0
0 0 0
0 0 0
0 0 0
0 0 0
0 0 0
0 0 0
0 0 0
5.8333932949e+02 5.6113453623e-02 -8.3335146883e-02
-8.0352888237e-01 8.4706812129e-02 -5.8920802029e-01
-1.9426077465e-01 -9.7294702391e-01 1.2504735142e-01
-5.6267582731e-01 2.1493916498e-01 7.9824624567e-01
3.3224186775e+00 1.1823058151e+01 1.1022361953e+01
-1.5405473308e+03 6.2709877803e-01 -6.1997487817e-01
8.2592727797e-01 -5.1514412106e-02 5.6141820139e-01
-3.0262124337e-01 7.9968642122e-01 5.1857690921e-01
-4.7567269689e-01 -5.9820388920e-01 6.4489347367e-01
-1.9695134308e+00 -1.2860177667e+00 7.8873946582e+00
0 0 0
0 0 0
0 0 0
0 0 0
0 0 0
5.0468609344e+03 7.0272407488e-04 3.8984075153e-02
9.0501781723e-01 -2.9451681557e-02 4.2435285901e-01
-1.8915831118e-01 8.6567187309e-01 4.6349901989e-01
-3.8100115985e-01 -4.9974474143e-01 7.7787743868e-01
-1.4658730992e+01 -2.9270803262e+01 -6.7371553114e+01
0 0 0
0 0 0
0 0 0
0 0 0
0 0 0
2.6104209404e+03 -6.3044728082e-02 -7.4128037237e-01
9.4879781077e-01 3.2863988624e-02 3.1416981480e-01
-1.3354425440e-01 9.4305361605e-01 3.0465687154e-01
-2.8626673994e-01 -3.3101334643e-01 8.9915600320e-01
-4.3085366752e+00 -1.7130462118e+01 -7.3689864069e+01
0 0 0
0 0 0
0 0 0
0 0 0
0 0 0
3.9901863407e+03 1.3373296963e-01 1.2618221638e-01
-6.7102934285e-01 2.4994879692e-01 -6.9802952656e-01
-2.6428082107e-02 -9.4892792319e-01 -3.1438408527e-01
-7.4095963285e-01 -1.9251336450e-01 6.4336414804e-01
1.0243749303e+00 8.1856281532e+00 1.7240271141e+01
0 0 0
0 0 0
0 0 0
0 0 0
0 0 0
0 0 0
0 0 0
0 0 0
0 0 0
0 0 0
0 0 0
0 0 0
0 0 0
0 0 0
0 0 0
0 0 0
0 0 0
0 0 0
0 0 0
0 0 0
6.0265766404e+04 -3.1254256602e-02 -2.1250168365e-05
9.4479184135e-01 -1.6215114389e-02 3.2726968478e-01
-5.1697300713e-02 9.7888929328e-01 1.9774514050e-01
-3.2356725052e-01 -2.0374695472e-01 9.2400834024e-01
1.5900384469e+01 -1.1219005748e+01 -2.4285452799e+03
0 0 0
0 0 0
0 0 0
0 0 0
0 0 0
0 0 0
0 0 0
0 0 0
0 0 0
0 0 0
2.9921652017e+03 1.2249752964e+00 2.6539899465e-01
-5.7465079142e-01 2.2183306695e-01 -7.8776047015e-01
-2.5095782571e-01 -9.6395475702e-01 -8.8382102978e-02
-7.7897152556e-01 1.4690580934e-01 6.0960810817e-01
-7.2792039954e-01 9.9043902599e+00 1.7120520079e+01
0 0 0
0 0 0
0 0 0
0 0 0
0 0 0
6.9521578428e+02 -3.3439458898e-01 7.4864751992e-01
-8.4927002106e-01 -4.9868763303e-02 -5.2559826652e-01
2.8173060583e-01 -8.8474804835e-01 -3.7127988994e-01
-4.4650677157e-01 -4.6339399800e-01 7.6543955056e-01
-3.1746973402e+00 -3.0544454884e+00 1.3181025075e+01
0 0 0
0 0 0
0 0 0
0 0 0
0 0 0
2.2440221221e+03 7.3849907139e-03 -2.4657420409e-04
-9.4542694728e-01 -4.9942020878e-02 -3.2198397771e-01
1.7665443103e-02 -9.9458671246e-01 1.0239728277e-01
-3.2535491309e-01 9.1121160821e-02 9.4119132730e-01
1.4019911219e+00 8.7796857895e+00 4.4523232036e+01
2.7216869248e+03 -2.1751687036e-01 6.5049321713e-02
9.1026408941e-01 -6.9930447666e-03 4.1396906269e-01
-1.2638712468e-01 9.4743922159e-01 2.9391362016e-01
-3.9426587762e-01 -3.1985937336e-01 8.6153606948e-01
-6.7446501095e+00 -2.3916837427e+01 -1.5124401297e+02
0 0 0
0 0 0
0 0 0
0 0 0
0 0 0
0 0 0
0 0 0
0 0 0
0 0 0
0 0 0
0 0 0
0 0 0
0 0 0
0 0 0
0 0 0
-4.4007254529e+03 -4.5729340508e-01 -3.9690740005e-02
7.5668443634e-01 -1.2034761240e-01 6.4260805784e-01
-3.0802848753e-01 8.0135353183e-01 5.1278744904e-01
-5.7666898189e-01 -5.8595986997e-01 5.6930125251e-01
-1.6972483897e+00 -2.9368030183e+00 2.2315757223e+01
0 0 0
0 0 0
0 0 0
0 0 0
0 0 0
0 0 0
0 0 0
0 0 0
0 0 0
0 0 0
0 0 0
0 0 0
0 0 0
0 0 0
0 0 0
0 0 0
0 0 0
0 0 0
0 0 0
0 0 0
8.7146865333e+04 4.9574808061e-03 1.6011697255e-06
7.9152544475e-01 -7.1568737831e-02 6.0693112136e-01
5.4570864352e-02 9.9742901455e-01 4.6447623097e-02
-6.0869490804e-01 -3.6437196352e-03 7.9339601224e-01
-2.0262520397e+00 -1.0238813192e+00 -6.2128084205e+01
0 0 0
0 0 0
0 0 0
0 0 0
0 0 0
7.3524325244e+02 -2.4946074190e-01 1.4526406292e-01
-8.5971636308e-01 6.2467937611e-02 -5.0693740424e-01
3.2727233037e-01 -6.9462348362e-01 -6.4061770018e-01
-3.9214869224e-01 -7.1665610496e-01 5.7673514753e-01
1.6172022801e+00 2.7271947462e-01 5.2908691601e+00
0 0 0
0 0 0
0 0 0
0 0 0
0 0 0
0 0 0
0 0 0
0 0 0
0 0 0
0 0 0
0 0 0
0 0 0
0 0 0
0 0 0
0 0 0
0 0 0
0 0 0
0 0 0
0 0 0
0 0 0
0 0 0
0 0 0
0 0 0
0 0 0
0 0 0
0 0 0
0 0 0
0 0 0
0 0 0
0 0 0
0 0 0
0 0 0
0 0 0
0 0 0
0 0 0
0 0 0
0 0 0
0 0 0
0 0 0
0 0 0
8.1127094589e+02 1.1485596825e-01 -4.0221546647e-01
7.0373263677e-01 -1.4425351405e-02 7.1031843928e-01
-8.0758010592e-02 9.9168965265e-01 1.0014877205e-01
-7.0586012755e-01 -1.2784186347e-01 6.9671941144e-01
-3.4559404983e+00 2.0057348603e+00 -1.2690184913e+01
1.3610199051e+03 3.0966236189e-01 -1.0785029177e+00
9.7561052024e-01 5.7247330606e-02 2.1191237796e-01
-1.2595769927e-01 9.3664189304e-01 3.2685871901e-01
-1.7977422170e-01 -3.4557880047e-01 9.2100842660e-01
-1.7912888415e+00 -1.3596469599e+01 -3.7805975495e+01
8.0541861287e+02 6.2996667335e-02 -1.9218364984e-01
9.9134194979e-01 4.6085416655e-02 1.2295231983e-01
-8.5664287454e-02 9.3665538106e-01 3.3961496874e-01
-9.9512654642e-02 -3.4720718816e-01 9.3249364612e-01
-4.5747519698e-02 -1.1962750500e+01 -3.5321236597e+01
0 0 0
0 0 0
0 0 0
0 0 0
0 0 0
6.4609341264e+03 -7.3548836585e-01 -8.5932643173e-02
9.0725094734e-01 3.1871287592e-02 4.1938042345e-01
-3.2489055681e-01 6.8633860580e-01 6.5068075450e-01
-2.6709894168e-01 -7.2658347023e-01 6.3303603068e-01
-1.6755464774e+00 -2.8816944725e+00 -2.4268237282e+01
0 0 0
0 0 0
0 0 0
0 0 0
0 0 0
0 0 0
0 0 0
0 0 0
0 0 0
0 0 0
0 0 0
0 0 0
0 0 0
0 0 0
0 0 0
1.7375934661e+03 -1.0850904890e-01 1.3347309034e-01
7.6475542279e-01 4.1153590790e-02 6.4300507406e-01
-1.4531736863e-01 9.8326213963e-01 1.0990189783e-01
-6.2771968718e-01 -1.7748787772e-01 7.5793538483e-01
-1.8086088623e+00 2.0243949314e+00 -1.4162310436e+01
5.1796249876e+04 1.8898219357e-01 2.2535392226e-04
8.6247403355e-01 4.1730496467e-03 5.0608411070e-01
-5.8962470550e-02 9.9398505704e-01 9.2288316952e-02
-5.0265491991e-01 -1.0943624644e-01 8.5753235475e-01
-3.3815051528e+00 1.6507387174e+01 -8.7221820197e+02
0 0 0
0 0 0
0 0 0
0 0 0
0 0 0
0 0 0
0 0 0
0 0 0
0 0 0
0 0 0
0 0 0
0 0 0
0 0 0
0 0 0
0 0 0
0 0 0
0 0 0
0 0 0
0 0 0
0 0 0
2.4797246585e+02 -1.3578602087e-01 9.9159700923e-03
9.4596430389e-01 5.3432523590e-02 3.1983824224e-01
-1.5031109184e-01 9.4621920907e-01 2.8648871540e-01
-2.8732927356e-01 -3.1908333364e-01 9.0312109639e-01
-1.4637842086e+00 -2.1171825352e+00 -4.0382177403e+00
0 0 0
0 0 0
0 0 0
0 0 0
0 0 0
0 0 0
0 0 0
0 0 0
0 0 0
0 0 0
6.4400820362e+03 7.2572078347e-01 2.1732345681e-02
7.8470211125e-01 -3.3111182826e-03 6.1986420537e-01
-1.1269941533e-01 9.8255749030e-01 1.4791761231e-01
-6.0954199067e-01 -1.8592959620e-01 7.7064177597e-01
-3.1424804505e+01 -8.8689274810e+00 -3.1352434460e+02
1.1047174220e+03 -8.2316453114e-02 2.7230617292e-02
9.7737244082e-01 3.6159692476e-02 2.0841206435e-01
-1.1871415194e-01 9.0924758316e-01 3.9896839806e-01
-1.7507159123e-01 -4.1468217849e-01 8.9296619689e-01
-1.2636071273e+00 -1.7075164130e+01 -4.1370495011e+01
0 0 0
0 0 0
0 0 0
0 0 0
0 0 0
0 0 0
0 0 0
0 0 0
0 0 0
0 0 0
5.9864820407e+02 1.6714838453e-01 -5.3321516870e-02
8.4605360107e-01 -2.1358316929e-01 4.8844194529e-01
-2.2395905786e-01 6.8905443108e-01 6.8923604913e-01
-4.8377230648e-01 -6.9252163924e-01 5.3514309738e-01
2.3727796371e+00 -1.0331631892e+01 -5.3737130588e+00
4.5204764544e+04 4.8787774548e-03 9.3445475650e-07
8.1529947842e-01 2.7556764308e-01 5.0926342356e-01
-5.5397561068e-01 6.2716772512e-01 5.4751407959e-01
-1.6851641837e-01 -7.2850745958e-01 6.6398727253e-01
-5.9593870183e+00 2.4326191553e+00 -2.2826494300e+02
0 0 0
0 0 0
0 0 0
0 0 0
0 0 0
0 0 0
0 0 0
0 0 0
0 0 0
0 0 0
0 0 0
0 0 0
0 0 0
0 0 0
0 0 0
5.9886350580e+02 3.2574426901e-01 1.2122101255e+00
-9.0563671467e-01 1.2402822913e-01 -4.0551096090e-01
3.1660285578e-01 -4.3840827430e-01 -8.4116634308e-01
-2.8210773252e-01 -8.9017705172e-01 3.5777093768e-01
6.2826113840e-01 7.6583733753e+00 8.5699799439e+00
1.3052307122e+03 7.0137703538e-02 -3.1645126653e-01
9.8800362113e-01 4.3491461778e-02 1.4818008428e-01
-1.0871398489e-01 8.7736239495e-01 4.6735050809e-01
-1.0968187687e-01 -4.7785324178e-01 8.7156535338e-01
2.0923242460e+00 -1.3801775087e+01 -3.7515239511e+01
0 0 0
0 0 0
0 0 0
0 0 0
0 0 0
0 0 0
0 0 0
0 0 0
0 0 0
0 0 0
0 0 0
0 0 0
0 0 0
0 0 0
0 0 0
0 0 0
0 0 0
0 0 0
0 0 0
0 0 0
3.9425287571e+03 -3.9196722071e-01 -1.6052983390e-02
9.2793822556e-01 -1.5373774236e-02 3.7241683181e-01
-8.0587726374e-02 9.6724163926e-01 2.4072646226e-01
-3.6391794117e-01 -2.5339151197e-01 8.9630155291e-01
-3.4631220824e+00 -1.5051451378e+01 -1.4824542015e+02
4.6554258909e+03 2.4247981584e-01 2.0430843301e-02
9.0507550289e-01 -3.1333740852e-02 4.2409495488e-01
-8.1470669497e-02 9.6603218420e-01 2.4524344863e-01
-4.1737377024e-01 -2.5651513750e-01 8.7177928408e-01
-3.8739213222e+00 -2.0873684944e+01 -2.4947213821e+02
0 0 0
0 0 0
0 0 0
0 0 0
0 0 0
0 0 0
0 0 0
0 0 0
0 0 0
0 0 0
0 0 0
0 0 0
0 0 0
0 0 0
0 0 0
0 0 0
0 0 0
0 0 0
0 0 0
0 0 0
0 0 0
0 0 0
0 0 0
0 0 0
0 0 0
0 0 0
0 0 0
0 0 0
0 0 0
0 0 0
3.3922716191e-01 -8.4486249189e-01 6.9511902363e-01
161 161 159
11 11 221 -229.4700 -311.1899 34 24 -171.8900 -640.6500 41 187 -108.7800 -58.3199 51 2459 -54.6400 -534.7700 3 693 258.7000 -312.4200 10 2112 -122.8100 -611.8101 22 5896 414.4500 -295.2500 52 1842 6.4900 -295.5100 2 1931 13.1600 -508.4800 68 1801 -22.6500 -471.8600 82 2829 -71.3400 -416.1801
-3.1671443336e-01 1.5286851097e+00 1.2156194084e+00
172 166 150
3 11 421 -325.7600 132.5601 34 214 -263.5300 -195.4400 29 2578 -63.8400 -357.5699
7.2271646877e-01 -5.2352069823e-01 1.1879055114e+00
177 177 175
7 11 574 -126.1801 -240.1600 34 292 -62.2700 -564.7000 64 607 -35.1500 -185.3800 51 4913 -33.7400 -521.1600 59 4815 -121.3400 956.0601 3 1805 296.2700 -287.3900 22 16387 427.6100 -285.5400
2.6712288628e+00 2.1913708290e-01 2.4490481087e+00
181 181 174
7 11 830 313.5601 -126.5900 34 440 371.1000 -460.6899 50 1036 10.1000 139.2700 58 163 224.1200 260.1600 64 625 152.6200 -134.9700 3 1833 459.4600 -240.8100 10 4381 16.1500 -563.8101
2.2922176115e+00 1.2550777327e+00 2.5856189053e+00
132 127 122
4 11 615 267.2700 75.3400 34 462 311.3000 -264.8800 50 664 -1.5200 211.8500 58 89 206.7700 399.5200
-1.7088141470e+00 -1.3197061640e+00 1.0671404959e+00
168 170 171
2 11 820 -431.5000 -199.2100 34 431 -378.6400 -518.1200
1.1497645528e+00 -7.8457585722e-01 1.0787315789e+00
115 112 103
8 11 1141 -69.6600 -314.9900 34 416 -6.5300 -646.0601 50 978 -114.6900 83.7100 41 1038 -9.0000 -63.1600 59 16896 -106.5800 933.3701 10 14131 -83.6300 -614.7400 22 40402 435.2500 -295.5601 77 4764 115.6700 -506.2400
-1.9349840401e+00 -1.4978041876e+00 1.0612813800e+00
106 100 88
3 11 1174 -453.4000 -208.0400 34 628 -400.8800 -529.2900 41 1063 -245.6300 5.9099
2.7124541170e+00 -7.2335247280e-02 2.3813687536e+00
97 89 78
8 11 1189 313.3800 -180.0300 34 635 374.2800 -513.7500 50 1015 8.6700 121.1100 58 275 219.8300 225.7900 64 1276 152.4200 -158.7500 59 17060 4.7000 975.6001 3 4850 460.8400 -262.0100 29 20546 96.6500 -447.5200
-3.4818922651e+00 -5.2155499750e-01 5.7437028786e-01
171 170 165
2 11 841 -743.6100 -56.5900 34 453 -678.5800 -347.0900
1.3481131051e+00 6.6453363816e-01 1.8115117364e+00
30 29 26
6 11 1857 24.2400 -43.1600 34 1054 80.0400 -372.3700 50 1679 -83.0400 176.3800 51 15784 -1.9100 -477.7200 3 4891 352.0699 -208.3900 22 40765 446.9500 -256.4301
8.2483272925e-01 -8.7715611773e-01 8.5600317640e-01
173 173 171
5 11 1709 -140.7100 -330.1200 34 953 -79.5800 -661.3000 41 1531 -50.8600 -72.6500 22 40384 426.0000 -297.6100 77 6852 102.2400 -508.9700
8.7348400405e-01 -8.6667402034e-01 1.0012789381e+00
79 76 64
6 11 1714 -116.8000 -314.7900 34 956 -53.9600 -644.6801 41 1535 -39.5600 -63.8900 3 5852 298.9200 -315.3700 10 14132 -95.4301 -614.7900 29 20408 -13.1200 -483.5800
3.6752591372e-01 -6.8338645812e-01 6.9842198972e-01
185 185 183
8 11 569 -229.1801 -293.6801 34 284 -169.8600 -621.2200 41 481 -112.3900 -43.8600 51 4901 -54.9900 -530.9800 59 7257 -153.8700 944.5300 10 6416 -124.9300 -605.5500 22 16345 414.1600 -292.2200 29 8898 -43.2300 -474.6899
-1.8157137909e+00 -3.0797010261e+00 1.1184552600e+00
75 74 71
3 11 1689 -384.0400 -380.5900 34 934 -336.1200 -715.6700 10 14099 -158.2400 -629.1599
1.9379175459e+00 -1.1252062458e+00 1.6628564222e+00
53 48 44
5 11 1703 116.0800 -345.3800 34 945 184.1000 -681.1100 64 1776 63.7400 -230.4500 41 1526 111.8600 -80.5900 10 14115 -36.8101 -622.3899
6.3615687219e-01 7.8236711615e-01 1.5292224812e+00
115 109 98
6 11 1880 -121.1801 -11.2500 34 1070 -63.2000 -337.9301 58 463 -39.6300 367.0900 59 28485 -120.2600 1033.0801 10 14405 -93.7900 -530.8900 29 20716 -11.8700 -400.9100
1.7743158316e-01 1.0816994787e+00 1.3069880623e+00
83 76 70
8 11 2869 -227.8800 37.9900 34 1659 -169.6000 -288.7400 41 1640 -108.7900 180.3000 51 15910 -53.3300 -457.9700 59 28568 -151.1200 1051.2500 10 14446 -120.1600 -515.9800 77 11324 84.1700 -432.3700 68 12779 -22.9900 -416.3101
4.0758104420e-01 1.0229443656e+00 1.5280911420e+00
64 57 48
7 11 2872 -159.2500 39.6400 34 1658 -102.1500 -288.5699 58 476 -62.7000 405.2800 10 14451 -103.0600 -515.7100 27 11832 210.5601 212.2500 29 20759 -22.0300 -386.3101 68 12781 -12.9100 -415.9700
4.4280064871e-01 4.7255841586e+00 5.0586927591e+00
85 72 55
5 11 2288 214.8400 1087.0300 34 1386 257.3700 647.5601 71 1704 450.2400 -398.6700 25 2554 640.3701 -770.5500 27 12447 320.7600 451.1000
2.7108591337e-01 4.7978866990e+00 4.9983809892e+00
96 78 65
5 11 2293 175.6899 1104.2000 34 2071 222.4900 662.6600 71 1705 428.0400 -393.5900 25 2557 608.3401 -757.4200 27 12454 311.0800 456.3600
8.0768898686e-01 -7.7039545007e-01 8.6633651791e-01
96 88 73
8 11 2625 -145.8400 -313.4100 34 1456 -84.0700 -643.6700 41 3254 -54.0600 -62.3700 59 27922 -127.6800 934.2100 10 21948 -102.3000 -613.9600 27 37441 214.9700 120.6899 29 32842 -19.6600 -483.0400 77 11133 101.4700 -506.0000
8.1971319730e-01 -6.1456894844e-01 9.9206881083e-01
99 88 70
7 11 1730 -132.5500 -280.1300 34 967 -70.5900 -607.8900 50 2420 -135.2800 96.8900 59 27972 -124.3900 943.6499 10 21980 -98.3600 -606.2300 29 32885 -18.2600 -474.5699 77 11155 104.5700 -499.7200
1.3632490482e+00 1.1941314492e-01 1.7255945459e+00
116 112 102
6 11 2749 23.3400 -134.1899 34 1561 83.4900 -462.3101 50 2514 -83.1300 143.7500 64 2886 28.5100 -139.3800 10 22166 -59.1899 -565.5500 29 33099 22.8300 -434.7600
1.3949444234e+00 4.3130721645e-01 1.8021087469e+00
186 181 175
8 11 2784 33.3101 -82.3199 34 1587 90.1000 -411.8800 50 3686 -80.3700 162.3600 41 2401 63.3900 97.7400 51 26827 -0.0800 -485.4500 59 47175 -75.3101 1008.7700 10 22254 -54.5100 -549.7200 77 11283 134.9700 -456.8400
5.6776815419e-02 3.8981156201e+00 3.7176039079e+00
185 179 172
5 11 2236 -4.6899 805.9800 34 2006 53.6100 410.1899 17 2838 135.1899 -708.5000 76 639 36.1200 -294.6100 41 1861 11.6800 691.3201
3.8445755373e-01 3.8224945389e+00 3.8012528965e+00
199 196 188
5 11 7185 61.7100 788.5601 34 4291 115.2200 394.9800 54 4285 102.4399 542.1200 17 6438 199.6300 -726.6899 41 2739 56.5000 672.4000
1.2644792122e+00 4.4144151690e+00 5.3965009371e+00
180 180 182
5 11 10592 407.6200 1015.7500 34 6528 436.2600 585.0500 71 4857 559.0300 -418.2900 25 8495 802.2300 -826.3300 27 40896 368.3700 428.2300
-4.5091055461e+00 2.3693987708e+00 1.7684395695e+00
166 163 158
2 11 56 -865.3500 522.6500 34 14 -755.4700 219.9400
2.9826932130e+00 2.8250587902e+00 5.4990573837e+00
161 153 149
2 11 58 720.7700 609.0100 34 59 735.3800 243.8600
-3.2579495882e+00 3.5021980536e+00 2.6373856245e+00
173 167 156
2 11 61 -650.2800 749.8800 34 18 -532.7900 409.4399
1.2728664474e+00 6.1138807468e-01 1.7541555243e+00
112 107 102
2 11 103 7.3400 -53.5900 34 32 62.4800 -381.3600
3.2042216797e+00 3.6690874826e-01 3.2654095691e+00
189 182 172
2 11 104 489.5000 -51.5900 34 30 547.8000 -386.2100
-1.5164710905e+00 5.1618309676e-01 7.9321863535e-01
161 159 146
2 11 106 -516.0100 2.1899 34 36 -451.1700 -311.4800
-4.2128256058e+00 1.3724185066e+00 1.2855792328e+00
182 178 175
2 11 120 -837.7700 307.2200 34 43 -744.1300 20.2800
3.2710079956e+00 2.1001313377e+00 5.0723683744e+00
189 186 181
3 11 128 710.9600 418.2600 34 46 743.8199 69.0100 54 45 945.4399 213.8500
-4.9003335483e+00 2.0086273490e+00 1.6317181984e+00
183 182 178
2 11 132 -910.4000 460.4399 34 52 -797.2600 179.0800
-2.3384731661e+00 2.6345047185e+00 1.9972850344e+00
141 140 137
2 11 134 -565.4700 499.5500 34 50 -472.1200 172.1600
-3.1500427144e+00 2.7476996158e+00 2.1008883329e+00
186 185 180
2 11 142 -669.7800 560.4900 34 58 -563.3200 241.1700
2.6268949116e+00 3.1782856219e+00 5.4456176227e+00
211 203 189
2 11 147 654.8899 693.7400 34 153 670.5100 314.7800
2.6268949116e+00 3.1782856219e+00 5.4456176227e+00
211 203 189
2 11 148 654.8899 693.7400 34 154 670.5100 314.7800
-2.6298124235e+00 3.6173533935e+00 2.7723356689e+00
135 128 113
3 11 149 -550.4900 761.2100 34 67 -437.1100 409.4200 17 115 -350.3000 -778.9900
-1.5150117488e+00 3.9039613256e+00 3.2105827334e+00
154 147 136
2 11 151 -334.6400 820.3400 34 163 -241.5700 443.4800
3.5538040246e+00 8.1643752804e-01 4.1595037845e+00
194 188 172
3 11 252 647.3701 86.6899 34 101 699.6100 -241.1800 50 268 128.4500 193.6300
3.8344875712e+00 7.3241503421e-01 4.7172291322e+00
182 177 174
2 11 254 744.7100 113.1300 34 39 802.0300 -213.8200
-3.7138770788e+00 5.5891938378e-01 8.6767485641e-01
183 179 170
2 11 256 -790.5700 127.9000 34 108 -709.4000 -159.6900
-3.8553473257e+00 4.5774323711e-01 9.4315460864e-01
183 179 170
3 11 257 -790.5700 127.9000 34 109 -709.4000 -159.6900 64 261 -309.5900 -56.3400
-8.9471011480e-01 1.4383266004e+00 1.0941124313e+00
70 58 46
2 11 258 -426.2300 139.4299 34 105 -359.4700 -184.4900
3.6209250889e+00 1.0629059567e+00 4.3773577315e+00
65 57 44
3 11 259 689.4600 147.4900 34 102 735.7000 -187.3000 54 110 948.1201 -130.9800
3.6209250889e+00 1.0629059567e+00 4.3773577315e+00
65 57 44
3 11 260 689.4600 147.4900 34 103 735.7000 -187.3000 54 111 948.1201 -130.9800
1.5497803647e+00 1.7213056712e+00 2.2983774447e+00
185 174 152
2 11 263 105.4301 165.7600 34 106 150.1700 -172.5500
1.5580769364e+00 1.7338472368e+00 2.2817515335e+00
185 174 152
3 11 264 105.4301 165.7600 34 107 150.1700 -172.5500 50 282 -54.5100 251.9500
3.1386283427e+00 1.4630310779e+00 4.1254528058e+00
164 160 151
2 11 268 580.4299 216.6100 34 110 624.1600 -121.1100
3.1386283427e+00 1.4630310779e+00 4.1254528058e+00
164 160 151
2 11 269 580.4299 216.6100 34 111 624.1600 -121.1100
2.2193471918e+00 1.9081862912e+00 3.0415186343e+00
68 55 39
4 11 270 305.6500 238.2500 34 113 344.5200 -107.3100 54 115 444.9200 -83.3000 50 288 17.4900 266.8200
2.6553788887e+00 2.0723750080e+00 4.0557758175e+00
156 152 143
4 11 278 494.1899 344.6100 34 121 529.9500 -2.5200 54 124 672.1100 84.7600 50 293 88.3300 290.9900
1.1193782954e+00 2.5051461498e+00 2.4195130697e+00
173 162 144
3 11 279 38.8101 349.6300 34 120 82.1200 -8.4300 54 119 113.4100 13.4900
-2.7086017673e+00 2.1752651095e+00 1.6076352175e+00
159 157 151
3 11 282 -648.9700 398.5901 34 125 -555.0300 89.4500 64 287 -257.8400 62.0900
2.3651043565e+00 2.4125488731e+00 3.9978877260e+00
185 177 165
2 11 284 441.1000 418.3401 34 124 475.1801 64.4500
-3.6943322594e+00 2.1832248621e+00 1.7222500109e+00
174 173 168
2 11 285 -761.5100 452.4399 34 131 -658.3000 149.8600
-1.1794325960e+00 2.7256132581e+00 2.0934343706e+00
144 134 125
2 11 286 -387.2700 473.1100 34 129 -304.8300 133.0100
-1.1794325960e+00 2.7256132581e+00 2.0934343706e+00
144 134 125
2 11 287 -387.2700 473.1100 34 130 -304.8300 133.0100
2.2531954315e+00 2.6776972594e+00 4.1637102781e+00
87 75 66
2 11 289 441.2400 493.4299 34 240 474.0800 129.7200
-1.9019704543e+00 2.7620633557e+00 2.1351579852e+00
58 49 39
2 11 290 -491.1800 514.6500 34 137 -398.7100 182.3700
-1.9019704543e+00 2.7620633557e+00 2.1351579852e+00
58 49 39
2 11 291 -491.1800 514.6500 34 138 -398.7100 182.3700
-1.3629923663e+00 3.1808613451e+00 2.4814140689e+00
59 48 31
2 11 297 -382.4600 604.5801 34 143 -292.7000 252.6200
6.5952148568e-01 3.4969595523e+00 3.5236170840e+00
150 143 115
2 11 304 80.0500 677.9700 34 151 130.0000 294.3400
8.5888787898e-01 3.6478827497e+00 3.9500675310e+00
154 151 134
3 11 308 164.7300 738.7600 34 157 209.0000 349.2100 54 147 230.8300 499.3201
-1.1082145599e+00 3.8594707018e+00 3.2304782778e+00
86 72 57
2 11 315 -266.3500 799.3700 34 162 -179.6800 418.5900
1.0360358019e-01 4.2048711152e+00 4.1861160778e+00
194 185 181
3 11 318 54.5300 910.5400 34 268 109.5699 502.1200 25 428 524.8400 -903.7400
-1.4433783817e+00 4.2085729524e+00 3.5352132283e+00
89 75 70
2 11 319 -290.1801 910.2500 34 170 -198.7800 518.4299
2.1498428056e+00 5.6229629246e-01 2.2575455201e+00
194 190 183
5 11 393 206.2000 -61.3199 34 200 260.4200 -393.9100 50 418 -23.7400 165.3500 58 58 161.5900 310.9600 64 415 108.7900 -105.0300
-2.3107013725e+00 -1.4665168322e-01 7.3956938244e-01
89 78 67
2 11 398 -596.5900 -53.3600 34 202 -533.6400 -356.1500
-5.4106372219e+00 -1.0974739260e+00 3.2063284282e-01
190 187 178
2 11 399 -955.3800 -54.7500 34 206 -893.5200 -325.8900
-5.4106372219e+00 -1.0974739260e+00 3.2063284282e-01
190 187 178
2 11 400 -955.3800 -54.7500 34 207 -893.5200 -325.8900
-3.2837848360e+00 -1.3422949510e-01 6.9774508616e-01
169 163 141
3 11 407 -724.0000 -3.9000 34 211 -654.5900 -295.8700 64 417 -282.4300 -104.9300
9.6899601377e-01 9.3230902595e-01 1.8059434836e+00
173 172 168
5 11 408 -39.6700 19.6700 34 208 18.8800 -309.0601 50 434 -102.7000 202.0400 64 430 4.0500 -70.0700 59 3240 -95.9399 1044.8799
3.2795474093e+00 8.2768635991e-01 3.7493607048e+00
170 166 155
3 11 410 557.4500 64.9000 34 212 609.6700 -267.8400 50 428 98.3000 190.7900
-2.1763440403e+00 7.0490278981e-01 8.8682311893e-01
179 174 155
2 11 416 -601.2600 73.5699 34 320 -528.7200 -231.3800
1.2794436621e+00 1.3925895558e+00 2.0448618579e+00
179 175 164
2 11 417 32.3500 99.8600 34 213 83.8199 -233.9600
-3.1519286266e-01 1.5264982380e+00 1.2165977679e+00
172 166 150
2 11 422 -325.7600 132.5601 34 215 -263.5300 -195.4400
3.6480517798e+00 1.1829861076e+00 4.6629717604e+00
186 182 173
3 11 426 721.2100 191.5200 34 221 767.5400 -136.5700 50 437 156.5200 224.0300
2.9143638110e+00 1.4876271254e+00 3.6754739939e+00
166 158 146
2 11 427 496.2800 188.5400 34 218 537.1899 -150.2300
-1.8287351218e+00 1.4476422324e+00 1.1946923247e+00
175 167 153
2 11 428 -546.6000 199.7600 34 225 -471.0100 -114.4500
2.5283555017e+00 1.9804606204e+00 3.6295369340e+00
165 159 145
2 11 437 427.1300 293.2300 34 230 464.2100 -53.1300
2.0888284102e+00 2.1079486520e+00 3.1537104885e+00
150 147 140
2 11 438 296.4399 292.7400 34 231 335.1100 -55.0900
-1.3646161931e-01 2.7659726309e+00 2.1258770930e+00
146 135 109
2 11 449 -217.6801 437.3201 34 350 -153.7300 82.4200
-9.5616314146e-01 2.6232055978e+00 2.0208393354e+00
155 149 137
2 11 450 -357.3600 436.8301 34 351 -281.2300 96.8800
1.1075821344e+00 2.8156414567e+00 2.9029943910e+00
120 113 98
2 11 454 92.1801 456.6899 34 237 135.1801 94.8600
-1.5161511218e+00 2.6795944972e+00 2.0291834074e+00
187 186 181
3 11 459 -444.8500 471.8101 34 244 -359.7500 139.2400 64 294 -175.3600 107.8200
-7.7463305168e-01 2.8333545121e+00 2.1954989762e+00
153 144 124
2 11 463 -313.7600 485.2800 34 354 -238.8200 137.2000
-7.7463305168e-01 2.8333545121e+00 2.1954989762e+00
153 144 124
2 11 464 -313.7600 485.2800 34 355 -238.8200 137.2000
1.5494319650e+00 2.8455742754e+00 3.4387912764e+00
140 133 123
2 11 466 232.9301 492.0500 34 241 272.1100 126.8800
1.5494319650e+00 2.8455742754e+00 3.4387912764e+00
140 133 123
2 11 468 232.9301 492.0500 34 242 272.1100 126.8800
1.3156932328e+00 2.9687675340e+00 3.3551099976e+00
142 133 118
2 11 470 181.7500 520.0500 34 357 221.5699 153.3100
1.0520972940e+00 3.1541671440e+00 3.2946046142e+00
139 132 122
2 11 472 125.8700 567.4099 34 245 169.8900 192.8200
1.2917474631e+00 3.2201041707e+00 3.7527936756e+00
183 177 168
2 11 475 221.3199 610.6599 34 248 263.6600 234.3800
8.9371861678e-01 3.2997101333e+00 3.4418205667e+00
77 64 55
2 11 477 112.8700 617.8500 34 250 161.2200 240.1000
-2.4923119691e-01 3.3496152131e+00 2.7703253664e+00
75 60 45
3 11 480 -168.3600 620.0100 34 253 -100.6800 250.5300 54 258 -165.0900 335.1100
6.7610545789e-01 -5.7816082195e-01 1.2215787474e+00
177 177 175
3 11 573 -126.1801 -240.1600 34 291 -62.2700 -564.7000 64 606 -35.1500 -185.3800
1.6668360988e+00 -8.0644585403e-02 1.7873129632e+00
171 172 166
2 11 581 77.7800 -176.7200 34 294 140.8300 -503.9200
-3.2820377499e+00 -1.2229841312e+00 4.4404081874e-01
148 148 148
2 11 583 -703.6200 -167.9100 34 300 -645.0400 -460.6400
-2.6052063261e+00 -7.7455988442e-01 5.3044597626e-01
189 186 181
2 11 590 -634.1500 -138.5300 34 198 -572.4300 -441.6200
-3.5140944839e+00 -8.6879405973e-01 4.6050392963e-01
176 174 161
2 11 593 -745.7300 -108.3600 34 305 -683.1700 -401.7300
-4.9415808389e+00 -1.0354621479e+00 3.8113542968e-01
186 187 190
2 11 600 -903.2300 -68.3900 34 310 -839.8500 -337.3600
-4.1261278220e+00 -1.4554076794e-01 6.5555343601e-01
167 164 155
2 11 609 -827.1600 31.7800 34 315 -755.0500 -250.0700
-4.1261278220e+00 -1.4554076794e-01 6.5555343601e-01
167 164 155
2 11 610 -827.1600 31.7800 34 316 -755.0500 -250.0700
-1.1970605821e+00 9.9083980062e-01 9.6792825595e-01
111 102 88
2 11 613 -468.0000 71.8500 34 317 -402.0400 -244.6900
-1.3206459973e+00 1.2232851546e+00 1.1132353320e+00
146 140 126
2 11 620 -475.2900 128.4800 34 321 -406.8300 -187.2500
2.9292374050e+00 1.2657757605e+00 3.5935755600e+00
77 61 53
4 11 622 484.2900 141.6300 34 476 531.3199 -193.1000 54 323 684.7000 -170.7100 50 669 76.4600 221.9700
3.3807956353e+00 1.1374021658e+00 4.1550292542e+00
184 178 166
3 11 623 622.5701 149.5300 34 322 668.4800 -181.4100 54 324 864.4900 -135.8500
-2.7598014047e+00 9.5714692382e-01 1.0522108401e+00
182 175 165
2 11 626 -667.0900 155.3101 34 327 -587.8400 -142.5400
1.3634457813e+00 1.7550910944e+00 2.1243922632e+00
177 171 166
3 11 627 50.6700 165.0901 34 323 101.1899 -174.1600 51 3588 5.1700 -429.7300
-1.2435440587e+00 1.4330394749e+00 1.1804633066e+00
157 147 127
2 11 628 -465.3400 164.4299 34 325 -393.8300 -153.5900
2.7352024409e+00 1.5452378209e+00 3.5651781919e+00
104 88 72
4 11 629 450.8700 197.3201 34 328 492.3600 -142.4000 54 327 633.1700 -104.3300 50 445 66.5700 242.2400
-4.4931607717e+00 9.1307286236e-01 1.0870742218e+00
171 166 159
3 11 632 -870.5100 234.0601 34 336 -782.3200 -46.0900 64 660 -342.9600 -19.8200
2.3631918658e+00 2.0753633397e+00 3.4638888027e+00
100 85 63
2 11 644 380.4200 303.5300 34 334 417.0200 -45.1500
2.3631918658e+00 2.0753633397e+00 3.4638888027e+00
100 85 63
2 11 645 380.4200 303.5300 34 335 417.0200 -45.1500
3.5400794244e+00 1.8198149959e+00 5.1558524796e+00
163 156 148
3 11 655 764.0701 358.7900 34 341 800.0900 17.7400 50 691 178.7200 277.9900
1.6349445947e+00 2.4878914872e+00 2.9729860308e+00
87 74 58
2 11 657 194.8800 373.0000 34 343 235.2000 14.8600
-1.8267160952e+00 2.4193083201e+00 1.8025921821e+00
174 164 137
3 11 662 -510.5100 418.7300 34 352 -422.2200 94.0400 64 690 -201.7300 82.0400
-5.9497002850e+00 1.9792318633e+00 1.4872787123e+00
191 194 200
2 11 669 -1041.6100 486.3201 34 363 -927.5900 210.1600
3.8700364497e+00 2.1562624204e+00 6.1628775126e+00
129 117 105
2 11 670 924.4399 496.3800 34 356 949.1500 147.2100
-1.7089609759e+00 3.0790728580e+00 2.4328321174e+00
187 187 187
2 11 673 -436.2600 592.2500 34 369 -343.6600 249.9000
2.0810528966e+00 3.0637145753e+00 4.5737362780e+00
74 62 50
2 11 676 457.1801 615.9299 34 368 488.1300 243.3900
1.0382316842e+00 3.3329124667e+00 3.6350815592e+00
168 158 133
2 11 677 162.3700 635.4299 34 370 206.3600 256.6100
1.0382316842e+00 3.3329124667e+00 3.6350815592e+00
168 158 133
2 11 678 162.3700 635.4299 34 371 206.3600 256.6100
-4.5854912347e+00 3.1680959893e+00 2.2881954196e+00
164 156 143
2 11 685 -851.3700 701.4399 34 556 -722.7800 388.1799
-1.1291661759e+00 3.6635330320e+00 3.0088271551e+00
172 161 147
2 11 689 -290.8700 739.9299 34 551 -207.7500 367.5400
-2.2703556210e-01 4.3118165985e+00 4.0452447634e+00
143 131 117
3 11 700 -22.2000 939.0901 34 571 41.5500 525.9399 17 741 117.7500 -592.3500
1.2623068091e+00 4.3211806982e+00 5.3017439690e+00
121 112 98
2 11 704 396.0699 986.8201 34 394 423.6300 561.8101
-5.9201669529e+00 -4.3003158310e+00 -2.3412413154e-01
42 38 35
2 11 789 -904.4700 -405.1700 34 278 -879.2000 -711.0200
-5.8158791951e+00 -3.4347910372e+00 -2.2419536470e-01
163 166 170
2 11 804 -937.6600 -333.6500 34 285 -902.7200 -621.1000
1.5352729595e+00 -4.8420773513e-01 1.4401833935e+00
182 181 177
3 11 810 23.9301 -261.1801 34 286 86.5300 -591.3500 50 613 -83.1200 98.8400
-1.7501920431e+00 -1.7444905906e+00 1.0057358470e+00
172 173 168
2 11 811 -430.9800 -253.0200 34 289 -377.5900 -573.6400
-2.5787741667e+00 -1.6768133630e+00 5.7414674761e-01
184 176 163
2 11 813 -585.0900 -242.5500 34 426 -531.2800 -553.9200
-1.3386023123e+00 -1.1020812111e+00 1.1206586204e+00
167 168 163
2 11 822 -387.4700 -187.5100 34 432 -332.3800 -510.6500
2.2293296928e+00 -8.0242558819e-02 2.1041680977e+00
183 182 178
3 11 824 201.9100 -179.8800 34 433 264.2700 -509.0500 50 1019 -24.7000 123.7900
1.8296747307e+00 7.7969082416e-02 1.9283939507e+00
137 133 123
4 11 827 116.5000 -148.8700 34 435 180.0300 -478.7600 50 1028 -51.9500 135.4000 58 162 105.5000 257.3400
1.6900285165e+00 2.3083725834e-01 1.8933028743e+00
200 200 197
4 11 836 90.6400 -120.4900 34 663 152.4200 -451.3199 50 1044 -61.7600 146.8500 58 174 88.2800 278.1400
1.4553788219e+00 2.0083457264e-01 1.8064903989e+00
193 193 191
3 11 837 45.8600 -119.2400 34 442 105.9000 -448.4600 64 626 37.3900 -132.7200
-3.6860837004e+00 -5.3975335975e-01 5.2963188719e-01
134 126 123
2 11 842 -773.6200 -54.2100 34 455 -705.9100 -339.2800
3.4463126629e+00 3.0620413964e-01 3.5805162356e+00
110 101 94
3 11 843 562.3301 -45.9500 34 449 622.5400 -374.2900 50 1050 95.9300 155.0300
-2.5387824059e+00 -1.2805960096e-01 6.7142876794e-01
172 166 152
2 11 844 -636.4800 -44.4700 34 452 -570.8800 -346.1801
1.0233102565e+00 7.7814771832e-01 1.6695699771e+00
173 168 161
5 11 846 -45.6600 -20.4301 34 451 10.6700 -349.8400 50 653 -106.0100 186.7300 58 179 8.8400 357.4600 39 9 -366.3800 -162.1500
-6.0571417210e-01 8.7870807817e-01 8.3543307165e-01
179 170 154
3 11 849 -396.4800 7.5400 34 460 -336.6400 -314.2200 50 663 -228.8600 209.0000
-2.3694737706e+00 3.0077210032e-01 8.0560026083e-01
167 164 156
2 11 850 -616.9900 17.5800 34 461 -548.6500 -284.2600
-3.1596016411e+00 1.3360842690e-01 7.5843058471e-01
178 174 162
2 11 853 -714.0500 30.8800 34 463 -643.2500 -262.2000
2.9126633026e+00 1.0955353862e+00 3.2396833179e+00
163 154 137
2 11 861 445.9200 80.0300 34 697 491.8000 -260.1400
-4.7459291187e-01 1.2754006978e+00 1.0280131517e+00
153 153 146
2 11 862 -365.7100 82.1500 34 468 -304.8300 -243.2900
2.4037743619e+00 1.3203891139e+00 2.6711886236e+00
180 179 175
3 11 864 297.5699 89.6600 34 465 338.6000 -253.6500 50 1099 8.5900 215.2400
-1.7843362659e+00 1.5701360910e+00 1.3052699291e+00
164 161 146
2 11 885 -531.1100 226.2400 34 482 -453.6300 -87.1400
3.3161034668e+00 1.4793333112e+00 4.5392224981e+00
209 209 211
2 11 890 652.6201 248.6100 34 483 696.9200 -85.2900
3.3161034668e+00 1.4793333112e+00 4.5392224981e+00
209 209 211
2 11 891 652.6201 248.6100 34 484 696.9200 -85.2900
-1.3495163916e+00 1.9604478868e+00 1.5341651501e+00
76 55 39
2 11 897 -454.8500 291.1100 34 488 -378.6600 -31.5100
1.9083219193e+00 2.2014803373e+00 3.0635180205e+00
86 73 56
4 11 900 254.4800 310.4900 34 487 293.2700 -42.1300 54 486 371.8900 2.5000 50 697 2.5200 296.1600
-7.6682474426e-01 2.1663834456e+00 1.6799369113e+00
136 123 104
2 11 901 -356.3900 311.5000 34 492 -285.1400 -20.1400
-7.6682474426e-01 2.1663834456e+00 1.6799369113e+00
136 123 104
2 11 902 -356.3900 311.5000 34 493 -285.1400 -20.1400
1.7273352014e+00 2.3193566314e+00 2.9348174998e+00
150 143 127
2 11 907 207.1200 330.7300 34 758 247.6100 -21.8400
1.7273352014e+00 2.3193566314e+00 2.9348174998e+00
150 143 127
2 11 908 207.1200 330.7300 34 759 247.6100 -21.8400
-3.8819029465e+00 1.6016539510e+00 1.4090017123e+00
62 52 43
2 11 911 -794.7000 338.1400 34 503 -698.5100 47.1200
-3.4560801646e-01 2.4291104790e+00 1.8656735414e+00
82 66 48
2 11 914 -274.5200 356.7900 34 497 -209.3900 14.4900
2.1057266246e+00 2.3144752130e+00 3.4670772200e+00
101 88 69
3 11 915 334.5100 361.4800 34 496 372.1000 8.1300 50 699 33.8900 307.8700
1.7910497951e+00 2.4564076572e+00 3.0749385844e+00
131 119 102
2 11 916 235.8400 368.7800 34 773 272.6300 11.2000
3.7373581518e+00 1.7713203638e+00 5.6554009570e+00
76 63 59
2 11 923 839.8101 384.7600 34 779 878.7900 45.9800
1.4257829577e+00 2.5452885513e+00 2.8760360350e+00
165 158 151
2 11 924 146.4600 384.1300 34 499 187.9399 27.9100
-1.4726317801e-01 2.6055360539e+00 2.0366157796e+00
81 64 49
2 11 929 -225.6200 396.7300 34 502 -162.9400 48.1400
1.8997811959e+00 2.5170817686e+00 3.4331963679e+00
110 94 78
2 11 933 295.2400 408.0000 34 504 332.3000 51.8100
-4.6408032075e+00 1.9178625547e+00 1.6049647368e+00
182 180 181
2 11 936 -876.6400 434.9299 34 518 -770.5500 149.5200
1.6569960207e+00 2.7077213848e+00 3.3600872694e+00
99 83 64
2 11 939 243.6801 451.3401 34 509 281.6500 90.0900
-6.5061216746e-02 2.8222389558e+00 2.2178962243e+00
150 136 119
3 11 940 -197.5100 451.4299 34 789 -131.6700 98.8200 54 794 -184.1000 134.5100
-1.4731052529e+00 2.6252564692e+00 2.0486549402e+00
184 184 176
2 11 942 -433.6600 462.0400 34 515 -347.2200 129.4300
1.4370864797e+00 2.8538971725e+00 3.2977826973e+00
93 79 66
2 11 947 197.0000 485.8401 34 512 236.2700 121.1300
-1.7829644905e+00 2.7824782545e+00 2.0620812989e+00
65 53 42
3 11 955 -485.7900 506.6000 34 525 -394.7300 174.0100 64 1013 -193.2500 119.0700
-8.5533724402e-01 2.9774634901e+00 2.3899333012e+00
99 86 69
2 11 964 -306.4200 532.9800 34 823 -227.8300 183.7400
-1.4974244760e+00 3.0785139843e+00 2.4428382952e+00
109 94 76
2 11 970 -403.4200 584.3700 34 534 -312.9800 239.7200
7.5715235868e-01 3.3278211325e+00 3.3346523681e+00
75 58 42
2 11 976 76.4301 620.5800 34 536 124.9200 242.6100
7.5715235868e-01 3.3278211325e+00 3.3346523681e+00
75 58 42
2 11 977 76.4301 620.5800 34 537 124.9200 242.6100
-1.0107694017e+00 3.4458917877e+00 2.7777528750e+00
105 91 78
4 11 981 -299.3500 667.4299 34 543 -213.9700 304.9200 17 711 -130.9301 -854.5601 64 1040 -116.7900 197.7600
3.0947981404e+00 3.0055913480e+00 5.9216138013e+00
162 153 132
2 11 982 784.0300 678.6100 34 542 797.9301 303.6100
4.5270322217e-01 3.5461990436e+00 3.3822659886e+00
162 153 142
3 11 983 25.1000 686.1200 34 847 79.6899 301.8300 54 853 69.2400 415.9900
2.6266877378e+00 3.1953254058e+00 5.4863905823e+00
207 199 176
2 11 984 658.1201 701.1400 34 849 675.4200 320.5100
-1.9126651896e+00 3.5620347216e+00 2.8283254501e+00
197 195 189
2 11 989 -434.6100 730.7200 34 552 -334.5400 373.1899
-4.3487972483e+00 3.3461172932e+00 2.4229072604e+00
140 132 121
2 11 991 -814.0700 737.1000 34 561 -684.6600 415.8900
7.8667950342e-01 3.6658602372e+00 3.8907339753e+00
183 182 174
3 11 992 145.6700 741.5500 34 549 192.2900 350.9000 54 543 204.6899 497.2100
1.5817861934e+00 3.6986094445e+00 4.8859021529e+00
88 79 62
3 11 1001 404.3600 799.5500 34 559 433.5400 403.8201 54 556 508.2000 611.4700
-1.4125661930e+00 3.8497040466e+00 3.1925360376e+00
169 163 163
3 11 1002 -318.7900 802.0300 34 870 -226.3500 427.8000 17 724 -146.2800 -727.8600
-3.8388122206e+00 3.7589679479e+00 2.7491926995e+00
64 55 48
3 11 1003 -726.8900 825.3201 34 566 -596.2000 484.1500 17 1133 -498.8200 -732.4399
2.3999259405e+00 3.6832486015e+00 5.7823738013e+00
216 220 223
2 11 1006 654.7200 839.6100 34 873 666.2700 439.5100
1.3928065198e+00 3.8988240426e+00 4.9496759619e+00
173 168 164
2 11 1010 377.3101 856.8101 34 876 410.4800 453.4299
2.0923748297e+00 3.8421578781e+00 5.5726675768e+00
147 137 127
3 11 1012 577.8401 869.9700 34 879 593.3101 463.8700 71 730 674.0800 -480.6899
-2.7975647154e+00 4.2294667226e+00 3.2656668377e+00
185 181 169
2 11 1020 -534.7800 931.8301 34 890 -415.8200 557.5300
-2.7975647154e+00 4.2294667226e+00 3.2656668377e+00
185 181 169
2 11 1021 -534.7800 931.8301 34 891 -415.8200 557.5300
-3.2045846350e-01 4.7762886484e+00 4.4706936051e+00
193 189 185
4 11 1032 7.7500 1084.4600 34 1387 70.6899 647.0900 17 1157 142.6899 -467.4399 71 742 342.1300 -414.5400
-4.8747958085e+00 -3.4437176045e+00 -2.2936232804e-02
153 154 158
2 11 1133 -824.5200 -363.9600 34 415 -787.1900 -664.4700
2.2198462970e+00 -8.3368183227e-01 1.8503794652e+00
96 92 83
2 11 1143 176.4200 -308.7900 34 602 244.7200 -644.7000
2.0389362763e+00 -7.3887832384e-01 1.7911807085e+00
189 191 190
4 11 1144 142.2700 -290.7700 34 419 208.7500 -624.7100 50 983 -47.0100 87.6400 64 844 75.2200 -206.6800
-3.1831194173e+00 -2.1040186015e+00 4.5603436746e-01
179 179 171
2 11 1146 -649.9800 -269.8800 34 614 -600.2600 -576.4200
-3.1831194173e+00 -2.1040186015e+00 4.5603436746e-01
179 179 171
2 11 1147 -649.9800 -269.8800 34 615 -600.2600 -576.4200
2.7348672724e+00 -5.3214788975e-01 2.2746440020e+00
186 185 181
2 11 1152 304.2600 -258.2200 34 612 369.2100 -592.7100
1.8594547146e+00 -5.5122878625e-01 1.7685956033e+00
191 190 185
6 11 1153 111.6899 -256.6400 34 613 177.5500 -586.8101 50 2425 -56.3000 100.3900 64 1841 60.6300 -192.4700 51 15479 12.1000 -526.0200 59 16961 -57.4600 950.4299
2.4405763128e+00 -3.7145763450e-01 2.1603078930e+00
158 151 145
4 11 1164 242.5800 -227.8700 34 425 309.7400 -560.8600 50 1003 -12.6000 106.0700 64 1250 119.1400 -180.4600
1.4920970883e+00 -3.9242218029e-01 1.6376789874e+00
99 96 88
3 11 1166 37.3300 -224.2700 34 619 102.8400 -551.6801 51 10102 -1.5300 -519.6700
-2.4316160270e+00 -1.2704977360e+00 5.2068199031e-01
86 77 61
2 11 1175 -592.6700 -210.7900 34 632 -534.7600 -516.6700
3.7010800625e+00 -5.4083706509e-01 3.6089956309e+00
85 82 77
2 11 1186 593.0601 -183.1100 34 636 668.7100 -509.4100
1.5242286754e+00 -7.1546326579e-02 1.7118360691e+00
180 180 180
3 11 1193 46.8400 -173.3000 34 640 110.4600 -501.8600 50 1022 -74.9500 129.0000
3.0425320417e+00 -7.4597793438e-02 2.6915649755e+00
145 144 139
3 11 1194 402.5000 -167.8199 34 637 460.5900 -504.1500 50 1603 37.2000 122.3400
-3.6920354746e+00 -1.3494274357e+00 4.0534772970e-01
169 167 156
2 11 1198 -748.2000 -161.7000 34 661 -691.5100 -456.7900
3.6387155709e+00 -3.4400951748e-01 3.5312041068e+00
174 171 166
4 11 1199 578.7400 -159.9301 34 647 651.8101 -486.9399 27 7610 382.6801 145.4500 77 4797 232.7100 -483.4301
3.9115320230e+00 -5.5690274203e-01 4.0498921836e+00
176 170 158
2 11 1200 665.1699 -153.7900 34 437 747.6899 -475.8700
2.9523140189e+00 2.1241197848e-02 2.6315121994e+00
187 186 181
3 11 1201 381.2700 -155.0699 34 648 438.4600 -489.8300 50 1625 30.5900 128.6200
-5.1842991848e+00 -1.7341244792e+00 1.6912774415e-01
178 176 172
2 11 1203 -917.4000 -154.6801 34 665 -862.8100 -429.1000
3.0690758731e+00 7.2432227213e-02 2.7743848687e+00
180 179 177
3 11 1207 417.3600 -138.5699 34 656 472.4301 -475.6300 50 1025 42.1200 131.1800
4.6085656933e+00 -7.6735001740e-01 5.1640897571e+00
172 168 158
2 11 1211 869.1799 -113.5500 34 447 965.0500 -429.7600
4.2599441938e+00 -5.0576704180e-01 4.6770170803e+00
190 183 167
2 11 1213 779.4299 -104.8000 34 667 865.0900 -423.0601
3.4508880638e+00 6.5943179936e-02 3.4281174097e+00
51 46 42
