# Bundle file v0.3
90 10724
0 0 0
0 0 0
0 0 0
0 0 0
0 0 0
2.2669699575e+04 -2.8859564204e-02 -7.9366902363e-05
-8.5332856030e-01 4.7102793427e-02 -5.1924146120e-01
-2.9059273611e-03 -9.9632486566e-01 -8.5605593627e-02
-5.2136544167e-01 -7.1540819995e-02 8.5032934050e-01
1.1241944514e+01 1.9232501243e+01 8.1431175177e+02
1.8631190968e+03 -1.8646795686e-01 5.4138148627e-01
9.7002982499e-01 2.4089065638e-02 2.4178886565e-01
-1.1373114376e-01 9.2435653294e-01 3.6418433101e-01
-2.1472625730e-01 -3.8076858711e-01 8.9939308286e-01
8.7669885942e-03 -1.7612455663e+01 -6.6358886258e+01
1.5690297885e+03 2.2166743008e-02 -9.8705790398e-02
9.9356321042e-01 4.9192807885e-02 1.0204025943e-01
-6.9549600422e-02 9.7592581186e-01 2.0671638258e-01
-8.9414763730e-02 -2.1248265199e-01 9.7306532290e-01
3.4054164375e+00 -3.8969444204e+00 -2.3940571851e+01
2.5260251459e+03 3.6339307038e-01 -6.6726949200e-01
9.2714592579e-01 6.1535992699e-02 3.6961297852e-01
-2.5038935381e-01 8.3559373780e-01 4.8896653960e-01
-2.7875724885e-01 -5.4589048989e-01 7.9012528707e-01
-1.4150328467e+01 -3.8924688572e+01 -9.6534418219e+01
1.5113082843e+03 2.5374123639e-01 8.3705488483e-02
8.6012836398e-01 -4.6410861016e-02 5.0796183858e-01
-7.0180127576e-02 9.7561337981e-01 2.0797423599e-01
-5.0522662951e-01 -2.1453336599e-01 8.3589562011e-01
-1.8320087275e+01 -1.2699534074e+01 -1.3161621829e+02
1.2267465527e+04 2.1677171333e+00 3.7558453074e-02
9.2795102611e-01 -2.8469877374e-02 3.7161318494e-01
6.0117179634e-03 9.9809183589e-01 6.1453611573e-02
-3.7265366278e-01 -5.4791908258e-02 9.2635149614e-01
5.3928615548e+00 6.1432015433e+00 -3.0014690016e+02
0 0 0
0 0 0
0 0 0
0 0 0
0 0 0
0 0 0
0 0 0
0 0 0
0 0 0
0 0 0
0 0 0
0 0 0
0 0 0
0 0 0
0 0 0
5.9562515835e+02 2.9181359619e-02 -7.3384495678e-02
-7.9446655639e-01 1.3668986488e-01 -5.9172525011e-01
-1.7665335536e-01 -9.8422412446e-01 9.8216534126e-03
-5.8104774573e-01 1.1233322605e-01 8.0607987415e-01
3.2861356703e+00 1.2075163073e+01 1.1372846881e+01
-1.5480896202e+03 6.2503827399e-01 -6.3158126119e-01
8.2057703779e-01 -9.8391240415e-02 5.6300309844e-01
-3.2354510445e-01 7.3206180885e-01 5.9950318882e-01
-4.7113892902e-01 -6.7409544712e-01 5.6887910643e-01
-1.9414312054e+00 -1.2556335007e+00 8.3584030705e+00
0 0 0
0 0 0
0 0 0
0 0 0
0 0 0
4.9174149684e+03 -1.2971683163e-01 7.3104282807e-02
9.1188274104e-01 -2.5200056844e-02 4.0967648666e-01
-1.8421201117e-01 8.6681757004e-01 4.6335001372e-01
-3.6679122335e-01 -4.9798821011e-01 7.8579382860e-01
-1.4973662282e+01 -2.9663993164e+01 -6.6178428972e+01
0 0 0
0 0 0
0 0 0
0 0 0
0 0 0
2.8596552955e+03 -1.7132712221e-01 -5.7773200859e-02
9.4927008891e-01 3.0573697216e-02 3.1297211911e-01
-1.3218750364e-01 9.4185472727e-01 3.0892739697e-01
-2.8532921719e-01 -3.3462654073e-01 8.9811598141e-01
-4.3729694223e+00 -1.7322247336e+01 -8.1665198738e+01
0 0 0
0 0 0
0 0 0
0 0 0
0 0 0
3.9284320635e+03 1.1910575389e-01 1.2890178897e-01
-6.6861498148e-01 3.1210853626e-01 -6.7493871436e-01
-9.0581541441e-03 -9.1100410639e-01 -4.1229779043e-01
-7.4355360021e-01 -2.6955478060e-01 6.1193812095e-01
9.0616702762e-01 8.3802532910e+00 1.7492633863e+01
0 0 0
0 0 0
0 0 0
0 0 0
0 0 0
0 0 0
0 0 0
0 0 0
0 0 0
0 0 0
0 0 0
0 0 0
0 0 0
0 0 0
0 0 0
0 0 0
0 0 0
0 0 0
0 0 0
0 0 0
5.9228117800e+04 -1.7018407162e-01 -8.3557802498e-05
9.4622988185e-01 -1.4753021071e-02 3.2315841173e-01
-5.0480641769e-02 9.7998790583e-01 1.9254975783e-01
-3.1953202580e-01 -1.9850957862e-01 9.2654909837e-01
1.6143459621e+01 -1.1343112572e+01 -2.4292336451e+03
0 0 0
0 0 0
0 0 0
0 0 0
0 0 0
1.8025989718e+03 -2.7956860940e-01 4.0675079467e-01
9.5861085404e-01 5.5710329918e-02 2.7921602686e-01
-1.2753225303e-01 9.6080662140e-01 2.4614256175e-01
-2.5455992408e-01 -2.7156398033e-01 9.2814451980e-01
8.8700164569e+00 -1.9553377948e+01 -9.0533069412e+01
2.9878085650e+03 1.2173963430e+00 2.6319979572e-01
-5.7036492846e-01 2.9465019822e-01 -7.6672361974e-01
-2.3342337951e-01 -9.5310354654e-01 -1.9263217665e-01
-7.8752611022e-01 6.9100580816e-02 6.1239508118e-01
-9.0109190312e-01 1.0209461455e+01 1.7610973692e+01
0 0 0
0 0 0
0 0 0
0 0 0
0 0 0
7.0471658927e+02 -8.9783860614e-02 5.5989014242e-01
-8.4672815562e-01 -2.0257793268e-02 -5.3163996492e-01
3.0664922522e-01 -8.3517178716e-01 -4.5656799997e-01
-4.3476163947e-01 -5.4961596387e-01 7.1337550358e-01
-3.2190176558e+00 -3.1080154289e+00 1.4476836779e+01
2.4244514907e+03 -4.7639869620e-02 1.0034192427e-01
9.8370720542e-01 5.6190674239e-02 1.7077102251e-01
-1.5896869058e-01 7.1549088181e-01 6.8029534282e-01
-8.3958855488e-02 -6.9635867638e-01 7.1276609376e-01
-9.5331695641e-01 -2.3635236335e+01 -3.9438466599e+01
2.0964374351e+03 -7.0692504200e-02 -6.4868445500e-03
-9.5690221174e-01 -4.7666278531e-02 -2.8647178406e-01
1.2026244638e-02 -9.9209589581e-01 1.2490437522e-01
-2.9016120797e-01 1.1607609315e-01 9.4991200329e-01
1.3799592250e+00 8.7346261588e+00 4.1494540546e+01
3.0675635916e+03 1.6193044504e-01 2.2051922401e-01
9.0631729581e-01 -1.0757114484e-02 4.2246093761e-01
-1.3063580050e-01 9.4358153689e-01 3.0428304400e-01
-4.0189954833e-01 -3.3096550836e-01 8.5377900263e-01
-6.8743249289e+00 -2.4231963456e+01 -1.7354063103e+02
0 0 0
0 0 0
0 0 0
0 0 0
0 0 0
0 0 0
0 0 0
0 0 0
0 0 0
0 0 0
0 0 0
0 0 0
0 0 0
0 0 0
0 0 0
-4.3180050331e+03 -4.5607098429e-01 -1.3677093207e-02
7.5230648556e-01 -1.7604315267e-01 6.3485727544e-01
-3.2753463929e-01 7.3616792193e-01 5.9226501735e-01
-5.7162576206e-01 -6.5350256244e-01 4.9616367162e-01
-1.6291479722e+00 -2.9396828014e+00 2.2581244995e+01
0 0 0
0 0 0
0 0 0
0 0 0
0 0 0
0 0 0
0 0 0
0 0 0
0 0 0
0 0 0
0 0 0
0 0 0
0 0 0
0 0 0
0 0 0
0 0 0
0 0 0
0 0 0
0 0 0
0 0 0
8.7871502850e+04 4.9288773953e-03 1.5584649103e-06
7.8948081227e-01 -1.2042224396e-01 6.0184593561e-01
3.8176866214e-02 9.8829989754e-01 1.4766800399e-01
-6.1258678890e-01 -9.3604463975e-02 7.8484114978e-01
-1.9831945903e+00 -1.1525089037e+00 -6.3578148225e+01
0 0 0
0 0 0
0 0 0
0 0 0
0 0 0
6.7718614770e+02 -2.5931101997e-01 1.1332811803e-01
-8.7559243126e-01 7.9893271059e-02 -4.7639790045e-01
3.3887920788e-01 -6.0122088378e-01 -7.2366727947e-01
-3.4423651286e-01 -7.9507893580e-01 4.9935028694e-01
1.5607798690e+00 2.0600954463e-01 5.0881584877e+00
0 0 0
0 0 0
0 0 0
0 0 0
0 0 0
0 0 0
0 0 0
0 0 0
0 0 0
0 0 0
1.5107687999e+03 -9.9064712637e-02 3.7960792462e-01
9.6865621309e-01 4.4601841241e-02 2.4436819882e-01
-1.4922795628e-01 8.9093349654e-01 4.2891551826e-01
-1.9858539197e-01 -4.5193824854e-01 8.6966410849e-01
-1.3803623379e+00 -1.6616657617e+01 -5.2272111161e+01
0 0 0
0 0 0
0 0 0
0 0 0
0 0 0
5.8750344974e+03 1.1366574831e-01 -1.2158918917e-02
9.1418210722e-01 -3.1458357646e-02 4.0408099011e-01
-2.2369427657e-01 7.9222114788e-01 5.6775568996e-01
-3.3798216737e-01 -6.0942269779e-01 7.1719734380e-01
-1.4721058227e+01 -4.0163566748e+01 -7.7836140445e+01
0 0 0
0 0 0
0 0 0
0 0 0
0 0 0
0 0 0
0 0 0
0 0 0
0 0 0
0 0 0
5.7954645633e+02 3.2334402909e-02 -1.2929504399e-01
9.5195382118e-01 -2.2009417615e-02 3.0544968141e-01
-1.0453908982e-01 9.1414674673e-01 3.9167244496e-01
-2.8784631496e-01 -4.0478551231e-01 8.6792464419e-01
-3.1684032889e+00 -1.5410611839e+01 -5.2464378970e+01
8.4806090193e+02 1.3877303358e-01 -4.7449912280e-01
7.0542460924e-01 -7.3786433649e-02 7.0493381455e-01
-1.1048773220e-01 9.7096091287e-01 2.1219652852e-01
-7.0012040516e-01 -2.2757519173e-01 6.7678722682e-01
-3.4171326477e+00 1.9569298097e+00 -1.3280814768e+01
1.6012425411e+03 2.2579559224e-01 -1.0689172939e+00
9.7459779015e-01 5.1025882877e-02 2.1807225113e-01
-1.3080784882e-01 9.2004955158e-01 3.6932117368e-01
-1.8179233791e-01 -3.8846516179e-01 9.0335284577e-01
-1.8251281194e+00 -1.3643101580e+01 -4.3882410265e+01
8.8887504604e+02 3.8092421858e-02 -8.0281766508e-02
9.9126646334e-01 4.6574615485e-02 1.2337586415e-01
-8.9890642619e-02 9.2317161706e-01 3.7372963198e-01
-9.6490782111e-02 -3.8155598625e-01 9.1929568602e-01
-1.1946886623e-01 -1.2020086862e+01 -3.8864806330e+01
0 0 0
0 0 0
0 0 0
0 0 0
0 0 0
6.4748951192e+03 -7.7157785373e-01 -8.8221964491e-02
9.0195064561e-01 1.0022006586e-03 4.3183796554e-01
-3.4359243875e-01 6.0742156205e-01 7.1622851242e-01
-2.6158988689e-01 -7.9437902890e-01 5.4820861861e-01
-1.6944347288e+00 -2.8336579320e+00 -2.4509200991e+01
7.6093123564e+02 2.8157161842e-03 -2.6381394562e-01
9.6184574759e-01 3.0762643027e-02 2.7185734796e-01
-1.1730281118e-01 9.4406319312e-01 3.0819594075e-01
-2.4716959428e-01 -3.2832658619e-01 9.1165171226e-01
-1.4952110717e+00 -1.0269967000e+01 -5.5314341140e+01
0 0 0
0 0 0
0 0 0
0 0 0
0 0 0
0 0 0
0 0 0
0 0 0
0 0 0
0 0 0
1.8051291612e+03 -9.6768273067e-02 1.1853194207e-01
7.6179080047e-01 -1.0106602672e-02 6.4774426505e-01
-1.7319053926e-01 9.6030709062e-01 2.1866716447e-01
-6.2424339279e-01 -2.7876181283e-01 7.2980273929e-01
-1.7649750550e+00 1.9895739294e+00 -1.4748207675e+01
5.1597442961e+04 1.3661761801e-01 2.1954127721e-04
8.5122164801e-01 -1.2908350233e-02 5.2464757738e-01
-6.2407565490e-02 9.9011426611e-01 1.2561463219e-01
-5.2108252871e-01 -1.3966787227e-01 8.4200111860e-01
-3.4138176609e+00 1.6410546116e+01 -8.6408714092e+02
0 0 0
0 0 0
0 0 0
0 0 0
0 0 0
0 0 0
0 0 0
0 0 0
0 0 0
0 0 0
0 0 0
0 0 0
0 0 0
0 0 0
0 0 0
3.4994906670e+03 -6.8936966631e-01 -2.3681771332e-02
8.4814326698e-01 -2.7239107179e-02 5.2906618652e-01
-6.2409612908e-02 9.8658572156e-01 1.5084314445e-01
-5.2607797796e-01 -1.6095541324e-01 8.3506605491e-01
-9.3867627518e+00 -1.0829055001e+01 -8.5361746225e+01
2.4597334312e+02 -1.3349310339e-01 9.6123628500e-03
9.4399998827e-01 4.0152711340e-02 3.2749317844e-01
-1.6997441350e-01 9.0990577119e-01 3.7839157801e-01
-2.8279448528e-01 -4.1286710613e-01 8.6577597089e-01
-1.5017097051e+00 -2.1812201249e+00 -3.8359973033e+00
0 0 0
0 0 0
0 0 0
0 0 0
0 0 0
0 0 0
0 0 0
0 0 0
0 0 0
0 0 0
6.5053322837e+03 1.0600811765e+00 2.7929638701e-02
7.8501023885e-01 3.1772385289e-03 6.1947464037e-01
-1.1039669466e-01 9.8469742649e-01 1.3484638691e-01
-6.0956664501e-01 -1.7424374712e-01 7.7334831860e-01
-3.2046507874e+01 -8.9079539344e+00 -3.2373315638e+02
1.2525617457e+03 -7.0478138684e-02 9.9377852562e-02
9.7797715158e-01 3.1953133069e-02 2.0625151700e-01
-1.2146652143e-01 8.9075259403e-01 4.3795627681e-01
-1.6972499860e-01 -4.5336388642e-01 8.7501692060e-01
-1.2834873268e+00 -1.7110780299e+01 -4.7100707971e+01
0 0 0
0 0 0
0 0 0
0 0 0
0 0 0
0 0 0
0 0 0
0 0 0
0 0 0
0 0 0
6.1241366422e+02 1.8268394996e-01 -6.0661588522e-02
8.4196991788e-01 -2.5412062032e-01 4.7593000296e-01
-2.4058581809e-01 6.1272701721e-01 7.5278420980e-01
-4.8291316147e-01 -7.4832366842e-01 4.5475989903e-01
2.4813806579e+00 -1.0429259448e+01 -5.4145660320e+00
4.6896811664e+04 4.5364970351e-03 7.9206071454e-07
8.0353131078e-01 2.3851542259e-01 5.4538777561e-01
-5.7497966758e-01 5.4812809077e-01 6.0741581966e-01
-1.5406431926e-01 -8.0166451168e-01 5.7757960165e-01
-6.0408685765e+00 2.5846767980e+00 -2.4040925366e+02
0 0 0
0 0 0
0 0 0
0 0 0
0 0 0
0 0 0
0 0 0
0 0 0
0 0 0
0 0 0
0 0 0
0 0 0
0 0 0
0 0 0
0 0 0
5.8388977103e+02 2.8037677188e-01 1.1819171466e+00
-9.0429412970e-01 1.5192594511e-01 -3.9896194580e-01
3.2943999467e-01 -3.4602913461e-01 -8.7848342495e-01
-2.7151688145e-01 -9.2584142551e-01 2.6286163259e-01
6.0161070689e-01 7.6488974980e+00 8.7523886674e+00
1.4195270336e+03 8.6782131243e-02 -2.9682917121e-01
9.8695058983e-01 3.9475090381e-02 1.5610973854e-01
-1.1338282313e-01 8.5876260001e-01 4.9967102402e-01
-1.1433664612e-01 -5.1085077476e-01 8.5203205179e-01
2.0694703561e+00 -1.3809953992e+01 -4.0935530153e+01
1.7188016269e+03 8.0476013953e-03 -1.0854248271e-01
9.3448508762e-01 -1.1776818556e-02 3.5580743046e-01
-5.0990607322e-02 9.8471982293e-01 1.6651374806e-01
-3.5233163212e-01 -1.7374745142e-01 9.1960548288e-01
-4.7963243456e+00 7.7185042003e-01 -6.4816578098e+01
0 0 0
0 0 0
0 0 0
0 0 0
0 0 0
0 0 0
0 0 0
0 0 0
0 0 0
0 0 0
9.6145472322e+03 3.1618100988e+00 6.0338718670e-02
8.3635221580e-01 -4.6165024890e-02 5.4624514791e-01
-4.6513881730e-02 9.8687823429e-01 1.5462150396e-01
-5.4621555264e-01 -1.5472601965e-01 8.2323048346e-01
1.2277848922e+00 -4.0931340378e+00 -4.0941415337e+02
3.9147914820e+03 -3.3296588784e-01 3.6914777395e-02
9.2821371476e-01 -1.2969214629e-02 3.7182132698e-01
-8.0756511611e-02 9.6854173507e-01 2.3538329009e-01
-3.6317720958e-01 -2.4851299140e-01 8.9796637328e-01
-3.5939086642e+00 -1.5220792609e+01 -1.4970401270e+02
4.4747302948e+03 3.0796028433e-01 1.9372919041e-02
9.0531826178e-01 -2.8210806554e-02 4.2379593589e-01
-8.2149606145e-02 9.6732038944e-01 2.3988060860e-01
-4.1671367519e-01 -2.5198296483e-01 8.7341530691e-01
-3.9865043442e+00 -2.1145160605e+01 -2.4403773561e+02
0 0 0
0 0 0
0 0 0
0 0 0
0 0 0
0 0 0
0 0 0
0 0 0
0 0 0
0 0 0
0 0 0
0 0 0
0 0 0
0 0 0
0 0 0
0 0 0
0 0 0
0 0 0
0 0 0
0 0 0
0 0 0
0 0 0
0 0 0
0 0 0
0 0 0
0 0 0
0 0 0
0 0 0
0 0 0
0 0 0
-3.0292353146e-01 1.5274688911e+00 1.1927042878e+00
172 166 150
3 11 421 -325.7600 132.5601 34 214 -263.5300 -195.4400 29 2578 -63.8400 -357.5699
2.7923882063e+00 1.6098815779e-01 2.3025753017e+00
181 181 174
7 11 830 313.5601 -126.5900 34 440 371.1000 -460.6899 50 1036 10.1000 139.2700 58 163 224.1200 260.1600 64 625 152.6200 -134.9700 3 1833 459.4600 -240.8100 10 4381 16.1500 -563.8101
2.3816708737e+00 1.1833684076e+00 2.5544162222e+00
132 127 122
4 11 615 267.2700 75.3400 34 462 311.3000 -264.8800 50 664 -1.5200 211.8500 58 89 206.7700 399.5200
-1.6675929167e+00 -1.3743620327e+00 7.0152781248e-01
168 170 171
2 11 820 -431.5000 -199.2100 34 431 -378.6400 -518.1200
-2.0989594041e+00 -1.7997955267e+00 7.8839821964e-01
106 100 88
3 11 1174 -453.4000 -208.0400 34 628 -400.8800 -529.2900 41 1063 -245.6300 5.9099
2.8402771134e+00 -1.2533330571e-01 2.2030728846e+00
97 89 78
8 11 1189 313.3800 -180.0300 34 635 374.2800 -513.7500 50 1015 8.6700 121.1100 58 275 219.8300 225.7900 64 1276 152.4200 -158.7500 59 17060 4.7000 975.6001 3 4850 460.8400 -262.0100 29 20546 96.6500 -447.5200
-3.4814312515e+00 -5.2719937289e-01 2.5927682723e-01
171 170 165
2 11 841 -743.6100 -56.5900 34 453 -678.5800 -347.0900
1.4358032050e+00 6.4932093036e-01 1.6974978029e+00
30 29 26
6 11 1857 24.2400 -43.1600 34 1054 80.0400 -372.3700 50 1679 -83.0400 176.3800 51 15784 -1.9100 -477.7200 3 4891 352.0699 -208.3900 22 40765 446.9500 -256.4301
8.9483035784e-01 -8.8934313922e-01 5.8620205780e-01
173 173 171
6 11 1709 -140.7100 -330.1200 34 953 -79.5800 -661.3000 41 1531 -50.8600 -72.6500 22 40384 426.0000 -297.6100 77 6852 102.2400 -508.9700 44 12219 -15.6900 -502.5800
9.6866400214e-01 -8.5181819188e-01 7.1456558384e-01
79 76 64
7 11 1714 -116.8000 -314.7900 34 956 -53.9600 -644.6801 41 1535 -39.5600 -63.8900 3 5852 298.9200 -315.3700 10 14132 -95.4301 -614.7900 29 20408 -13.1200 -483.5800 44 19421 -12.0100 -499.9800
-1.7452645124e+00 -3.1760724105e+00 5.5539981881e-01
75 74 71
3 11 1689 -384.0400 -380.5900 34 934 -336.1200 -715.6700 10 14099 -158.2400 -629.1599
2.0748473606e+00 -1.1407028109e+00 1.3519574708e+00
53 48 44
5 11 1703 116.0800 -345.3800 34 945 184.1000 -681.1100 64 1776 63.7400 -230.4500 41 1526 111.8600 -80.5900 10 14115 -36.8101 -622.3899
6.9865134704e-01 7.6886685164e-01 1.4297963563e+00
115 109 98
6 11 1880 -121.1801 -11.2500 34 1070 -63.2000 -337.9301 58 463 -39.6300 367.0900 59 28485 -120.2600 1033.0801 10 14405 -93.7900 -530.8900 29 20716 -11.8700 -400.9100
2.2392084611e-01 1.0836682536e+00 1.2321895238e+00
83 76 70
8 11 2869 -227.8800 37.9900 34 1659 -169.6000 -288.7400 41 1640 -108.7900 180.3000 51 15910 -53.3300 -457.9700 59 28568 -151.1200 1051.2500 10 14446 -120.1600 -515.9800 77 11324 84.1700 -432.3700 68 12779 -22.9900 -416.3101
4.7629846091e-01 1.0273670158e+00 1.4374399748e+00
64 57 48
7 11 2872 -159.2500 39.6400 34 1658 -102.1500 -288.5699 58 476 -62.7000 405.2800 10 14451 -103.0600 -515.7100 27 11832 210.5601 212.2500 29 20759 -22.0300 -386.3101 68 12781 -12.9100 -415.9700
4.0697450231e-01 4.3931948561e+00 5.4204523761e+00
85 72 55
5 11 2288 214.8400 1087.0300 34 1386 257.3700 647.5601 71 1704 450.2400 -398.6700 25 2554 640.3701 -770.5500 27 12447 320.7600 451.1000
2.3040647415e-01 4.4697625438e+00 5.3660702944e+00
96 78 65
5 11 2293 175.6899 1104.2000 34 2071 222.4900 662.6600 71 1705 428.0400 -393.5900 25 2557 608.3401 -757.4200 27 12454 311.0800 456.3600
1.4575057694e+00 9.8143631332e-02 1.5556158169e+00
116 112 102
6 11 2749 23.3400 -134.1899 34 1561 83.4900 -462.3101 50 2514 -83.1300 143.7500 64 2886 28.5100 -139.3800 10 22166 -59.1899 -565.5500 29 33099 22.8300 -434.7600
1.4671017874e+00 3.8644009425e-01 1.6805900914e+00
186 181 175
8 11 2784 33.3101 -82.3199 34 1587 90.1000 -411.8800 50 3686 -80.3700 162.3600 41 2401 63.3900 97.7400 51 26827 -0.0800 -485.4500 59 47175 -75.3101 1008.7700 10 22254 -54.5100 -549.7200 77 11283 134.9700 -456.8400
4.0597319001e-02 3.6926114777e+00 3.9687282912e+00
185 179 172
5 11 2236 -4.6899 805.9800 34 2006 53.6100 410.1899 17 2838 135.1899 -708.5000 76 639 36.1200 -294.6100 41 1861 11.6800 691.3201
3.7756506375e-01 3.6151928556e+00 4.0460149737e+00
199 196 188
5 11 7185 61.7100 788.5601 34 4291 115.2200 394.9800 54 4285 102.4399 542.1200 17 6438 199.6300 -726.6899 41 2739 56.5000 672.4000
1.2513653685e+00 4.0575818207e+00 5.7336271563e+00
180 180 182
5 11 10592 407.6200 1015.7500 34 6528 436.2600 585.0500 71 4857 559.0300 -418.2900 25 8495 802.2300 -826.3300 27 40896 368.3700 428.2300
-4.5907446966e+00 2.2684037202e+00 1.7766429084e+00
166 163 158
2 11 56 -865.3500 522.6500 34 14 -755.4700 219.9400
3.0239709842e+00 2.4595170143e+00 5.6931545860e+00
161 153 149
2 11 58 720.7700 609.0100 34 59 735.3800 243.8600
-3.3325295637e+00 3.3488900757e+00 2.7959345982e+00
173 167 156
2 11 61 -650.2800 749.8800 34 18 -532.7900 409.4399
1.3619550216e+00 6.0123802875e-01 1.6319435810e+00
112 107 102
2 11 103 7.3400 -53.5900 34 32 62.4800 -381.3600
3.3184190778e+00 2.1867640067e-01 3.1611138882e+00
189 182 172
2 11 104 489.5000 -51.5900 34 30 547.8000 -386.2100
-1.4756273884e+00 5.5521369499e-01 6.1508565772e-01
161 159 146
2 11 106 -516.0100 2.1899 34 36 -451.1700 -311.4800
-4.2674394106e+00 1.3109034841e+00 1.1811973619e+00
182 178 175
2 11 120 -837.7700 307.2200 34 43 -744.1300 20.2800
3.3351324876e+00 1.7759305707e+00 5.1853647517e+00
189 186 181
3 11 128 710.9600 418.2600 34 46 743.8199 69.0100 54 45 945.4399 213.8500
-4.9885291636e+00 1.9069022680e+00 1.5949957015e+00
183 182 178
2 11 132 -910.4000 460.4399 34 52 -797.2600 179.0800
-2.3673225047e+00 2.5560400058e+00 2.0606784231e+00
141 140 137
2 11 134 -565.4700 499.5500 34 50 -472.1200 172.1600
-3.2041210922e+00 2.6427313359e+00 2.1705417338e+00
186 185 180
2 11 142 -669.7800 560.4900 34 58 -563.3200 241.1700
2.6554924067e+00 2.8177122268e+00 5.6726849488e+00
211 203 189
2 11 147 654.8899 693.7400 34 153 670.5100 314.7800
2.6554924067e+00 2.8177122268e+00 5.6726849488e+00
211 203 189
2 11 148 654.8899 693.7400 34 154 670.5100 314.7800
-2.6906423526e+00 3.4633957234e+00 2.9510747290e+00
135 128 113
3 11 149 -550.4900 761.2100 34 67 -437.1100 409.4200 17 115 -350.3000 -778.9900
-1.5590202879e+00 3.7266104864e+00 3.4382140637e+00
154 147 136
2 11 151 -334.6400 820.3400 34 163 -241.5700 443.4800
3.6574915824e+00 5.8231622074e-01 4.1198934388e+00
194 188 172
3 11 252 647.3701 86.6899 34 101 699.6100 -241.1800 50 268 128.4500 193.6300
3.9384061471e+00 4.3553208028e-01 4.6845573895e+00
182 177 174
2 11 254 744.7100 113.1300 34 39 802.0300 -213.8200
-3.7369001044e+00 5.3925071170e-01 6.7255892108e-01
183 179 170
2 11 256 -790.5700 127.9000 34 108 -709.4000 -159.6900
-3.8838142641e+00 4.2289051212e-01 7.3768854159e-01
183 179 170
3 11 257 -790.5700 127.9000 34 109 -709.4000 -159.6900 64 261 -309.5900 -56.3400
-8.5531758688e-01 1.4742369436e+00 1.0268640377e+00
70 58 46
2 11 258 -426.2300 139.4299 34 105 -359.4700 -184.4900
3.7185557936e+00 8.0787290450e-01 4.3708276615e+00
65 57 44
3 11 259 689.4600 147.4900 34 102 735.7000 -187.3000 54 110 948.1201 -130.9800
3.7185557936e+00 8.0787290450e-01 4.3708276615e+00
65 57 44
3 11 260 689.4600 147.4900 34 103 735.7000 -187.3000 54 111 948.1201 -130.9800
1.6198394928e+00 1.6738507819e+00 2.3063372189e+00
185 174 152
2 11 263 105.4301 165.7600 34 106 150.1700 -172.5500
1.6270953515e+00 1.6871281572e+00 2.2923037938e+00
185 174 152
3 11 264 105.4301 165.7600 34 107 150.1700 -172.5500 50 282 -54.5100 251.9500
3.2221251897e+00 1.2338138801e+00 4.1520438136e+00
164 160 151
2 11 268 580.4299 216.6100 34 110 624.1600 -121.1100
3.2221251897e+00 1.2338138801e+00 4.1520438136e+00
164 160 151
2 11 269 580.4299 216.6100 34 111 624.1600 -121.1100
2.2901695881e+00 1.7923499304e+00 3.0879608394e+00
68 55 39
4 11 270 305.6500 238.2500 34 113 344.5200 -107.3100 54 115 444.9200 -83.3000 50 288 17.4900 266.8200
2.7190445995e+00 1.8507388239e+00 4.1422610816e+00
156 152 143
4 11 278 494.1899 344.6100 34 121 529.9500 -2.5200 54 124 672.1100 84.7600 50 293 88.3300 290.9900
1.1659175915e+00 2.4471458247e+00 2.5093038828e+00
173 162 144
3 11 279 38.8101 349.6300 34 120 82.1200 -8.4300 54 119 113.4100 13.4900
-2.7375614785e+00 2.1236879437e+00 1.6125430089e+00
159 157 151
3 11 282 -648.9700 398.5901 34 125 -555.0300 89.4500 64 287 -257.8400 62.0900
2.4183794980e+00 2.1983859188e+00 4.1154363449e+00
185 177 165
2 11 284 441.1000 418.3401 34 124 475.1801 64.4500
-3.7505218019e+00 2.0993596068e+00 1.7188822715e+00
174 173 168
2 11 285 -761.5100 452.4399 34 131 -658.3000 149.8600
-1.1818014793e+00 2.6617173831e+00 2.1793166943e+00
144 134 125
2 11 286 -387.2700 473.1100 34 129 -304.8300 133.0100
-1.1818014793e+00 2.6617173831e+00 2.1793166943e+00
144 134 125
2 11 287 -387.2700 473.1100 34 130 -304.8300 133.0100
2.2977840166e+00 2.4467556716e+00 4.3111880097e+00
87 75 66
2 11 289 441.2400 493.4299 34 240 474.0800 129.7200
-1.9237435061e+00 2.6788721334e+00 2.2190517519e+00
58 49 39
2 11 290 -491.1800 514.6500 34 137 -398.7100 182.3700
-1.9237435061e+00 2.6788721334e+00 2.2190517519e+00
58 49 39
2 11 291 -491.1800 514.6500 34 138 -398.7100 182.3700
-1.3821231685e+00 3.0767901750e+00 2.6208079122e+00
59 48 31
2 11 297 -382.4600 604.5801 34 143 -292.7000 252.6200
6.6668489809e-01 3.3203170142e+00 3.7323313466e+00
150 143 115
2 11 304 80.0500 677.9700 34 151 130.0000 294.3400
8.6212097262e-01 3.4293057552e+00 4.1837318488e+00
154 151 134
3 11 308 164.7300 738.7600 34 157 209.0000 349.2100 54 147 230.8300 499.3201
-1.1420399545e+00 3.6870679446e+00 3.4572530014e+00
86 72 57
2 11 315 -266.3500 799.3700 34 162 -179.6800 418.5900
7.8843233443e-02 3.9539996659e+00 4.4763990726e+00
194 185 181
3 11 318 54.5300 910.5400 34 268 109.5699 502.1200 25 428 524.8400 -903.7400
-1.4945419486e+00 4.0014294603e+00 3.8012849878e+00
89 75 70
2 11 319 -290.1801 910.2500 34 170 -198.7800 518.4299
2.2514886021e+00 5.1233045440e-01 2.1466847493e+00
194 190 183
5 11 393 206.2000 -61.3199 34 200 260.4200 -393.9100 50 418 -23.7400 165.3500 58 58 161.5900 310.9600 64 415 108.7900 -105.0300
-2.2842008107e+00 -1.3619138367e-01 4.8158932241e-01
89 78 67
2 11 398 -596.5900 -53.3600 34 202 -533.6400 -356.1500
-5.4592871324e+00 -1.1317611582e+00 -8.5572356900e-02
190 187 178
2 11 399 -955.3800 -54.7500 34 206 -893.5200 -325.8900
-5.4592871324e+00 -1.1317611582e+00 -8.5572356900e-02
190 187 178
2 11 400 -955.3800 -54.7500 34 207 -893.5200 -325.8900
-3.2875260797e+00 -1.4387454082e-01 4.3095911874e-01
169 163 141
3 11 407 -724.0000 -3.9000 34 211 -654.5900 -295.8700 64 417 -282.4300 -104.9300
1.0420651713e+00 9.0903940925e-01 1.7208234562e+00
173 172 168
5 11 408 -39.6700 19.6700 34 208 18.8800 -309.0601 50 434 -102.7000 202.0400 64 430 4.0500 -70.0700 59 3240 -95.9399 1044.8799
3.3819977445e+00 6.3491998170e-01 3.7016476619e+00
170 166 155
3 11 410 557.4500 64.9000 34 212 609.6700 -267.8400 50 428 98.3000 190.7900
-2.1577880185e+00 7.2093804552e-01 7.2433453089e-01
179 174 155
2 11 416 -601.2600 73.5699 34 320 -528.7200 -231.3800
1.3522531530e+00 1.3626220065e+00 2.0113172052e+00
179 175 164
2 11 417 32.3500 99.8600 34 213 83.8199 -233.9600
-2.6592959112e-01 1.5618494830e+00 1.1671647424e+00
172 166 150
2 11 422 -325.7600 132.5601 34 215 -263.5300 -195.4400
3.7412500448e+00 8.9866060287e-01 4.6728131598e+00
186 182 173
3 11 426 721.2100 191.5200 34 221 767.5400 -136.5700 50 437 156.5200 224.0300
2.9984118829e+00 1.3063155236e+00 3.6943325813e+00
166 158 146
2 11 427 496.2800 188.5400 34 218 537.1899 -150.2300
-1.8153960722e+00 1.4505680513e+00 1.1213073988e+00
175 167 153
2 11 428 -546.6000 199.7600 34 225 -471.0100 -114.4500
2.5968134257e+00 1.8048046192e+00 3.6962606959e+00
165 159 145
2 11 437 427.1300 293.2300 34 230 464.2100 -53.1300
2.1523594926e+00 1.9799510410e+00 3.2218069707e+00
150 147 140
2 11 438 296.4399 292.7400 34 231 335.1100 -55.0900
-1.1495980523e-01 2.7212721775e+00 2.2258278794e+00
146 135 109
2 11 449 -217.6801 437.3201 34 350 -153.7300 82.4200
-9.5050452465e-01 2.5705744235e+00 2.0965700656e+00
155 149 137
2 11 450 -357.3600 436.8301 34 351 -281.2300 96.8800
1.1433947176e+00 2.7079118422e+00 3.0328502859e+00
120 113 98
2 11 454 92.1801 456.6899 34 237 135.1801 94.8600
-1.5272198813e+00 2.6138234779e+00 2.1072033669e+00
187 186 181
3 11 459 -444.8500 471.8101 34 244 -359.7500 139.2400 64 294 -175.3600 107.8200
-7.7018774837e-01 2.7681976975e+00 2.2982051496e+00
153 144 124
2 11 463 -313.7600 485.2800 34 354 -238.8200 137.2000
-7.7018774837e-01 2.7681976975e+00 2.2982051496e+00
153 144 124
2 11 464 -313.7600 485.2800 34 355 -238.8200 137.2000
1.5864115976e+00 2.6859228531e+00 3.5850008181e+00
140 133 123
2 11 466 232.9301 492.0500 34 241 272.1100 126.8800
1.5864115976e+00 2.6859228531e+00 3.5850008181e+00
140 133 123
2 11 468 232.9301 492.0500 34 242 272.1100 126.8800
1.3470998581e+00 2.8159631146e+00 3.5107930343e+00
142 133 118
2 11 470 181.7500 520.0500 34 357 221.5699 153.3100
1.0761051129e+00 3.0060636766e+00 3.4664224914e+00
139 132 122
2 11 472 125.8700 567.4099 34 245 169.8900 192.8200
1.3131709498e+00 3.0253790313e+00 3.9419267815e+00
183 177 168
2 11 475 221.3199 610.6599 34 248 263.6600 234.3800
9.0993980882e-01 3.1337939200e+00 3.6303738101e+00
77 64 55
2 11 477 112.8700 617.8500 34 250 161.2200 240.1000
-2.4823543668e-01 3.2386121354e+00 2.9415822446e+00
75 60 45
3 11 480 -168.3600 620.0100 34 253 -100.6800 250.5300 54 258 -165.0900 335.1100
7.7351919912e-01 -5.6996348339e-01 9.6027512551e-01
177 177 175
3 11 573 -126.1801 -240.1600 34 291 -62.2700 -564.7000 64 606 -35.1500 -185.3800
1.7743946249e+00 -9.9909702850e-02 1.5957807839e+00
171 172 166
2 11 581 77.7800 -176.7200 34 294 140.8300 -503.9200
-3.2656899913e+00 -1.2259661754e+00 5.2395350848e-02
148 148 148
2 11 583 -703.6200 -167.9100 34 300 -645.0400 -460.6400
-2.5753319413e+00 -7.6026366223e-01 1.9674317762e-01
189 186 181
2 11 590 -634.1500 -138.5300 34 198 -572.4300 -441.6200
-3.5083633098e+00 -8.6983494687e-01 1.0480687409e-01
176 174 161
2 11 593 -745.7300 -108.3600 34 305 -683.1700 -401.7300
-4.9772590950e+00 -1.0649275611e+00 -1.1050837185e-02
186 187 190
2 11 600 -903.2300 -68.3900 34 310 -839.8500 -337.3600
-4.1504065177e+00 -1.6633758669e-01 3.7546510712e-01
167 164 155
2 11 609 -827.1600 31.7800 34 315 -755.0500 -250.0700
-4.1504065177e+00 -1.6633758669e-01 3.7546510712e-01
167 164 155
2 11 610 -827.1600 31.7800 34 316 -755.0500 -250.0700
-1.1574304965e+00 1.0258657717e+00 8.4754223173e-01
111 102 88
2 11 613 -468.0000 71.8500 34 317 -402.0400 -244.6900
-1.2902087611e+00 1.2424435132e+00 1.0195628837e+00
146 140 126
2 11 620 -475.2900 128.4800 34 321 -406.8300 -187.2500
3.0180161974e+00 1.0896963595e+00 3.5883187502e+00
77 61 53
4 11 622 484.2900 141.6300 34 476 531.3199 -193.1000 54 323 684.7000 -170.7100 50 669 76.4600 221.9700
3.4743610395e+00 9.0372801906e-01 4.1505391496e+00
184 178 166
3 11 623 622.5701 149.5300 34 322 668.4800 -181.4100 54 324 864.4900 -135.8500
-2.7637694701e+00 9.4543778139e-01 9.1421790037e-01
182 175 165
2 11 626 -667.0900 155.3101 34 327 -587.8400 -142.5400
1.4259574700e+00 1.7179930973e+00 2.1369904992e+00
177 171 166
3 11 627 50.6700 165.0901 34 323 101.1899 -174.1600 51 3588 5.1700 -429.7300
-1.2150330505e+00 1.4501204523e+00 1.1112775552e+00
157 147 127
2 11 628 -465.3400 164.4299 34 325 -393.8300 -153.5900
2.8155097971e+00 1.3729396443e+00 3.5875311922e+00
104 88 72
4 11 629 450.8700 197.3201 34 328 492.3600 -142.4000 54 327 633.1700 -104.3300 50 445 66.5700 242.2400
-4.5500572387e+00 8.5695509230e-01 9.2730293688e-01
171 166 159
3 11 632 -870.5100 234.0601 34 336 -782.3200 -46.0900 64 660 -342.9600 -19.8200
2.4288655845e+00 1.9169673452e+00 3.5362445174e+00
100 85 63
2 11 644 380.4200 303.5300 34 334 417.0200 -45.1500
2.4288655845e+00 1.9169673452e+00 3.5362445174e+00
100 85 63
2 11 645 380.4200 303.5300 34 335 417.0200 -45.1500
3.6139993834e+00 1.4868177350e+00 5.2425607129e+00
163 156 148
3 11 655 764.0701 358.7900 34 341 800.0900 17.7400 50 691 178.7200 277.9900
1.6856885108e+00 2.3776245748e+00 3.0741006414e+00
87 74 58
2 11 657 194.8800 373.0000 34 343 235.2000 14.8600
-1.8399124763e+00 2.3674018649e+00 1.8467336831e+00
174 164 137
3 11 662 -510.5100 418.7300 34 352 -422.2200 94.0400 64 690 -201.7300 82.0400
-6.0645068091e+00 1.8747445087e+00 1.4309774939e+00
191 194 200
2 11 669 -1041.6100 486.3201 34 363 -927.5900 210.1600
3.9343766634e+00 1.7213891220e+00 6.3078903429e+00
129 117 105
2 11 670 924.4399 496.3800 34 356 949.1500 147.2100
-1.7348954335e+00 2.9714079465e+00 2.5576671016e+00
187 187 187
2 11 673 -436.2600 592.2500 34 369 -343.6600 249.9000
2.1105001951e+00 2.7887658289e+00 4.7680825012e+00
74 62 50
2 11 676 457.1801 615.9299 34 368 488.1300 243.3900
1.0542973322e+00 3.1484242933e+00 3.8317641775e+00
168 158 133
2 11 677 162.3700 635.4299 34 370 206.3600 256.6100
1.0542973322e+00 3.1484242933e+00 3.8317641775e+00
168 158 133
2 11 678 162.3700 635.4299 34 371 206.3600 256.6100
-4.6867879838e+00 3.0231486861e+00 2.3906807689e+00
164 156 143
2 11 685 -851.3700 701.4399 34 556 -722.7800 388.1799
-1.1573231435e+00 3.5125298224e+00 3.2106948931e+00
172 161 147
2 11 689 -290.8700 739.9299 34 551 -207.7500 367.5400
-2.5855311293e-01 4.0724002532e+00 4.3414140529e+00
143 131 117
3 11 700 -22.2000 939.0901 34 571 41.5500 525.9399 17 741 117.7500 -592.3500
1.2462092996e+00 3.9697767234e+00 5.6339466923e+00
121 112 98
2 11 704 396.0699 986.8201 34 394 423.6300 561.8101
-5.9476213737e+00 -4.3764580505e+00 -1.0111081863e+00
42 38 35
2 11 789 -904.4700 -405.1700 34 278 -879.2000 -711.0200
-5.8455693634e+00 -3.4799651271e+00 -9.0469396436e-01
163 166 170
2 11 804 -937.6600 -333.6500 34 285 -902.7200 -621.1000
1.6548549707e+00 -4.6801016942e-01 1.1947476567e+00
182 181 177
3 11 810 23.9301 -261.1801 34 286 86.5300 -591.3500 50 613 -83.1200 98.8400
-1.7016463994e+00 -1.8012484815e+00 5.9105680801e-01
172 173 168
2 11 811 -430.9800 -253.0200 34 289 -377.5900 -573.6400
-2.5409375639e+00 -1.6923538851e+00 1.4487499667e-01
184 176 163
2 11 813 -585.0900 -242.5500 34 426 -531.2800 -553.9200
-1.2945068976e+00 -1.1535237248e+00 7.8607966943e-01
167 168 163
2 11 822 -387.4700 -187.5100 34 432 -332.3800 -510.6500
2.3464174654e+00 -1.2082157829e-01 1.9215077759e+00
183 182 178
3 11 824 201.9100 -179.8800 34 433 264.2700 -509.0500 50 1019 -24.7000 123.7900
1.9378018849e+00 5.1052135226e-02 1.7567504905e+00
137 133 123
4 11 827 116.5000 -148.8700 34 435 180.0300 -478.7600 50 1028 -51.9500 135.4000 58 162 105.5000 257.3400
1.7921365927e+00 2.0625027005e-01 1.7372298370e+00
200 200 197
4 11 836 90.6400 -120.4900 34 663 152.4200 -451.3199 50 1044 -61.7600 146.8500 58 174 88.2800 278.1400
1.5521057001e+00 1.7748777605e-01 1.6452478632e+00
193 193 191
3 11 837 45.8600 -119.2400 34 442 105.9000 -448.4600 64 626 37.3900 -132.7200
-3.6903729217e+00 -5.4494920155e-01 2.0914159378e-01
134 126 123
2 11 842 -773.6200 -54.2100 34 455 -705.9100 -339.2800
3.5640454019e+00 1.2887983943e-01 3.4744369427e+00
110 101 94
3 11 843 562.3301 -45.9500 34 449 622.5400 -374.2900 50 1050 95.9300 155.0300
-2.5168824794e+00 -1.1361900124e-01 4.1121553513e-01
172 166 152
2 11 844 -636.4800 -44.4700 34 452 -570.8800 -346.1801
1.1035911832e+00 7.7195670879e-01 1.5641557017e+00
173 168 161
5 11 846 -45.6600 -20.4301 34 451 10.6700 -349.8400 50 653 -106.0100 186.7300 58 179 8.8400 357.4600 39 9 -366.3800 -162.1500
-5.5123139862e-01 9.3704119395e-01 7.0882726178e-01
179 170 154
3 11 849 -396.4800 7.5400 34 460 -336.6400 -314.2200 50 663 -228.8600 209.0000
-2.3504087261e+00 3.1276570715e-01 5.9622591490e-01
167 164 156
2 11 850 -616.9900 17.5800 34 461 -548.6500 -284.2600
-3.1601854883e+00 1.2920143548e-01 5.2155194812e-01
178 174 162
2 11 853 -714.0500 30.8800 34 463 -643.2500 -262.2000
3.0077092867e+00 9.5449725698e-01 3.2122008409e+00
163 154 137
3 11 861 445.9200 80.0300 34 697 491.8000 -260.1400 78 12939 -21.9000 56.1899
-4.2146910811e-01 1.3257833793e+00 9.4608555918e-01
153 153 146
2 11 862 -365.7100 82.1500 34 468 -304.8300 -243.2900
2.4929549386e+00 1.2415370528e+00 2.6502148585e+00
180 179 175
3 11 864 297.5699 89.6600 34 465 338.6000 -253.6500 50 1099 8.5900 215.2400
-1.7737986509e+00 1.5630586891e+00 1.2478182698e+00
164 161 146
2 11 885 -531.1100 226.2400 34 482 -453.6300 -87.1400
3.3980021984e+00 1.2061632286e+00 4.5770174268e+00
209 209 211
2 11 890 652.6201 248.6100 34 483 696.9200 -85.2900
3.3980021984e+00 1.2061632286e+00 4.5770174268e+00
209 209 211
2 11 891 652.6201 248.6100 34 484 696.9200 -85.2900
-1.3368189615e+00 1.9436179461e+00 1.5269510391e+00
76 55 39
2 11 897 -454.8500 291.1100 34 488 -378.6600 -31.5100
1.9675160380e+00 2.0811771994e+00 3.1389428894e+00
86 73 56
4 11 900 254.4800 310.4900 34 487 293.2700 -42.1300 54 486 371.8900 2.5000 50 697 2.5200 296.1600
-7.4505392986e-01 2.1489311078e+00 1.7029286067e+00
136 123 104
2 11 901 -356.3900 311.5000 34 492 -285.1400 -20.1400
-7.4505392986e-01 2.1489311078e+00 1.7029286067e+00
136 123 104
2 11 902 -356.3900 311.5000 34 493 -285.1400 -20.1400
1.7830525155e+00 2.2125039674e+00 3.0183569553e+00
150 143 127
2 11 907 207.1200 330.7300 34 758 247.6100 -21.8400
1.7830525155e+00 2.2125039674e+00 3.0183569553e+00
150 143 127
2 11 908 207.1200 330.7300 34 759 247.6100 -21.8400
-3.9316747608e+00 1.5376678764e+00 1.3353709396e+00
62 52 43
2 11 911 -794.7000 338.1400 34 503 -698.5100 47.1200
-3.2025784533e-01 2.4040559458e+00 1.9236153917e+00
82 66 48
2 11 914 -274.5200 356.7900 34 497 -209.3900 14.4900
2.1621329985e+00 2.1540166609e+00 3.5629461587e+00
101 88 69
3 11 915 334.5100 361.4800 34 496 372.1000 8.1300 50 699 33.8900 307.8700
1.8441817691e+00 2.3372777172e+00 3.1757261298e+00
131 119 102
2 11 916 235.8400 368.7800 34 773 272.6300 11.2000
3.8104750785e+00 1.3837422140e+00 5.7495548182e+00
76 63 59
2 11 923 839.8101 384.7600 34 779 878.7900 45.9800
1.4726312565e+00 2.4426934577e+00 2.9797591112e+00
165 158 151
2 11 924 146.4600 384.1300 34 499 187.9399 27.9100
-1.2252041656e-01 2.5679924565e+00 2.1180516591e+00
81 64 49
2 11 929 -225.6200 396.7300 34 502 -162.9400 48.1400
1.9492025519e+00 2.3598473560e+00 3.5476923167e+00
110 94 78
2 11 933 295.2400 408.0000 34 504 332.3000 51.8100
-4.7199916514e+00 1.8222706395e+00 1.5609786281e+00
182 180 181
2 11 936 -876.6400 434.9299 34 518 -770.5500 149.5200
1.6994412436e+00 2.5570554316e+00 3.4912836822e+00
99 83 64
2 11 939 243.6801 451.3401 34 509 281.6500 90.0900
-4.4887453971e-02 2.7688201681e+00 2.3262005108e+00
150 136 119
3 11 940 -197.5100 451.4299 34 789 -131.6700 98.8200 54 794 -184.1000 134.5100
-1.4809629057e+00 2.5583125519e+00 2.1205526785e+00
184 184 176
2 11 942 -433.6600 462.0400 34 515 -347.2200 129.4300
1.4735976418e+00 2.7082844216e+00 3.4413831346e+00
93 79 66
2 11 947 197.0000 485.8401 34 512 236.2700 121.1300
-1.8017529057e+00 2.7099929353e+00 2.1484864636e+00
65 53 42
3 11 955 -485.7900 506.6000 34 525 -394.7300 174.0100 64 1013 -193.2500 119.0700
-8.5817527575e-01 2.8905201910e+00 2.5108652341e+00
99 86 69
2 11 964 -306.4200 532.9800 34 823 -227.8300 183.7400
-1.5182231895e+00 2.9740065792e+00 2.5697261072e+00
109 94 76
2 11 970 -403.4200 584.3700 34 534 -312.9800 239.7200
7.7167696466e-01 3.1719431274e+00 3.5230037640e+00
75 58 42
2 11 976 76.4301 620.5800 34 536 124.9200 242.6100
7.7167696466e-01 3.1719431274e+00 3.5230037640e+00
75 58 42
2 11 977 76.4301 620.5800 34 537 124.9200 242.6100
-1.0264111283e+00 3.3216720788e+00 2.9509185832e+00
105 91 78
4 11 981 -299.3500 667.4299 34 543 -213.9700 304.9200 17 711 -130.9301 -854.5601 64 1040 -116.7900 197.7600
3.1307928838e+00 2.5977760829e+00 6.1436731144e+00
162 153 132
2 11 982 784.0300 678.6100 34 542 797.9301 303.6100
4.5673774800e-01 3.3824611611e+00 3.5916473585e+00
162 153 142
3 11 983 25.1000 686.1200 34 847 79.6899 301.8300 54 853 69.2400 415.9900
2.6544915537e+00 2.8303799309e+00 5.7160878719e+00
207 199 176
2 11 984 658.1201 701.1400 34 849 675.4200 320.5100
-1.9562090756e+00 3.4140500225e+00 3.0095246031e+00
197 195 189
2 11 989 -434.6100 730.7200 34 552 -334.5400 373.1899
-4.4475865258e+00 3.1939380620e+00 2.5493996558e+00
140 132 121
2 11 991 -814.0700 737.1000 34 561 -684.6600 415.8900
7.8894184248e-01 3.4529105708e+00 4.1245922407e+00
183 182 174
3 11 992 145.6700 741.5500 34 549 192.2900 350.9000 54 543 204.6899 497.2100
1.5870073411e+00 3.3890829590e+00 5.1482132642e+00
88 79 62
3 11 1001 404.3600 799.5500 34 559 433.5400 403.8201 54 556 508.2000 611.4700
-1.4528922102e+00 3.6755785930e+00 3.4148593722e+00
169 163 163
3 11 1002 -318.7900 802.0300 34 870 -226.3500 427.8000 17 724 -146.2800 -727.8600
-3.9329955116e+00 3.5877521070e+00 2.9304879450e+00
64 55 48
3 11 1003 -726.8900 825.3201 34 566 -596.2000 484.1500 17 1133 -498.8200 -732.4399
2.4119684627e+00 3.2892975167e+00 6.0663899723e+00
216 220 223
2 11 1006 654.7200 839.6100 34 873 666.2700 439.5100
1.3898833006e+00 3.5816834646e+00 5.2329095815e+00
173 168 164
2 11 1010 377.3101 856.8101 34 876 410.4800 453.4299
2.0982024449e+00 3.4687632837e+00 5.8659666954e+00
147 137 127
3 11 1012 577.8401 869.9700 34 879 593.3101 463.8700 71 730 674.0800 -480.6899
-2.8783154010e+00 4.0280479963e+00 3.5165796905e+00
185 181 169
2 11 1020 -534.7800 931.8301 34 890 -415.8200 557.5300
-2.8783154010e+00 4.0280479963e+00 3.5165796905e+00
185 181 169
2 11 1021 -534.7800 931.8301 34 891 -415.8200 557.5300
-3.6533236564e-01 4.4962094536e+00 4.8209878822e+00
193 189 185
4 11 1032 7.7500 1084.4600 34 1387 70.6899 647.0900 17 1157 142.6899 -467.4399 71 742 342.1300 -414.5400
-4.8773664073e+00 -3.4914635771e+00 -6.8709915096e-01
153 154 158
2 11 1133 -824.5200 -363.9600 34 415 -787.1900 -664.4700
2.3510746185e+00 -8.6297763125e-01 1.5843168332e+00
96 92 83
2 11 1143 176.4200 -308.7900 34 602 244.7200 -644.7000
2.1663898139e+00 -7.6186927574e-01 1.5322798428e+00
189 191 190
4 11 1144 142.2700 -290.7700 34 419 208.7500 -624.7100 50 983 -47.0100 87.6400 64 844 75.2200 -206.6800
-3.1559169920e+00 -2.1309324156e+00 -2.9394437570e-02
179 179 171
2 11 1146 -649.9800 -269.8800 34 614 -600.2600 -576.4200
-3.1559169920e+00 -2.1309324156e+00 -2.9394437570e-02
179 179 171
2 11 1147 -649.9800 -269.8800 34 615 -600.2600 -576.4200
2.8669519691e+00 -5.9281495192e-01 2.0529283239e+00
186 185 181
2 11 1152 304.2600 -258.2200 34 612 369.2100 -592.7100
1.9807354663e+00 -5.7179107333e-01 1.5286196179e+00
191 190 185
6 11 1153 111.6899 -256.6400 34 613 177.5500 -586.8101 50 2425 -56.3000 100.3900 64 1841 60.6300 -192.4700 51 15479 12.1000 -526.0200 59 16961 -57.4600 950.4299
2.5668443410e+00 -4.1855740788e-01 1.9490423054e+00
158 151 145
4 11 1164 242.5800 -227.8700 34 425 309.7400 -560.8600 50 1003 -12.6000 106.0700 64 1250 119.1400 -180.4600
1.5899163069e+00 -4.2489348463e-01 1.4207710177e+00
99 96 88
3 11 1166 37.3300 -224.2700 34 619 102.8400 -551.6801 51 10102 -1.5300 -519.6700
-2.3915786102e+00 -1.2638272220e+00 1.3524528858e-01
86 77 61
2 11 1175 -592.6700 -210.7900 34 632 -534.7600 -516.6700
3.8377252221e+00 -7.3671204761e-01 3.4194522678e+00
85 82 77
2 11 1186 593.0601 -183.1100 34 636 668.7100 -509.4100
1.6314748070e+00 -8.2159734229e-02 1.5169141867e+00
180 180 180
3 11 1193 46.8400 -173.3000 34 640 110.4600 -501.8600 50 1022 -74.9500 129.0000
3.1697710763e+00 -1.6360399596e-01 2.5255352918e+00
145 144 139
3 11 1194 402.5000 -167.8199 34 637 460.5900 -504.1500 50 1603 37.2000 122.3400
