# Bundle file v0.3
90 10169
0 0 0
0 0 0
0 0 0
0 0 0
0 0 0
2.2846584529e+04 -2.1613072430e-02 -6.4015401436e-05
-8.5278863651e-01 4.7060901170e-02 -5.2013153434e-01
-2.0891599866e-03 -9.9623118360e-01 -8.6712537887e-02
-5.2225202426e-01 -7.2860828964e-02 8.4967295047e-01
1.1200906118e+01 1.9121043267e+01 8.1392285218e+02
1.8342624986e+03 -2.0095315743e-01 6.5262871035e-01
9.7051091237e-01 2.5409020821e-02 2.3971431045e-01
-1.1410482368e-01 9.2438943091e-01 3.6398388595e-01
-2.1234090088e-01 -3.8060289237e-01 9.0002932182e-01
1.0205227469e-02 -1.7559984647e+01 -6.4957571628e+01
1.5446841187e+03 -1.4620182243e-02 -4.5682298424e-02
9.9371457493e-01 5.0142515347e-02 1.0008532220e-01
-6.9603841059e-02 9.7699092246e-01 2.0160367739e-01
-8.7673535778e-02 -2.0730283544e-01 9.7434023090e-01
3.3931888783e+00 -3.9147585232e+00 -2.3418107195e+01
2.5445622526e+03 3.6757917011e-01 -6.6612752378e-01
9.2726368784e-01 6.3022083754e-02 3.6906675571e-01
-2.5029936805e-01 8.3742708478e-01 4.8586634380e-01
-2.7844618791e-01 -5.4290339347e-01 7.9229011467e-01
-1.4089797569e+01 -3.8793336050e+01 -9.6896651862e+01
0 0 0
0 0 0
0 0 0
0 0 0
0 0 0
1.2535734128e+04 2.1988691500e+00 3.6656646506e-02
9.2621260674e-01 -2.9270919166e-02 3.7586356622e-01
4.7136897435e-03 9.9780255044e-01 6.6089722880e-02
-3.7697213193e-01 -5.9441430270e-02 9.2431527528e-01
5.3351680818e+00 6.0316529127e+00 -3.0407017449e+02
0 0 0
0 0 0
0 0 0
0 0 0
0 0 0
0 0 0
0 0 0
0 0 0
0 0 0
0 0 0
0 0 0
0 0 0
0 0 0
0 0 0
0 0 0
5.8732501329e+02 3.6222814621e-02 -7.3776685548e-02
-7.9688260565e-01 1.2655351697e-01 -5.9073032778e-01
-1.7465459338e-01 -9.8431909594e-01 2.4732375097e-02
-5.7833717313e-01 1.2288256471e-01 8.0648991901e-01
3.2848174833e+00 1.2072894132e+01 1.1211510345e+01
-1.5468921692e+03 6.2684597380e-01 -6.3057717000e-01
8.1951318670e-01 -8.8564953425e-02 5.6617522539e-01
-3.2442738383e-01 7.4270869356e-01 5.8577356472e-01
-4.7238227045e-01 -6.6373190788e-01 5.7992667211e-01
-1.9450494381e+00 -1.2778742047e+00 8.3073799833e+00
0 0 0
0 0 0
0 0 0
0 0 0
0 0 0
5.0205420548e+03 -8.7886159469e-02 5.8792790115e-02
9.1069347744e-01 -2.4433269951e-02 4.1235955847e-01
-1.8568538798e-01 8.6749719371e-01 4.6148624638e-01
-3.6899637781e-01 -4.9684165911e-01 7.8548713480e-01
-1.4911504884e+01 -2.9556771915e+01 -6.7555680160e+01
0 0 0
0 0 0
0 0 0
0 0 0
0 0 0
2.8119855665e+03 -1.2881403530e-01 -1.8591796052e-01
9.4912700581e-01 3.1270763588e-02 3.1333698502e-01
-1.3332456937e-01 9.4137339745e-01 3.0990431712e-01
-2.8527615750e-01 -3.3591407520e-01 8.9765207517e-01
-4.3537466295e+00 -1.7261658600e+01 -7.9890495371e+01
0 0 0
0 0 0
0 0 0
0 0 0
0 0 0
3.9452025344e+03 1.2329125859e-01 1.2774235657e-01
-6.6721837146e-01 3.0051049829e-01 -6.8155196809e-01
-7.3204128290e-03 -9.1760547677e-01 -3.9742496216e-01
-7.4482619204e-01 -2.6017999426e-01 6.1444309276e-01
9.1475895991e-01 8.3698777586e+00 1.7490797222e+01
0 0 0
0 0 0
0 0 0
0 0 0
0 0 0
0 0 0
0 0 0
0 0 0
0 0 0
0 0 0
0 0 0
0 0 0
0 0 0
0 0 0
0 0 0
0 0 0
0 0 0
0 0 0
0 0 0
0 0 0
5.9638960346e+04 -9.5324469279e-02 -4.6967030263e-05
9.4603767918e-01 -1.4317729589e-02 3.2374019241e-01
-5.1375906432e-02 9.7976164176e-01 1.9346224844e-01
-3.1995816258e-01 -1.9965502236e-01 9.2615584339e-01
1.6025474367e+01 -1.1311758434e+01 -2.4293010586e+03
0 0 0
0 0 0
0 0 0
0 0 0
0 0 0
1.3898922850e+03 -4.7322312996e-02 4.5885221701e-01
9.6338711395e-01 5.4510530131e-02 2.6251451537e-01
-1.2458106882e-01 9.5800772113e-01 2.5826490965e-01
-2.3741277550e-01 -2.8151342484e-01 9.2972327370e-01
9.0149709141e+00 -1.9466427289e+01 -6.9982611168e+01
2.9896868108e+03 1.2200648103e+00 2.6372120085e-01
-5.6884673277e-01 2.8175705129e-01 -7.7267480783e-01
-2.3267103390e-01 -9.5623910549e-01 -1.7740057248e-01
-7.8884572928e-01 7.8865310362e-02 6.0951019534e-01
-8.8306052423e-01 1.0185072997e+01 1.7530178053e+01
0 0 0
0 0 0
0 0 0
0 0 0
0 0 0
7.0426240135e+02 -8.2694373779e-02 5.5907248171e-01
-8.4619478842e-01 -3.0050024533e-02 -5.3202572878e-01
3.0718994947e-01 -8.4332132899e-01 -4.4095744808e-01
-4.3541786251e-01 -5.3656885122e-01 7.2284517907e-01
-3.1919817594e+00 -3.0682017072e+00 1.4411472874e+01
0 0 0
0 0 0
0 0 0
0 0 0
0 0 0
2.0906622153e+03 -6.5031018553e-02 -5.7975455909e-03
-9.4245537255e-01 -3.9757005720e-02 -3.3195971329e-01
1.1854600142e-02 -9.9625390714e-01 8.5659914602e-02
-3.3412174310e-01 7.6795397064e-02 9.3939615061e-01
1.4341037792e+00 8.8179537108e+00 4.1303159666e+01
3.0585086983e+03 9.0670317699e-02 1.1577980229e-01
9.0877662251e-01 -7.4645045018e-03 4.1721616885e-01
-1.2943759327e-01 9.4547936632e-01 2.9885561282e-01
-3.9670008801e-01 -3.2559645121e-01 8.5826335768e-01
-6.8561686363e+00 -2.4130982929e+01 -1.7194930391e+02
0 0 0
0 0 0
0 0 0
0 0 0
0 0 0
0 0 0
0 0 0
0 0 0
0 0 0
0 0 0
0 0 0
0 0 0
0 0 0
0 0 0
0 0 0
-4.3404911511e+03 -4.5510972689e-01 -2.3085860218e-02
7.5099332966e-01 -1.6511768373e-01 6.3933181473e-01
-3.2877520761e-01 7.4617197644e-01 5.7890780305e-01
-5.7263939933e-01 -6.4495234870e-01 5.0608357634e-01
-1.6352315551e+00 -2.9544089663e+00 2.2593376272e+01
0 0 0
0 0 0
0 0 0
0 0 0
0 0 0
0 0 0
0 0 0
0 0 0
0 0 0
0 0 0
0 0 0
0 0 0
0 0 0
0 0 0
0 0 0
0 0 0
0 0 0
0 0 0
0 0 0
0 0 0
8.7901763479e+04 4.9243791600e-03 1.5588052779e-06
7.8791576825e-01 -1.1051872074e-01 6.0578408242e-01
3.6702807586e-02 9.9044189994e-01 1.3295768782e-01
-6.1468825112e-01 -8.2525482124e-02 7.8444113784e-01
-1.9871088507e+00 -1.1676863207e+00 -6.3354220554e+01
0 0 0
0 0 0
0 0 0
0 0 0
0 0 0
6.7777633738e+02 -2.5887749382e-01 1.1434527264e-01
-8.7453204959e-01 7.1589489416e-02 -4.7965470836e-01
3.4025032410e-01 -6.1419777688e-01 -7.1203286990e-01
-3.4557692515e-01 -7.8589823506e-01 5.1277729369e-01
1.5649799919e+00 2.3417054403e-01 5.0719295484e+00
0 0 0
0 0 0
0 0 0
0 0 0
0 0 0
0 0 0
0 0 0
0 0 0
0 0 0
0 0 0
1.4733583357e+03 -1.2024467647e-01 4.1083716185e-01
9.6791200798e-01 4.6632183722e-02 2.4692465299e-01
-1.5060489411e-01 8.9424860497e-01 4.2147075626e-01
-2.0115792473e-01 -4.4513466721e-01 8.7257699796e-01
-1.4095331515e+00 -1.6632357689e+01 -5.0834436089e+01
0 0 0
0 0 0
0 0 0
0 0 0
0 0 0
5.8478166511e+03 7.6743074434e-02 -1.2933601612e-02
9.1281147334e-01 -3.0849882822e-02 4.0721431564e-01
-2.2544231179e-01 7.9336972206e-01 5.6545578799e-01
-3.4051575322e-01 -6.0795786766e-01 7.1724211600e-01
-1.4652108699e+01 -3.9995215856e+01 -7.6806020043e+01
0 0 0
0 0 0
0 0 0
0 0 0
0 0 0
0 0 0
0 0 0
0 0 0
0 0 0
0 0 0
5.8968214354e+02 -1.2471845834e-01 2.6887448026e-01
9.5514607468e-01 -1.7549664752e-02 2.9561458912e-01
-1.0303943556e-01 9.1617101640e-01 3.8731581872e-01
-2.7763078135e-01 -4.0040314431e-01 8.7326884250e-01
-3.1919453353e+00 -1.5409957877e+01 -5.2783302729e+01
8.3990889598e+02 1.4304008345e-01 -4.7351017505e-01
7.0360176054e-01 -6.2028961647e-02 7.0788203147e-01
-1.0865689034e-01 9.7507633201e-01 1.9344205058e-01
-7.0223802428e-01 -2.1302242762e-01 6.7932554978e-01
-3.4181477431e+00 1.9321142036e+00 -1.3137378646e+01
1.4966110586e+03 3.6095561733e-01 -1.4601930280e+00
9.7555978609e-01 5.4017734253e-02 2.1299105181e-01
-1.3012650926e-01 9.2308713959e-01 3.6190775663e-01
-1.7705986375e-01 -3.8077843572e-01 9.0755583164e-01
-1.8178179492e+00 -1.3624785405e+01 -4.1338047268e+01
8.7959565423e+02 1.8750988149e-02 -6.4288953718e-02
9.9136162532e-01 4.8363258865e-02 1.2191440866e-01
-9.0718351963e-02 9.2416150641e-01 3.7107369982e-01
-9.4722270155e-02 -3.7892810040e-01 9.2056568819e-01
-1.0985617968e-01 -1.2017197339e+01 -3.8248687490e+01
0 0 0
0 0 0
0 0 0
0 0 0
0 0 0
6.4683708077e+03 -7.6139688139e-01 -8.7678723355e-02
9.0112288876e-01 8.6120188369e-03 4.3347822608e-01
-3.4507066821e-01 6.1956288139e-01 7.0503054540e-01
-2.6249528243e-01 -7.8489978286e-01 5.6127404854e-01
-1.6965775197e+00 -2.8506827848e+00 -2.4387177532e+01
8.2489240634e+02 -5.6033989541e-02 -5.7518990308e-01
9.6204475087e-01 3.4006463069e-02 2.7076458001e-01
-1.1459117119e-01 9.5083099528e-01 2.8773126681e-01
-2.4766663240e-01 -3.0783758524e-01 9.1863880841e-01
-1.5443446538e+00 -1.0303836763e+01 -5.9606496530e+01
0 0 0
0 0 0
0 0 0
0 0 0
0 0 0
0 0 0
0 0 0
0 0 0
0 0 0
0 0 0
1.8042162940e+03 -9.3428706660e-02 1.1752236145e-01
7.6016503374e-01 2.7897263941e-04 6.4972997749e-01
-1.7286689731e-01 9.6404333788e-01 2.0183527566e-01
-6.2631154970e-01 -2.6574492443e-01 7.3288026161e-01
-1.7724011487e+00 1.9600725622e+00 -1.4698879267e+01
5.1501342643e+04 1.2833803872e-01 1.8399798058e-04
8.5233805522e-01 -8.7893013490e-03 5.2291738144e-01
-6.2622592453e-02 9.9094998476e-01 1.1872884495e-01
-5.1922851477e-01 -1.3394355486e-01 8.4407397399e-01
-3.4000388626e+00 1.6423470302e+01 -8.6499461900e+02
0 0 0
0 0 0
0 0 0
0 0 0
0 0 0
0 0 0
0 0 0
0 0 0
0 0 0
0 0 0
0 0 0
0 0 0
0 0 0
0 0 0
0 0 0
0 0 0
0 0 0
0 0 0
0 0 0
0 0 0
2.4558369904e+02 -1.3243225905e-01 9.4511050682e-03
9.4305561269e-01 4.5130345011e-02 3.2955934721e-01
-1.7100660082e-01 9.1557941467e-01 3.6396576476e-01
-2.8531185368e-01 -3.9959678101e-01 8.7115989276e-01
-1.5027633244e+00 -2.1987336588e+00 -3.8314833499e+00
0 0 0
0 0 0
0 0 0
0 0 0
0 0 0
0 0 0
0 0 0
0 0 0
0 0 0
0 0 0
6.5948231380e+03 8.1462376371e-01 2.3889215801e-02
7.8862070522e-01 2.2130167685e-03 6.1487599226e-01
-1.1431136853e-01 9.8308838021e-01 1.4307392401e-01
-6.0416081827e-01 -1.8311837500e-01 7.7553682466e-01
-3.1766548117e+01 -8.9351943726e+00 -3.2420414487e+02
1.2013969484e+03 -8.6667281703e-02 1.2630158602e-01
9.7796965055e-01 3.4410829306e-02 2.0589137287e-01
-1.2202401807e-01 8.9449267347e-01 4.3010812144e-01
-1.6936794741e-01 -4.4575638182e-01 8.7898563495e-01
-1.2920855064e+00 -1.7091318711e+01 -4.4966797143e+01
0 0 0
0 0 0
0 0 0
0 0 0
0 0 0
0 0 0
0 0 0
0 0 0
0 0 0
0 0 0
6.1005048035e+02 1.8024764312e-01 -5.9463405602e-02
8.4153287303e-01 -2.4531795423e-01 4.8129151763e-01
-2.4256673016e-01 6.2447381532e-01 7.4242429607e-01
-4.8268395978e-01 -7.4151976057e-01 4.6600926993e-01
2.4642054211e+00 -1.0413927813e+01 -5.3618440311e+00
4.6883998598e+04 4.5332141106e-03 8.4035517742e-07
8.0216844997e-01 2.4760886542e-01 5.4333748963e-01
-5.7637340654e-01 5.5876315110e-01 5.9630314204e-01
-1.5594702337e-01 -7.9150084696e-01 5.9093733607e-01
-6.0308122314e+00 2.5483314899e+00 -2.3924279980e+02
0 0 0
0 0 0
0 0 0
0 0 0
0 0 0
0 0 0
0 0 0
0 0 0
0 0 0
0 0 0
0 0 0
0 0 0
0 0 0
0 0 0
0 0 0
5.8716997417e+02 2.8735956124e-01 1.1926660923e+00
-9.0331754818e-01 1.4490356510e-01 -4.0375780360e-01
3.3209155271e-01 -3.5956712767e-01 -8.7202447289e-01
-2.7153748869e-01 -9.2179956472e-01 2.7668204625e-01
6.0793997179e-01 7.6405026764e+00 8.7621754531e+00
1.3800216847e+03 7.4071404168e-02 -2.8342266941e-01
9.8704908442e-01 4.1901247310e-02 1.5484957353e-01
-1.1393006675e-01 8.6265827452e-01 4.9278863755e-01
-1.1293380734e-01 -5.0404859576e-01 8.5625987193e-01
2.0500042513e+00 -1.3831417423e+01 -3.9685115117e+01
0 0 0
0 0 0
0 0 0
0 0 0
0 0 0
0 0 0
0 0 0
0 0 0
0 0 0
0 0 0
0 0 0
0 0 0
0 0 0
0 0 0
0 0 0
0 0 0
0 0 0
0 0 0
0 0 0
0 0 0
3.9248139786e+03 -3.1318562501e-01 3.9558303240e-02
9.2821500108e-01 -1.2565621335e-02 3.7183197405e-01
-8.1313170629e-02 9.6841548045e-01 2.3571089391e-01
-3.6304969363e-01 -2.4902522440e-01 8.9787602572e-01
-3.5809445901e+00 -1.5170724232e+01 -1.4920830456e+02
4.5418816910e+03 3.2170724519e-01 2.0689393273e-02
9.0547838688e-01 -2.7587641634e-02 4.2349476139e-01
-8.2641664971e-02 9.6732053284e-01 2.3971095500e-01
-4.1626823817e-01 -2.5205140104e-01 8.7360794704e-01
-3.9902992551e+00 -2.1053273696e+01 -2.4617674474e+02
0 0 0
0 0 0
0 0 0
0 0 0
0 0 0
0 0 0
0 0 0
0 0 0
0 0 0
0 0 0
0 0 0
0 0 0
0 0 0
0 0 0
0 0 0
0 0 0
0 0 0
0 0 0
0 0 0
0 0 0
0 0 0
0 0 0
0 0 0
0 0 0
0 0 0
0 0 0
0 0 0
0 0 0
0 0 0
0 0 0
4.2573196599e-01 -7.7228773720e-01 4.3803564944e-01
161 161 159
12 11 221 -229.4700 -311.1899 34 24 -171.8900 -640.6500 41 187 -108.7800 -58.3199 51 2459 -54.6400 -534.7700 3 693 258.7000 -312.4200 10 2112 -122.8100 -611.8101 22 5896 414.4500 -295.2500 52 1842 6.4900 -295.5100 2 1931 13.1600 -508.4800 68 1801 -22.6500 -471.8600 82 2829 -71.3400 -416.1801 55 1527 -15.5100 -151.7600
-2.8426142007e-01 1.5775076810e+00 1.1713387530e+00
172 166 150
3 11 421 -325.7600 132.5601 34 214 -263.5300 -195.4400 29 2578 -63.8400 -357.5699
2.7712799897e+00 2.1170140497e-01 2.3242911441e+00
181 181 174
7 11 830 313.5601 -126.5900 34 440 371.1000 -460.6899 50 1036 10.1000 139.2700 58 163 224.1200 260.1600 64 625 152.6200 -134.9700 3 1833 459.4600 -240.8100 10 4381 16.1500 -563.8101
2.3631444022e+00 1.2353764035e+00 2.5555370388e+00
132 127 122
4 11 615 267.2700 75.3400 34 462 311.3000 -264.8800 50 664 -1.5200 211.8500 58 89 206.7700 399.5200
-1.6563236363e+00 -1.3315339011e+00 7.4285660509e-01
168 170 171
2 11 820 -431.5000 -199.2100 34 431 -378.6400 -518.1200
1.2463687597e+00 -7.3166214638e-01 8.4252567483e-01
115 112 103
8 11 1141 -69.6600 -314.9900 34 416 -6.5300 -646.0601 50 978 -114.6900 83.7100 41 1038 -9.0000 -63.1600 59 16896 -106.5800 933.3701 10 14131 -83.6300 -614.7400 22 40402 435.2500 -295.5601 77 4764 115.6700 -506.2400
-2.0804185570e+00 -1.7470218126e+00 8.3307025371e-01
106 100 88
3 11 1174 -453.4000 -208.0400 34 628 -400.8800 -529.2900 41 1063 -245.6300 5.9099
2.8180606101e+00 -7.6169668971e-02 2.2308692837e+00
97 89 78
8 11 1189 313.3800 -180.0300 34 635 374.2800 -513.7500 50 1015 8.6700 121.1100 58 275 219.8300 225.7900 64 1276 152.4200 -158.7500 59 17060 4.7000 975.6001 3 4850 460.8400 -262.0100 29 20546 96.6500 -447.5200
-3.4623350165e+00 -5.0000130814e-01 2.8705605982e-01
171 170 165
2 11 841 -743.6100 -56.5900 34 453 -678.5800 -347.0900
1.4219126616e+00 6.8817959254e-01 1.7102947801e+00
30 29 26
6 11 1857 24.2400 -43.1600 34 1054 80.0400 -372.3700 50 1679 -83.0400 176.3800 51 15784 -1.9100 -477.7200 3 4891 352.0699 -208.3900 22 40765 446.9500 -256.4301
8.9702424199e-01 -8.4456404786e-01 6.2050774222e-01
173 173 171
6 11 1709 -140.7100 -330.1200 34 953 -79.5800 -661.3000 41 1531 -50.8600 -72.6500 22 40384 426.0000 -297.6100 77 6852 102.2400 -508.9700 44 12219 -15.6900 -502.5800
9.7074025933e-01 -8.0246025764e-01 7.4639462093e-01
79 76 64
7 11 1714 -116.8000 -314.7900 34 956 -53.9600 -644.6801 41 1535 -39.5600 -63.8900 3 5852 298.9200 -315.3700 10 14132 -95.4301 -614.7900 29 20408 -13.1200 -483.5800 44 19421 -12.0100 -499.9800
-1.7357641940e+00 -3.1281084252e+00 6.3056938146e-01
75 74 71
3 11 1689 -384.0400 -380.5900 34 934 -336.1200 -715.6700 10 14099 -158.2400 -629.1599
2.0614908459e+00 -1.0944299934e+00 1.3957962199e+00
53 48 44
5 11 1703 116.0800 -345.3800 34 945 184.1000 -681.1100 64 1776 63.7400 -230.4500 41 1526 111.8600 -80.5900 10 14115 -36.8101 -622.3899
6.9557824523e-01 8.1209400601e-01 1.4327992360e+00
115 109 98
6 11 1880 -121.1801 -11.2500 34 1070 -63.2000 -337.9301 58 463 -39.6300 367.0900 59 28485 -120.2600 1033.0801 10 14405 -93.7900 -530.8900 29 20716 -11.8700 -400.9100
2.2345039952e-01 1.1217472881e+00 1.2304166288e+00
83 76 70
8 11 2869 -227.8800 37.9900 34 1659 -169.6000 -288.7400 41 1640 -108.7900 180.3000 51 15910 -53.3300 -457.9700 59 28568 -151.1200 1051.2500 10 14446 -120.1600 -515.9800 77 11324 84.1700 -432.3700 68 12779 -22.9900 -416.3101
4.7531384511e-01 1.0695013375e+00 1.4355876641e+00
64 57 48
7 11 2872 -159.2500 39.6400 34 1658 -102.1500 -288.5699 58 476 -62.7000 405.2800 10 14451 -103.0600 -515.7100 27 11832 210.5601 212.2500 29 20759 -22.0300 -386.3101 68 12781 -12.9100 -415.9700
3.9055682106e-01 4.4792706149e+00 5.3503679635e+00
85 72 55
5 11 2288 214.8400 1087.0300 34 1386 257.3700 647.5601 71 1704 450.2400 -398.6700 25 2554 640.3701 -770.5500 27 12447 320.7600 451.1000
2.1480891180e-01 4.5544998365e+00 5.2946300023e+00
96 78 65
5 11 2293 175.6899 1104.2000 34 2071 222.4900 662.6600 71 1705 428.0400 -393.5900 25 2557 608.3401 -757.4200 27 12454 311.0800 456.3600
1.4471787085e+00 1.4191402590e-01 1.5753367755e+00
116 112 102
6 11 2749 23.3400 -134.1899 34 1561 83.4900 -462.3101 50 2514 -83.1300 143.7500 64 2886 28.5100 -139.3800 10 22166 -59.1899 -565.5500 29 33099 22.8300 -434.7600
1.4578329586e+00 4.3321665592e-01 1.6928326918e+00
186 181 175
8 11 2784 33.3101 -82.3199 34 1587 90.1000 -411.8800 50 3686 -80.3700 162.3600 41 2401 63.3900 97.7400 51 26827 -0.0800 -485.4500 59 47175 -75.3101 1008.7700 10 22254 -54.5100 -549.7200 77 11283 134.9700 -456.8400
2.9721584473e-02 3.7580124140e+00 3.9153672278e+00
185 179 172
5 11 2236 -4.6899 805.9800 34 2006 53.6100 410.1899 17 2838 135.1899 -708.5000 76 639 36.1200 -294.6100 41 1861 11.6800 691.3201
3.6462225526e-01 3.6821458148e+00 3.9948284593e+00
199 196 188
5 11 7185 61.7100 788.5601 34 4291 115.2200 394.9800 54 4285 102.4399 542.1200 17 6438 199.6300 -726.6899 41 2739 56.5000 672.4000
1.2307380159e+00 4.1506626125e+00 5.6694227729e+00
180 180 182
5 11 10592 407.6200 1015.7500 34 6528 436.2600 585.0500 71 4857 559.0300 -418.2900 25 8495 802.2300 -826.3300 27 40896 368.3700 428.2300
-4.5705503609e+00 2.3049321978e+00 1.7468036138e+00
166 163 158
2 11 56 -865.3500 522.6500 34 14 -755.4700 219.9400
2.9961191114e+00 2.5599004937e+00 5.6590915480e+00
161 153 149
2 11 58 720.7700 609.0100 34 59 735.3800 243.8600
-3.3232596748e+00 3.3964312615e+00 2.7457005013e+00
173 167 156
2 11 61 -650.2800 749.8800 34 18 -532.7900 409.4399
1.3497090996e+00 6.4038573378e-01 1.6448760243e+00
112 107 102
2 11 103 7.3400 -53.5900 34 32 62.4800 -381.3600
3.2945843561e+00 2.8615269125e-01 3.1774861898e+00
189 182 172
2 11 104 489.5000 -51.5900 34 30 547.8000 -386.2100
-1.4718129960e+00 5.7881464716e-01 6.2737845927e-01
161 159 146
2 11 106 -516.0100 2.1899 34 36 -451.1700 -311.4800
-4.2470006006e+00 1.3430058099e+00 1.1711743721e+00
182 178 175
2 11 120 -837.7700 307.2200 34 43 -744.1300 20.2800
3.3070231138e+00 1.8708951029e+00 5.1659240015e+00
189 186 181
3 11 128 710.9600 418.2600 34 46 743.8199 69.0100 54 45 945.4399 213.8500
-4.9644202020e+00 1.9429522722e+00 1.5710876833e+00
183 182 178
2 11 132 -910.4000 460.4399 34 52 -797.2600 179.0800
-2.3621269815e+00 2.5947884194e+00 2.0298220429e+00
141 140 137
2 11 134 -565.4700 499.5500 34 50 -472.1200 172.1600
-3.1938874734e+00 2.6834531779e+00 2.1355055183e+00
186 185 180
2 11 142 -669.7800 560.4900 34 58 -563.3200 241.1700
2.6292946043e+00 2.9160041394e+00 5.6320322117e+00
211 203 189
2 11 147 654.8899 693.7400 34 153 670.5100 314.7800
2.6292946043e+00 2.9160041394e+00 5.6320322117e+00
211 203 189
2 11 148 654.8899 693.7400 34 154 670.5100 314.7800
-2.6858420239e+00 3.5126969600e+00 2.8999596582e+00
135 128 113
3 11 149 -550.4900 761.2100 34 67 -437.1100 409.4200 17 115 -350.3000 -778.9900
-1.5614485886e+00 3.7827712040e+00 3.3831455560e+00
154 147 136
2 11 151 -334.6400 820.3400 34 163 -241.5700 443.4800
3.6298402312e+00 6.6378770244e-01 4.1272482866e+00
194 188 172
3 11 252 647.3701 86.6899 34 101 699.6100 -241.1800 50 268 128.4500 193.6300
3.9086426177e+00 5.2896188436e-01 4.6906790068e+00
182 177 174
2 11 254 744.7100 113.1300 34 39 802.0300 -213.8200
-3.7184615243e+00 5.6670832830e-01 6.7958496071e-01
183 179 170
2 11 256 -790.5700 127.9000 34 108 -709.4000 -159.6900
-3.8599997694e+00 4.5568368019e-01 7.4394904800e-01
183 179 170
3 11 257 -790.5700 127.9000 34 109 -709.4000 -159.6900 64 261 -309.5900 -56.3400
-8.5676748881e-01 1.4990213313e+00 1.0232710678e+00
70 58 46
2 11 258 -426.2300 139.4299 34 105 -359.4700 -184.4900
3.6903092876e+00 8.9319584378e-01 4.3725902264e+00
65 57 44
3 11 259 689.4600 147.4900 34 102 735.7000 -187.3000 54 110 948.1201 -130.9800
3.6903092876e+00 8.9319584378e-01 4.3725902264e+00
65 57 44
3 11 260 689.4600 147.4900 34 103 735.7000 -187.3000 54 111 948.1201 -130.9800
1.6047801351e+00 1.7190801072e+00 2.2989089875e+00
185 174 152
2 11 263 105.4301 165.7600 34 106 150.1700 -172.5500
1.6122729491e+00 1.7324396632e+00 2.2843468413e+00
185 174 152
3 11 264 105.4301 165.7600 34 107 150.1700 -172.5500 50 282 -54.5100 251.9500
3.1967314594e+00 1.3134602182e+00 4.1465316981e+00
164 160 151
2 11 268 580.4299 216.6100 34 110 624.1600 -121.1100
3.1967314594e+00 1.3134602182e+00 4.1465316981e+00
164 160 151
2 11 269 580.4299 216.6100 34 111 624.1600 -121.1100
2.2708210626e+00 1.8506140033e+00 3.0763573070e+00
68 55 39
4 11 270 305.6500 238.2500 34 113 344.5200 -107.3100 54 115 444.9200 -83.3000 50 288 17.4900 266.8200
2.6958529685e+00 1.9271936928e+00 4.1255014729e+00
156 152 143
4 11 278 494.1899 344.6100 34 121 529.9500 -2.5200 54 124 672.1100 84.7600 50 293 88.3300 290.9900
1.1523559307e+00 2.4924510644e+00 2.4868592472e+00
173 162 144
3 11 279 38.8101 349.6300 34 120 82.1200 -8.4300 54 119 113.4100 13.4900
-2.7281849262e+00 2.1577530575e+00 1.5898146736e+00
159 157 151
3 11 282 -648.9700 398.5901 34 125 -555.0300 89.4500 64 287 -257.8400 62.0900
2.3964590664e+00 2.2726635968e+00 4.0924814217e+00
185 177 165
2 11 284 441.1000 418.3401 34 124 475.1801 64.4500
-3.7354584344e+00 2.1356582684e+00 1.6939575700e+00
174 173 168
2 11 285 -761.5100 452.4399 34 131 -658.3000 149.8600
-1.1836771933e+00 2.7012593044e+00 2.1491409101e+00
144 134 125
2 11 286 -387.2700 473.1100 34 129 -304.8300 133.0100
-1.1836771933e+00 2.7012593044e+00 2.1491409101e+00
144 134 125
2 11 287 -387.2700 473.1100 34 130 -304.8300 133.0100
2.2759532650e+00 2.5232587426e+00 4.2828938730e+00
87 75 66
2 11 289 441.2400 493.4299 34 240 474.0800 129.7200
-1.9214131847e+00 2.7195428164e+00 2.1864111832e+00
58 49 39
2 11 290 -491.1800 514.6500 34 137 -398.7100 182.3700
-1.9214131847e+00 2.7195428164e+00 2.1864111832e+00
58 49 39
2 11 291 -491.1800 514.6500 34 138 -398.7100 182.3700
-1.3838673176e+00 3.1220184991e+00 2.5810520734e+00
59 48 31
2 11 297 -382.4600 604.5801 34 143 -292.7000 252.6200
6.5276981044e-01 3.3828741327e+00 3.6885453635e+00
150 143 115
2 11 304 80.0500 677.9700 34 151 130.0000 294.3400
8.4663072766e-01 3.4992153418e+00 4.1362848482e+00
154 151 134
3 11 308 164.7300 738.7600 34 157 209.0000 349.2100 54 147 230.8300 499.3201
-1.1467505992e+00 3.7436242616e+00 3.4039003690e+00
86 72 57
2 11 315 -266.3500 799.3700 34 162 -179.6800 418.5900
6.6176230522e-02 4.0264944827e+00 4.4169304555e+00
194 185 181
3 11 318 54.5300 910.5400 34 268 109.5699 502.1200 25 428 524.8400 -903.7400
-1.4981151885e+00 4.0623694880e+00 3.7400855488e+00
89 75 70
2 11 319 -290.1801 910.2500 34 170 -198.7800 518.4299
2.2347430571e+00 5.6122610463e-01 2.1601675331e+00
194 190 183
5 11 393 206.2000 -61.3199 34 200 260.4200 -393.9100 50 418 -23.7400 165.3500 58 58 161.5900 310.9600 64 415 108.7900 -105.0300
-2.2737385665e+00 -1.0898174322e-01 5.0401438001e-01
89 78 67
2 11 398 -596.5900 -53.3600 34 202 -533.6400 -356.1500
-5.4242642073e+00 -1.1039408803e+00 -4.9382019688e-02
190 187 178
2 11 399 -955.3800 -54.7500 34 206 -893.5200 -325.8900
-5.4242642073e+00 -1.1039408803e+00 -4.9382019688e-02
190 187 178
2 11 400 -955.3800 -54.7500 34 207 -893.5200 -325.8900
-3.2646909672e+00 -1.1138489750e-01 4.4897309820e-01
169 163 141
3 11 407 -724.0000 -3.9000 34 211 -654.5900 -295.8700 64 417 -282.4300 -104.9300
1.0318777833e+00 9.5055442237e-01 1.7255292308e+00
173 172 168
5 11 408 -39.6700 19.6700 34 208 18.8800 -309.0601 50 434 -102.7000 202.0400 64 430 4.0500 -70.0700 59 3240 -95.9399 1044.8799
3.3565608615e+00 7.0907728434e-01 3.7092895801e+00
170 166 155
3 11 410 557.4500 64.9000 34 212 609.6700 -267.8400 50 428 98.3000 190.7900
-2.1500398525e+00 7.4641478344e-01 7.3160214301e-01
179 174 155
2 11 416 -601.2600 73.5699 34 320 -528.7200 -231.3800
1.3391270852e+00 1.4045234196e+00 2.0096822787e+00
179 175 164
2 11 417 32.3500 99.8600 34 213 83.8199 -233.9600
-2.7064077135e-01 1.5882569604e+00 1.1627489562e+00
172 166 150
2 11 422 -325.7600 132.5601 34 215 -263.5300 -195.4400
3.7121063753e+00 9.8831065333e-01 4.6722638800e+00
186 182 173
3 11 426 721.2100 191.5200 34 221 767.5400 -136.5700 50 437 156.5200 224.0300
2.9748607075e+00 1.3774232987e+00 3.6895442203e+00
166 158 146
2 11 427 496.2800 188.5400 34 218 537.1899 -150.2300
-1.8111744242e+00 1.4783853915e+00 1.1151227729e+00
175 167 153
2 11 428 -546.6000 199.7600 34 225 -471.0100 -114.4500
2.5749523792e+00 1.8735430791e+00 3.6823388007e+00
165 159 145
2 11 437 427.1300 293.2300 34 230 464.2100 -53.1300
2.1332606180e+00 2.0395845061e+00 3.2062723947e+00
150 147 140
2 11 438 296.4399 292.7400 34 231 335.1100 -55.0900
-1.2272199195e-01 2.7604837760e+00 2.1973753367e+00
146 135 109
2 11 449 -217.6801 437.3201 34 350 -153.7300 82.4200
-9.5346802907e-01 2.6089705184e+00 2.0689285028e+00
155 149 137
2 11 450 -357.3600 436.8301 34 351 -281.2300 96.8800
1.1286900066e+00 2.7609635771e+00 3.0038261429e+00
120 113 98
2 11 454 92.1801 456.6899 34 237 135.1801 94.8600
-1.5278509285e+00 2.6520849849e+00 2.0779899746e+00
187 186 181
3 11 459 -444.8500 471.8101 34 244 -359.7500 139.2400 64 294 -175.3600 107.8200
-7.7459478271e-01 2.8089750454e+00 2.2668046146e+00
153 144 124
2 11 463 -313.7600 485.2800 34 354 -238.8200 137.2000
-7.7459478271e-01 2.8089750454e+00 2.2668046146e+00
153 144 124
2 11 464 -313.7600 485.2800 34 355 -238.8200 137.2000
1.5688998157e+00 2.7486947441e+00 3.5547010793e+00
140 133 123
2 11 466 232.9301 492.0500 34 241 272.1100 126.8800
1.5688998157e+00 2.7486947441e+00 3.5547010793e+00
140 133 123
2 11 468 232.9301 492.0500 34 242 272.1100 126.8800
1.3307020437e+00 2.8768669109e+00 3.4781389490e+00
142 133 118
2 11 470 181.7500 520.0500 34 357 221.5699 153.3100
1.0608581389e+00 3.0653072388e+00 3.4302230460e+00
139 132 122
2 11 472 125.8700 567.4099 34 245 169.8900 192.8200
1.2961725658e+00 3.0928960754e+00 3.9035386959e+00
183 177 168
2 11 475 221.3199 610.6599 34 248 263.6600 234.3800
8.9518469388e-01 3.1954190642e+00 3.5907655672e+00
77 64 55
2 11 477 112.8700 617.8500 34 250 161.2200 240.1000
-2.5661632928e-01 3.2879902691e+00 2.9007215850e+00
75 60 45
3 11 480 -168.3600 620.0100 34 253 -100.6800 250.5300 54 258 -165.0900 335.1100
7.6661407798e-01 -5.3416077193e-01 9.9398755538e-01
177 177 175
3 11 573 -126.1801 -240.1600 34 291 -62.2700 -564.7000 64 606 -35.1500 -185.3800
1.7607795900e+00 -5.7416156430e-02 1.6213504187e+00
171 172 166
2 11 581 77.7800 -176.7200 34 294 140.8300 -503.9200
-3.2466835081e+00 -1.1977650858e+00 9.3643527894e-02
148 148 148
2 11 583 -703.6200 -167.9100 34 300 -645.0400 -460.6400
-2.5619152790e+00 -7.3376296284e-01 2.3076277075e-01
189 186 181
2 11 590 -634.1500 -138.5300 34 198 -572.4300 -441.6200
-3.4884183157e+00 -8.4303987007e-01 1.3927126796e-01
176 174 161
2 11 593 -745.7300 -108.3600 34 305 -683.1700 -401.7300
-4.9460918663e+00 -1.0368196090e+00 2.4429703433e-02
186 187 190
2 11 600 -903.2300 -68.3900 34 310 -839.8500 -337.3600
-4.1274216741e+00 -1.3883265380e-01 3.9511057787e-01
167 164 155
2 11 609 -827.1600 31.7800 34 315 -755.0500 -250.0700
-4.1274216741e+00 -1.3883265380e-01 3.9511057787e-01
167 164 155
2 11 610 -827.1600 31.7800 34 316 -755.0500 -250.0700
-1.1563124172e+00 1.0504736702e+00 8.5149928547e-01
111 102 88
2 11 613 -468.0000 71.8500 34 317 -402.0400 -244.6900
-1.2886191599e+00 1.2691930777e+00 1.0185896661e+00
146 140 126
2 11 620 -475.2900 128.4800 34 321 -406.8300 -187.2500
2.9946088268e+00 1.1600342535e+00 3.5877137354e+00
77 61 53
4 11 622 484.2900 141.6300 34 476 531.3199 -193.1000 54 323 684.7000 -170.7100 50 669 76.4600 221.9700
3.4477833316e+00 9.8487731005e-01 4.1511726516e+00
184 178 166
3 11 623 622.5701 149.5300 34 322 668.4800 -181.4100 54 324 864.4900 -135.8500
-2.7525666453e+00 9.7372501849e-01 9.1520556265e-01
182 175 165
2 11 626 -667.0900 155.3101 34 327 -587.8400 -142.5400
1.4097945354e+00 1.7568264668e+00 2.1319519008e+00
177 171 166
3 11 627 50.6700 165.0901 34 323 101.1899 -174.1600 51 3588 5.1700 -429.7300
-1.2142588249e+00 1.4772020882e+00 1.1065836808e+00
157 147 127
2 11 628 -465.3400 164.4299 34 325 -393.8300 -153.5900
2.7930231778e+00 1.4419895034e+00 3.5816729720e+00
104 88 72
4 11 629 450.8700 197.3201 34 328 492.3600 -142.4000 54 327 633.1700 -104.3300 50 445 66.5700 242.2400
-4.5305288320e+00 8.8510282500e-01 9.2746136045e-01
171 166 159
3 11 632 -870.5100 234.0601 34 336 -782.3200 -46.0900 64 660 -342.9600 -19.8200
2.4079946025e+00 1.9823457947e+00 3.5208961635e+00
100 85 63
2 11 644 380.4200 303.5300 34 334 417.0200 -45.1500
2.4079946025e+00 1.9823457947e+00 3.5208961635e+00
100 85 63
2 11 645 380.4200 303.5300 34 335 417.0200 -45.1500
3.5843662917e+00 1.5838039152e+00 5.2286548651e+00
163 156 148
3 11 655 764.0701 358.7900 34 341 800.0900 17.7400 50 691 178.7200 277.9900
1.6686888529e+00 2.4328059256e+00 3.0516484592e+00
87 74 58
2 11 657 194.8800 373.0000 34 343 235.2000 14.8600
-1.8379112092e+00 2.4027675799e+00 1.8218847051e+00
174 164 137
3 11 662 -510.5100 418.7300 34 352 -422.2200 94.0400 64 690 -201.7300 82.0400
-6.0329355757e+00 1.9081091673e+00 1.4066447582e+00
191 194 200
2 11 669 -1041.6100 486.3201 34 363 -927.5900 210.1600
3.9009639124e+00 1.8362058209e+00 6.2843186135e+00
129 117 105
2 11 670 924.4399 496.3800 34 356 949.1500 147.2100
-1.7343522577e+00 3.0163722157e+00 2.5189337448e+00
187 187 187
2 11 673 -436.2600 592.2500 34 369 -343.6600 249.9000
2.0886082655e+00 2.8717063145e+00 4.7312879297e+00
74 62 50
2 11 676 457.1801 615.9299 34 368 488.1300 243.3900
1.0385610085e+00 3.2134620631e+00 3.7912826007e+00
168 158 133
2 11 677 162.3700 635.4299 34 370 206.3600 256.6100
1.0385610085e+00 3.2134620631e+00 3.7912826007e+00
168 158 133
2 11 678 162.3700 635.4299 34 371 206.3600 256.6100
-4.6678689697e+00 3.0657348954e+00 2.3447959345e+00
164 156 143
2 11 685 -851.3700 701.4399 34 556 -722.7800 388.1799
-1.1614901217e+00 3.5656909608e+00 3.1614298098e+00
172 161 147
2 11 689 -290.8700 739.9299 34 551 -207.7500 367.5400
-2.6948991732e-01 4.1419986051e+00 4.2798113905e+00
143 131 117
3 11 700 -22.2000 939.0901 34 571 41.5500 525.9399 17 741 117.7500 -592.3500
1.2260171656e+00 4.0617644160e+00 5.5713507928e+00
121 112 98
2 11 704 396.0699 986.8201 34 394 423.6300 561.8101
-5.9000128887e+00 -4.3365556046e+00 -9.1439627212e-01
42 38 35
2 11 789 -904.4700 -405.1700 34 278 -879.2000 -711.0200
-5.8015991574e+00 -3.4471074936e+00 -8.2370751053e-01
163 166 170
2 11 804 -937.6600 -333.6500 34 285 -902.7200 -621.1000
1.6409072995e+00 -4.3305097675e-01 1.2296398367e+00
182 181 177
3 11 810 23.9301 -261.1801 34 286 86.5300 -591.3500 50 613 -83.1200 98.8400
-1.6905137011e+00 -1.7584333045e+00 6.4078059635e-01
172 173 168
2 11 811 -430.9800 -253.0200 34 289 -377.5900 -573.6400
-2.5255344347e+00 -1.6592815156e+00 1.9461438132e-01
184 176 163
2 11 813 -585.0900 -242.5500 34 426 -531.2800 -553.9200
-1.2842262903e+00 -1.1091141249e+00 8.2290152400e-01
167 168 163
2 11 822 -387.4700 -187.5100 34 432 -332.3800 -510.6500
2.3290605993e+00 -7.3645558143e-02 1.9476861361e+00
183 182 178
3 11 824 201.9100 -179.8800 34 433 264.2700 -509.0500 50 1019 -24.7000 123.7900
1.9228295084e+00 9.5181871377e-02 1.7794522877e+00
137 133 123
4 11 827 116.5000 -148.8700 34 435 180.0300 -478.7600 50 1028 -51.9500 135.4000 58 162 105.5000 257.3400
1.7780381686e+00 2.4959899330e-01 1.7568542642e+00
200 200 197
4 11 836 90.6400 -120.4900 34 663 152.4200 -451.3199 50 1044 -61.7600 146.8500 58 174 88.2800 278.1400
1.5397526458e+00 2.2011795895e-01 1.6649259431e+00
193 193 191
3 11 837 45.8600 -119.2400 34 442 105.9000 -448.4600 64 626 37.3900 -132.7200
-3.6698780391e+00 -5.1840227818e-01 2.3714951344e-01
134 126 123
2 11 842 -773.6200 -54.2100 34 455 -705.9100 -339.2800
3.5380292456e+00 2.0114341432e-01 3.4924030861e+00
110 101 94
3 11 843 562.3301 -45.9500 34 449 622.5400 -374.2900 50 1050 95.9300 155.0300
-2.5051306958e+00 -8.7801228484e-02 4.3328599550e-01
172 166 152
2 11 844 -636.4800 -44.4700 34 452 -570.8800 -346.1801
1.0930621897e+00 8.1015442087e-01 1.5731502747e+00
173 168 161
5 11 846 -45.6600 -20.4301 34 451 10.6700 -349.8400 50 653 -106.0100 186.7300 58 179 8.8400 357.4600 39 9 -366.3800 -162.1500
-5.5580917672e-01 9.5647848806e-01 7.1807422409e-01
179 170 154
3 11 849 -396.4800 7.5400 34 460 -336.6400 -314.2200 50 663 -228.8600 209.0000
-2.3405493300e+00 3.3892747324e-01 6.1047560267e-01
167 164 156
2 11 850 -616.9900 17.5800 34 461 -548.6500 -284.2600
-3.1446768605e+00 1.5618519364e-01 5.3748904281e-01
178 174 162
2 11 853 -714.0500 30.8800 34 463 -643.2500 -262.2000
2.9861096448e+00 1.0219956648e+00 3.2127362525e+00
163 154 137
2 11 861 445.9200 80.0300 34 697 491.8000 -260.1400
-4.2515247640e-01 1.3493554810e+00 9.4652550454e-01
153 153 146
2 11 862 -365.7100 82.1500 34 468 -304.8300 -243.2900
2.4737798009e+00 1.2949609288e+00 2.6500870622e+00
180 179 175
3 11 864 297.5699 89.6600 34 465 338.6000 -253.6500 50 1099 8.5900 215.2400
-1.7699596491e+00 1.5925869001e+00 1.2391027407e+00
164 161 146
2 11 885 -531.1100 226.2400 34 482 -453.6300 -87.1400
3.3709925374e+00 1.2935373773e+00 4.5700442901e+00
209 209 211
2 11 890 652.6201 248.6100 34 483 696.9200 -85.2900
3.3709925374e+00 1.2935373773e+00 4.5700442901e+00
209 209 211
2 11 891 652.6201 248.6100 34 484 696.9200 -85.2900
-1.3362725189e+00 1.9755974455e+00 1.5115457026e+00
76 55 39
2 11 897 -454.8500 291.1100 34 488 -378.6600 -31.5100
1.9494669523e+00 2.1391079546e+00 3.1214693748e+00
86 73 56
4 11 900 254.4800 310.4900 34 487 293.2700 -42.1300 54 486 371.8900 2.5000 50 697 2.5200 296.1600
-7.4820274856e-01 2.1824445691e+00 1.6847258697e+00
136 123 104
2 11 901 -356.3900 311.5000 34 492 -285.1400 -20.1400
-7.4820274856e-01 2.1824445691e+00 1.6847258697e+00
136 123 104
2 11 902 -356.3900 311.5000 34 493 -285.1400 -20.1400
1.7658232978e+00 2.2675208554e+00 2.9990895868e+00
150 143 127
2 11 907 207.1200 330.7300 34 758 247.6100 -21.8400
1.7658232978e+00 2.2675208554e+00 2.9990895868e+00
150 143 127
2 11 908 207.1200 330.7300 34 759 247.6100 -21.8400
-3.9140464920e+00 1.5708321895e+00 1.3214384313e+00
62 52 43
2 11 911 -794.7000 338.1400 34 503 -698.5100 47.1200
-3.2624759662e-01 2.4397409588e+00 1.9012706504e+00
82 66 48
2 11 914 -274.5200 356.7900 34 497 -209.3900 14.4900
2.1424008664e+00 2.2189119621e+00 3.5427532131e+00
101 88 69
3 11 915 334.5100 361.4800 34 496 372.1000 8.1300 50 699 33.8900 307.8700
1.8263051000e+00 2.3943467350e+00 3.1538781644e+00
131 119 102
2 11 916 235.8400 368.7800 34 773 272.6300 11.2000
3.7790570915e+00 1.4908682337e+00 5.7340927767e+00
76 63 59
2 11 923 839.8101 384.7600 34 779 878.7900 45.9800
1.4567105287e+00 2.4960038460e+00 2.9561437904e+00
165 158 151
2 11 924 146.4600 384.1300 34 499 187.9399 27.9100
-1.2991249830e-01 2.6061461322e+00 2.0925714957e+00
81 64 49
2 11 929 -225.6200 396.7300 34 502 -162.9400 48.1400
1.9302944738e+00 2.4234422580e+00 3.5238203373e+00
110 94 78
2 11 933 295.2400 408.0000 34 504 332.3000 51.8100
-4.6975468344e+00 1.8581774420e+00 1.5392244421e+00
182 180 181
2 11 936 -876.6400 434.9299 34 518 -770.5500 149.5200
1.6816332859e+00 2.6187549088e+00 3.4638557871e+00
99 83 64
2 11 939 243.6801 451.3401 34 509 281.6500 90.0900
-5.2917618337e-02 2.8097199928e+00 2.2964770888e+00
150 136 119
3 11 940 -197.5100 451.4299 34 789 -131.6700 98.8200 54 794 -184.1000 134.5100
-1.4808913296e+00 2.5976529561e+00 2.0915241933e+00
184 184 176
2 11 942 -433.6600 462.0400 34 515 -347.2200 129.4300
1.4567912987e+00 2.7684325604e+00 3.4111686459e+00
93 79 66
2 11 947 197.0000 485.8401 34 512 236.2700 121.1300
-1.8008527923e+00 2.7486934774e+00 2.1166608794e+00
65 53 42
3 11 955 -485.7900 506.6000 34 525 -394.7300 174.0100 64 1013 -193.2500 119.0700
-8.6238775580e-01 2.9345705018e+00 2.4760641515e+00
99 86 69
2 11 964 -306.4200 532.9800 34 823 -227.8300 183.7400
-1.5189289162e+00 3.0190524297e+00 2.5314645475e+00
109 94 76
2 11 970 -403.4200 584.3700 34 534 -312.9800 239.7200
7.5766311777e-01 3.2315073921e+00 3.4829883023e+00
75 58 42
2 11 976 76.4301 620.5800 34 536 124.9200 242.6100
7.5766311777e-01 3.2315073921e+00 3.4829883023e+00
75 58 42
2 11 977 76.4301 620.5800 34 537 124.9200 242.6100
-1.0318007061e+00 3.3706258092e+00 2.9073665095e+00
105 91 78
4 11 981 -299.3500 667.4299 34 543 -213.9700 304.9200 17 711 -130.9301 -854.5601 64 1040 -116.7900 197.7600
3.1014332997e+00 2.7052096170e+00 6.1051424668e+00
162 153 132
2 11 982 784.0300 678.6100 34 542 797.9301 303.6100
4.4406985678e-01 3.4423505104e+00 3.5469104300e+00
162 153 142
3 11 983 25.1000 686.1200 34 847 79.6899 301.8300 54 853 69.2400 415.9900
2.6282180610e+00 2.9293772374e+00 5.6749662369e+00
207 199 176
2 11 984 658.1201 701.1400 34 849 675.4200 320.5100
-1.9554820985e+00 3.4645865269e+00 2.9606538161e+00
197 195 189
2 11 989 -434.6100 730.7200 34 552 -334.5400 373.1899
-4.4307283689e+00 3.2382061006e+00 2.5004019961e+00
140 132 121
2 11 991 -814.0700 737.1000 34 561 -684.6600 415.8900
7.7386562547e-01 3.5216822820e+00 4.0768764550e+00
183 182 174
3 11 992 145.6700 741.5500 34 549 192.2900 350.9000 54 543 204.6899 497.2100
1.5665684719e+00 3.4757833185e+00 5.0982912475e+00
88 79 62
3 11 1001 404.3600 799.5500 34 559 433.5400 403.8201 54 556 508.2000 611.4700
-1.4558763446e+00 3.7315273972e+00 3.3610870011e+00
169 163 163
3 11 1002 -318.7900 802.0300 34 870 -226.3500 427.8000 17 724 -146.2800 -727.8600
-3.9206743227e+00 3.6361666155e+00 2.8743353688e+00
64 55 48
3 11 1003 -726.8900 825.3201 34 566 -596.2000 484.1500 17 1133 -498.8200 -732.4399
2.3858597982e+00 3.3919236311e+00 6.0154604328e+00
216 220 223
2 11 1006 654.7200 839.6100 34 873 666.2700 439.5100
1.3701006963e+00 3.6689015996e+00 5.1789086268e+00
173 168 164
2 11 1010 377.3101 856.8101 34 876 410.4800 453.4299
2.0738532117e+00 3.5670937940e+00 5.8124934348e+00
147 137 127
3 11 1012 577.8401 869.9700 34 879 593.3101 463.8700 71 730 674.0800 -480.6899
-2.8737312253e+00 4.0840212021e+00 3.4527591502e+00
185 181 169
2 11 1020 -534.7800 931.8301 34 890 -415.8200 557.5300
-2.8737312253e+00 4.0840212021e+00 3.4527591502e+00
185 181 169
2 11 1021 -534.7800 931.8301 34 891 -415.8200 557.5300
-3.7717383931e-01 4.5716295551e+00 4.7501616961e+00
193 189 185
4 11 1032 7.7500 1084.4600 34 1387 70.6899 647.0900 17 1157 142.6899 -467.4399 71 742 342.1300 -414.5400
-4.8411804567e+00 -3.4558695385e+00 -6.0581678956e-01
153 154 158
2 11 1133 -824.5200 -363.9600 34 415 -787.1900 -664.4700
2.3349750088e+00 -8.1644244449e-01 1.6239967135e+00
96 92 83
2 11 1143 176.4200 -308.7900 34 602 244.7200 -644.7000
2.1512852574e+00 -7.1654805902e-01 1.5696939509e+00
189 191 190
4 11 1144 142.2700 -290.7700 34 419 208.7500 -624.7100 50 983 -47.0100 87.6400 64 844 75.2200 -206.6800
-3.1355483508e+00 -2.0969609405e+00 2.7627552758e-02
179 179 171
2 11 1146 -649.9800 -269.8800 34 614 -600.2600 -576.4200
-3.1355483508e+00 -2.0969609405e+00 2.7627552758e-02
179 179 171
2 11 1147 -649.9800 -269.8800 34 615 -600.2600 -576.4200
2.8473835301e+00 -5.4013080662e-01 2.0871189355e+00
186 185 181
2 11 1152 304.2600 -258.2200 34 612 369.2100 -592.7100
1.9654657050e+00 -5.2822362975e-01 1.5625131967e+00
191 190 185
6 11 1153 111.6899 -256.6400 34 613 177.5500 -586.8101 50 2425 -56.3000 100.3900 64 1841 60.6300 -192.4700 51 15479 12.1000 -526.0200 59 16961 -57.4600 950.4299
2.5490761921e+00 -3.6811217361e-01 1.9796378796e+00
158 151 145
4 11 1164 242.5800 -227.8700 34 425 309.7400 -560.8600 50 1003 -12.6000 106.0700 64 1250 119.1400 -180.4600
1.5796823338e+00 -3.8006631232e-01 1.4500972857e+00
99 96 88
3 11 1166 37.3300 -224.2700 34 619 102.8400 -551.6801 51 10102 -1.5300 -519.6700
-2.3783531942e+00 -1.2349110395e+00 1.7841516636e-01
86 77 61
2 11 1175 -592.6700 -210.7900 34 632 -534.7600 -516.6700
3.8109229988e+00 -6.5903225005e-01 3.4512114607e+00
85 82 77
2 11 1186 593.0601 -183.1100 34 636 668.7100 -509.4100
1.6178093283e+00 -4.2255090464e-02 1.5429165556e+00
180 180 180
3 11 1193 46.8400 -173.3000 34 640 110.4600 -501.8600 50 1022 -74.9500 129.0000
3.1473463606e+00 -1.0647872949e-01 2.5519369430e+00
145 144 139
3 11 1194 402.5000 -167.8199 34 637 460.5900 -504.1500 50 1603 37.2000 122.3400
-3.6637710041e+00 -1.3321044343e+00 3.7420019955e-02
169 167 156
2 11 1198 -748.2000 -161.7000 34 661 -691.5100 -456.7900
3.7480730629e+00 -4.4093940978e-01 3.3800933006e+00
174 171 166
4 11 1199 578.7400 -159.9301 34 647 651.8101 -486.9399 27 7610 382.6801 145.4500 77 4797 232.7100 -483.4301
4.0190671983e+00 -7.1438332674e-01 3.9000482291e+00
176 170 158
2 11 1200 665.1699 -153.7900 34 437 747.6899 -475.8700
3.0547373460e+00 -5.5908231534e-03 2.4988258058e+00
187 186 181
