# Bundle file v0.3
90 6301
0 0 0
0 0 0
0 0 0
0 0 0
0 0 0
0 0 0
0 0 0
0 0 0
0 0 0
0 0 0
1.2326435099e+03 -2.5309442853e-01 3.1687461433e-01
9.8911002541e-01 3.8543885427e-02 1.4204128462e-01
-8.3909481889e-02 9.4056750492e-01 3.2907744916e-01
-1.2091549317e-01 -3.3741241470e-01 9.3355894614e-01
6.1468050205e-01 -1.7428504776e+01 -4.3600651540e+01
1.2775558295e+03 -1.4341222306e-01 -2.2342006766e-01
9.8541360706e-01 2.2486817905e-02 -1.6868421992e-01
-6.9135491482e-03 9.9570288331e-01 9.2347014015e-02
1.7003595463e-01 -8.9833797537e-02 9.8133463352e-01
4.3864629172e+00 -3.5766336294e+00 -1.9783847122e+01
0 0 0
0 0 0
0 0 0
0 0 0
0 0 0
0 0 0
0 0 0
0 0 0
0 0 0
0 0 0
0 0 0
0 0 0
0 0 0
0 0 0
0 0 0
0 0 0
0 0 0
0 0 0
0 0 0
0 0 0
0 0 0
0 0 0
0 0 0
0 0 0
0 0 0
0 0 0
0 0 0
0 0 0
0 0 0
0 0 0
5.6341490349e+02 -1.4020753909e-03 -4.3071116141e-02
-9.2934011976e-01 3.3700134803e-02 -3.6768361770e-01
-1.4218699467e-01 -9.5168950670e-01 2.7215793463e-01
-3.4074888166e-01 3.0520711615e-01 8.8923496102e-01
2.7605163085e+00 1.1184459953e+01 9.5978621353e+00
-1.5285608870e+03 6.6557144268e-01 -6.3443505665e-01
9.4223174962e-01 -2.1250904682e-03 3.3495494322e-01
-1.5941149515e-01 8.7663159651e-01 4.5398790647e-01
-2.9459685201e-01 -4.8115748773e-01 8.2565135910e-01
-1.3706246201e+00 -1.3200496961e+00 6.8767706068e+00
0 0 0
0 0 0
0 0 0
0 0 0
0 0 0
0 0 0
0 0 0
0 0 0
0 0 0
0 0 0
0 0 0
0 0 0
0 0 0
0 0 0
0 0 0
0 0 0
0 0 0
0 0 0
0 0 0
0 0 0
0 0 0
0 0 0
0 0 0
0 0 0
0 0 0
4.3118898520e+03 2.3839238383e-01 9.8960875911e-02
-8.2669576581e-01 1.7591241023e-01 -5.3444263931e-01
-8.9898231434e-02 -9.7896247953e-01 -1.8316869729e-01
-5.5542093837e-01 -1.0337933840e-01 8.2511835128e-01
7.0953575006e-01 7.8241133902e+00 1.7885526201e+01
0 0 0
0 0 0
0 0 0
0 0 0
0 0 0
0 0 0
0 0 0
0 0 0
0 0 0
0 0 0
0 0 0
0 0 0
0 0 0
0 0 0
0 0 0
0 0 0
0 0 0
0 0 0
0 0 0
0 0 0
5.9674830025e+04 8.3070963200e-03 9.0207002956e-07
9.4135012703e-01 -3.2203682722e-02 3.3589114480e-01
-4.0680690726e-02 9.7734361401e-01 2.0771264178e-01
-3.3497017739e-01 -2.0919460551e-01 9.1871246714e-01
1.6501995113e+01 -1.1193660284e+01 -2.4234105731e+03
0 0 0
0 0 0
0 0 0
0 0 0
0 0 0
0 0 0
0 0 0
0 0 0
0 0 0
0 0 0
3.0273714043e+03 1.2500237048e+00 2.6810102031e-01
-7.5620600857e-01 1.3699825057e-01 -6.3983119019e-01
-2.6011903578e-01 -9.6019119429e-01 1.0183789876e-01
-6.0040866069e-01 2.4344270320e-01 7.6173820334e-01
-9.4823143524e-01 9.2249819370e+00 1.6434278357e+01
0 0 0
0 0 0
0 0 0
0 0 0
0 0 0
6.8743208288e+02 -3.6209974797e-01 7.6862544078e-01
-9.5585754289e-01 -9.4980286953e-02 -2.7805593463e-01
1.7963483116e-01 -9.3776786421e-01 -2.9719145394e-01
-2.3252459037e-01 -3.3402122380e-01 9.1343425430e-01
-3.7997843988e+00 -3.0713975947e+00 1.1949329742e+01
0 0 0
0 0 0
0 0 0
0 0 0
0 0 0
7.1122424183e+02 -3.3549413384e-02 -1.8643578686e-01
-8.9512514651e-01 4.5401770585e-02 -4.4349707025e-01
-9.7566632450e-02 -9.9063559409e-01 9.5508491558e-02
-4.3500772904e-01 1.2876256814e-01 8.9117252916e-01
1.2034003731e+00 8.7188093697e+00 1.2599511276e+01
0 0 0
0 0 0
0 0 0
0 0 0
0 0 0
0 0 0
0 0 0
0 0 0
0 0 0
0 0 0
0 0 0
0 0 0
0 0 0
0 0 0
0 0 0
0 0 0
0 0 0
0 0 0
0 0 0
0 0 0
-5.0827549897e+03 -5.3744151100e-01 -5.7038810886e-02
8.9400652179e-01 -5.9533756825e-02 4.4408115340e-01
-1.7170408019e-01 8.6994418327e-01 4.6229300972e-01
-4.1384785592e-01 -4.8954351164e-01 7.6751358448e-01
-1.2247824637e+00 -2.9781941381e+00 2.4655655352e+01
0 0 0
0 0 0
0 0 0
0 0 0
0 0 0
0 0 0
0 0 0
0 0 0
0 0 0
0 0 0
0 0 0
0 0 0
0 0 0
0 0 0
0 0 0
0 0 0
0 0 0
0 0 0
0 0 0
0 0 0
8.1711404346e+04 5.6497485200e-03 2.1031775905e-06
9.1699177285e-01 -1.8862521715e-02 3.9845990238e-01
6.1191227200e-02 9.9371060155e-01 -9.3780989978e-02
-3.9418488333e-01 1.1037864668e-01 9.1237866706e-01
-1.4914358374e+00 -5.4628966521e-01 -5.8796623550e+01
0 0 0
0 0 0
0 0 0
0 0 0
0 0 0
7.2845675500e+02 -2.3179317848e-01 1.4163982189e-01
-9.6082942711e-01 2.2602801518e-02 -2.7621717064e-01
1.5009584538e-01 -7.9540356925e-01 -5.8720047619e-01
-2.3297649923e-01 -6.0565854687e-01 7.6085456916e-01
9.7910843390e-01 4.1177635854e-01 4.3534411379e+00
0 0 0
0 0 0
0 0 0
0 0 0
0 0 0
0 0 0
0 0 0
0 0 0
0 0 0
0 0 0
0 0 0
0 0 0
0 0 0
0 0 0
0 0 0
0 0 0
0 0 0
0 0 0
0 0 0
0 0 0
0 0 0
0 0 0
0 0 0
0 0 0
0 0 0
0 0 0
0 0 0
0 0 0
0 0 0
0 0 0
0 0 0
0 0 0
0 0 0
0 0 0
0 0 0
0 0 0
0 0 0
0 0 0
0 0 0
0 0 0
8.4477823618e+02 1.4231777343e-01 -5.1419940236e-01
8.3852824550e-01 4.4516202383e-02 5.4303654502e-01
-4.8020532897e-02 9.9881644776e-01 -7.7286546778e-03
-5.4273788326e-01 -1.9596209027e-02 8.3967349527e-01
-3.0262903283e+00 2.3033344566e+00 -1.3877715021e+01
1.0928513776e+03 1.7853063954e-01 -6.0815675306e-01
9.9226106171e-01 5.9244666113e-02 1.0912403472e-01
-8.8017884794e-02 9.5548668032e-01 2.8159910456e-01
-8.7583316753e-02 -2.8902469318e-01 9.5330681806e-01
-1.2047513884e+00 -1.3458091141e+01 -3.0710931953e+01
6.6783572154e+02 1.1450739407e-01 -5.3729381185e-01
9.9880952192e-01 4.4636243774e-02 1.9675991871e-02
-4.8208563432e-02 9.6482350235e-01 2.5844060000e-01
-7.4480417662e-03 -2.5908148343e-01 9.6582675031e-01
5.5263072765e-01 -1.1840014317e+01 -3.0025696484e+01
0 0 0
0 0 0
0 0 0
0 0 0
0 0 0
6.5865423055e+03 -5.9901345047e-01 -8.3828647879e-02
9.8391546804e-01 5.8661349921e-02 1.6872817716e-01
-1.5150120191e-01 7.7447127191e-01 6.1419999577e-01
-9.4645325100e-02 -6.2988339795e-01 7.7090152901e-01
-9.2922044278e-01 -3.0325285699e+00 -2.5380382927e+01
0 0 0
0 0 0
0 0 0
0 0 0
0 0 0
0 0 0
0 0 0
0 0 0
0 0 0
0 0 0
0 0 0
0 0 0
0 0 0
0 0 0
0 0 0
1.7242829116e+03 -6.2194077571e-02 8.6892225477e-02
8.9887431480e-01 9.3736043024e-02 4.2806368735e-01
-1.1372425328e-01 9.9328402283e-01 2.1298924930e-02
-4.2319234445e-01 -6.7826279752e-02 9.0349755693e-01
-1.2557206565e+00 2.2855875062e+00 -1.4911493561e+01
5.1047781374e+04 1.5279534426e-01 2.0312194157e-04
8.9727952160e-01 1.1581638322e-02 4.4131091735e-01
-6.2915594132e-02 9.9280660768e-01 1.0186593031e-01
-4.3695662042e-01 -1.1916755177e-01 8.9155370364e-01
-2.9987131990e+00 1.7254565471e+01 -8.9094317339e+02
0 0 0
0 0 0
0 0 0
0 0 0
0 0 0
0 0 0
0 0 0
0 0 0
0 0 0
0 0 0
0 0 0
0 0 0
0 0 0
0 0 0
0 0 0
0 0 0
0 0 0
0 0 0
0 0 0
0 0 0
2.6133771823e+02 -1.5057521712e-01 1.2595356193e-02
9.9481501821e-01 5.5973953354e-02 8.4911695846e-02
-7.0997021363e-02 9.8002755144e-01 1.8575634949e-01
-7.2818284127e-02 -1.9082168369e-01 9.7892011039e-01
-6.9325956036e-01 -1.8979352692e+00 -4.7732204577e+00
0 0 0
0 0 0
0 0 0
0 0 0
0 0 0
0 0 0
0 0 0
0 0 0
0 0 0
0 0 0
0 0 0
0 0 0
0 0 0
0 0 0
0 0 0
0 0 0
0 0 0
0 0 0
0 0 0
0 0 0
0 0 0
0 0 0
0 0 0
0 0 0
0 0 0
0 0 0
0 0 0
0 0 0
0 0 0
0 0 0
5.7663870601e+02 1.2609081357e-01 -3.7295406588e-02
9.4621465435e-01 -1.6806015588e-01 2.7646629433e-01
-4.8102188289e-02 7.7193431664e-01 6.3387979166e-01
-3.1994375658e-01 -6.1308498171e-01 7.2233150134e-01
2.9071417281e+00 -1.0346265567e+01 -5.8482018959e+00
3.6004052639e+04 6.7137884182e-03 1.9282333836e-06
9.2053743077e-01 3.0223278208e-01 2.4752006785e-01
-3.9050380650e-01 7.2949609481e-01 5.6155340330e-01
-1.0845075522e-02 -6.1358845580e-01 7.8955151273e-01
-5.2021548182e+00 2.0627826086e+00 -1.8099383957e+02
0 0 0
0 0 0
0 0 0
0 0 0
0 0 0
0 0 0
0 0 0
0 0 0
0 0 0
0 0 0
0 0 0
0 0 0
0 0 0
0 0 0
0 0 0
9.4988421662e+02 1.5212000098e+00 8.4828440772e-01
-9.7366392422e-01 1.0786983718e-01 -2.0085482542e-01
1.1801159126e-01 -5.1532531150e-01 -8.4883042338e-01
-1.9506877503e-01 -8.5017875859e-01 4.8902377392e-01
1.4780565655e-02 7.8216178838e+00 1.1816416069e+01
1.0932943826e+03 -1.6713436486e-01 2.1866249460e-01
9.9731089889e-01 4.8878678314e-02 5.4606279526e-02
-6.7097575146e-02 9.0867074351e-01 4.1208663567e-01
-2.9476878515e-02 -4.1464244199e-01 9.0950687679e-01
2.6815470254e+00 -1.3719565645e+01 -3.1286353496e+01
0 0 0
0 0 0
0 0 0
0 0 0
0 0 0
0 0 0
0 0 0
0 0 0
0 0 0
0 0 0
0 0 0
0 0 0
0 0 0
0 0 0
0 0 0
0 0 0
0 0 0
0 0 0
0 0 0
0 0 0
0 0 0
0 0 0
0 0 0
0 0 0
0 0 0
0 0 0
0 0 0
0 0 0
0 0 0
0 0 0
0 0 0
0 0 0
0 0 0
0 0 0
0 0 0
0 0 0
0 0 0
0 0 0
0 0 0
0 0 0
0 0 0
0 0 0
0 0 0
0 0 0
0 0 0
0 0 0
0 0 0
0 0 0
0 0 0
0 0 0
0 0 0
0 0 0
0 0 0
0 0 0
0 0 0
0 0 0
0 0 0
0 0 0
0 0 0
0 0 0
2.2966916481e+00 -1.0005054722e+00 1.9556251234e+00
170 174 173
12 11 220 279.8800 -315.4800 34 185 348.0200 -654.0000 50 383 -4.7900 75.8800 41 325 214.3300 -61.4100 51 3492 45.4200 -538.3300 3 1112 442.4301 -314.3300 10 2109 3.6100 -614.9800 22 9561 480.6801 -295.6000 27 2386 311.6300 120.1500 29 3776 83.9900 -484.3600 77 1590 180.6700 -506.1300 2 1930 89.0600 -508.7700
-3.2477599762e-01 -1.1382877799e+00 1.2693939686e+00
161 161 159
9 11 221 -229.4700 -311.1899 34 24 -171.8900 -640.6500 41 187 -108.7800 -58.3199 51 2459 -54.6400 -534.7700 3 693 258.7000 -312.4200 10 2112 -122.8100 -611.8101 22 5896 414.4500 -295.2500 52 1842 6.4900 -295.5100 2 1931 13.1600 -508.4800
3.1858260158e+00 5.8532493808e-01 2.9718538607e+00
73 61 44
4 11 242 525.0601 6.4800 34 98 577.6300 -326.2600 77 1608 226.9000 -446.9600 2 2759 125.2100 -464.5601
3.3693692224e+00 5.9152395372e-01 3.1921544836e+00
168 166 154
6 11 608 571.8999 21.1300 34 311 627.0699 -308.7900 50 648 101.3900 176.7200 3 3796 541.2600 -205.9700 27 5318 386.9800 191.3600 2 8049 130.6700 -464.4399
-7.6691599338e-01 1.3407194966e+00 1.5025379934e+00
172 166 150
3 11 421 -325.7600 132.5601 34 214 -263.5300 -195.4400 29 2578 -63.8400 -357.5699
1.6862825616e-01 -7.6226565457e-01 1.5837523898e+00
177 177 175
7 11 574 -126.1801 -240.1600 34 292 -62.2700 -564.7000 64 607 -35.1500 -185.3800 51 4913 -33.7400 -521.1600 59 4815 -121.3400 956.0601 3 1805 296.2700 -287.3900 22 16387 427.6100 -285.5400
2.3576240831e+00 4.1720561095e-02 2.2247989529e+00
181 181 174
7 11 830 313.5601 -126.5900 34 440 371.1000 -460.6899 50 1036 10.1000 139.2700 58 163 224.1200 260.1600 64 625 152.6200 -134.9700 3 1833 459.4600 -240.8100 10 4381 16.1500 -563.8101
2.0300498590e+00 1.1036422285e+00 2.2930187124e+00
132 127 122
4 11 615 267.2700 75.3400 34 462 311.3000 -264.8800 50 664 -1.5200 211.8500 58 89 206.7700 399.5200
-2.0799799762e+00 -1.3498413734e+00 2.0645661277e+00
168 170 171
2 11 820 -431.5000 -199.2100 34 431 -378.6400 -518.1200
5.5635479143e-01 -1.0477798789e+00 1.4103060447e+00
115 112 103
8 11 1141 -69.6600 -314.9900 34 416 -6.5300 -646.0601 50 978 -114.6900 83.7100 41 1038 -9.0000 -63.1600 59 16896 -106.5800 933.3701 10 14131 -83.6300 -614.7400 22 40402 435.2500 -295.5601 77 4764 115.6700 -506.2400
-2.2522825935e+00 -1.4629398286e+00 2.0857737503e+00
106 100 88
3 11 1174 -453.4000 -208.0400 34 628 -400.8800 -529.2900 41 1063 -245.6300 5.9099
2.3820267930e+00 -2.5451190624e-01 2.1880430568e+00
97 89 78
8 11 1189 313.3800 -180.0300 34 635 374.2800 -513.7500 50 1015 8.6700 121.1100 58 275 219.8300 225.7900 64 1276 152.4200 -158.7500 59 17060 4.7000 975.6001 3 4850 460.8400 -262.0100 29 20546 96.6500 -447.5200
-3.8858287940e+00 -6.0729721544e-01 1.9624681495e+00
171 170 165
2 11 841 -743.6100 -56.5900 34 453 -678.5800 -347.0900
9.1975666399e-01 4.4665283038e-01 1.8784213132e+00
30 29 26
6 11 1857 24.2400 -43.1600 34 1054 80.0400 -372.3700 50 1679 -83.0400 176.3800 51 15784 -1.9100 -477.7200 3 4891 352.0699 -208.3900 22 40765 446.9500 -256.4301
1.9401006123e-01 -1.1497434831e+00 1.2862595716e+00
173 173 171
5 11 1709 -140.7100 -330.1200 34 953 -79.5800 -661.3000 41 1531 -50.8600 -72.6500 22 40384 426.0000 -297.6100 77 6852 102.2400 -508.9700
2.5145797465e-01 -1.1614536598e+00 1.4552016609e+00
79 76 64
6 11 1714 -116.8000 -314.7900 34 956 -53.9600 -644.6801 41 1535 -39.5600 -63.8900 3 5852 298.9200 -315.3700 10 14132 -95.4301 -614.7900 29 20408 -13.1200 -483.5800
-3.0786968044e-01 -9.9507247018e-01 1.2584825416e+00
185 185 183
8 11 569 -229.1801 -293.6801 34 284 -169.8600 -621.2200 41 481 -112.3900 -43.8600 51 4901 -54.9900 -530.9800 59 7257 -153.8700 944.5300 10 6416 -124.9300 -605.5500 22 16345 414.1600 -292.2200 29 8898 -43.2300 -474.6899
-2.1415408442e+00 -2.9930256389e+00 2.3596082341e+00
75 74 71
3 11 1689 -384.0400 -380.5900 34 934 -336.1200 -715.6700 10 14099 -158.2400 -629.1599
1.4598294502e+00 -1.3246950416e+00 1.8119813006e+00
53 48 44
5 11 1703 116.0800 -345.3800 34 945 184.1000 -681.1100 64 1776 63.7400 -230.4500 41 1526 111.8600 -80.5900 10 14115 -36.8101 -622.3899
1.7380310326e-01 5.6918095859e-01 1.7436973024e+00
115 109 98
6 11 1880 -121.1801 -11.2500 34 1070 -63.2000 -337.9301 58 463 -39.6300 367.0900 59 28485 -120.2600 1033.0801 10 14405 -93.7900 -530.8900 29 20716 -11.8700 -400.9100
-2.9637886824e-01 8.7500842504e-01 1.5571399102e+00
83 76 70
7 11 2869 -227.8800 37.9900 34 1659 -169.6000 -288.7400 41 1640 -108.7900 180.3000 51 15910 -53.3300 -457.9700 59 28568 -151.1200 1051.2500 10 14446 -120.1600 -515.9800 77 11324 84.1700 -432.3700
-6.8776765403e-02 7.8367175746e-01 1.8156102911e+00
64 57 48
6 11 2872 -159.2500 39.6400 34 1658 -102.1500 -288.5699 58 476 -62.7000 405.2800 10 14451 -103.0600 -515.7100 27 11832 210.5601 212.2500 29 20759 -22.0300 -386.3101
8.6717291841e-01 4.9106618839e+00 4.6229546094e+00
85 72 55
5 11 2288 214.8400 1087.0300 34 1386 257.3700 647.5601 71 1704 450.2400 -398.6700 25 2554 640.3701 -770.5500 27 12447 320.7600 451.1000
6.8700401832e-01 4.9791048605e+00 4.5981610173e+00
96 78 65
5 11 2293 175.6899 1104.2000 34 2071 222.4900 662.6600 71 1705 428.0400 -393.5900 25 2557 608.3401 -757.4200 27 12454 311.0800 456.3600
1.7876640879e-01 -1.0438315160e+00 1.2841025945e+00
96 88 73
8 11 2625 -145.8400 -313.4100 34 1456 -84.0700 -643.6700 41 3254 -54.0600 -62.3700 59 27922 -127.6800 934.2100 10 21948 -102.3000 -613.9600 27 37441 214.9700 120.6899 29 32842 -19.6600 -483.0400 77 11133 101.4700 -506.0000
-1.7978008338e+00 -1.7940883372e+00 1.8343623145e+00
111 100 91
5 11 2639 -402.2400 -291.4700 34 1473 -350.5900 -617.4800 41 2286 -211.5400 -48.5800 10 21979 -163.7800 -606.5300 29 49751 -81.5500 -475.3900
2.2832531737e-01 -8.6580410584e-01 1.3654279804e+00
99 88 70
7 11 1730 -132.5500 -280.1300 34 967 -70.5900 -607.8900 50 2420 -135.2800 96.8900 59 27972 -124.3900 943.6499 10 21980 -98.3600 -606.2300 29 32885 -18.2600 -474.5699 77 11155 104.5700 -499.7200
9.2712546788e-01 -7.8406235239e-02 1.8372843301e+00
116 112 102
6 11 2749 23.3400 -134.1899 34 1561 83.4900 -462.3101 50 2514 -83.1300 143.7500 64 2886 28.5100 -139.3800 10 22166 -59.1899 -565.5500 29 33099 22.8300 -434.7600
9.7991807560e-01 2.4134230816e-01 1.8497320039e+00
186 181 175
8 11 2784 33.3101 -82.3199 34 1587 90.1000 -411.8800 50 3686 -80.3700 162.3600 41 2401 63.3900 97.7400 51 26827 -0.0800 -485.4500 59 47175 -75.3101 1008.7700 10 22254 -54.5100 -549.7200 77 11283 134.9700 -456.8400
1.7039237252e-01 3.9396081616e+00 3.5380642721e+00
185 179 172
5 11 2236 -4.6899 805.9800 34 2006 53.6100 410.1899 17 2838 135.1899 -708.5000 76 639 36.1200 -294.6100 41 1861 11.6800 691.3201
4.9584096485e-01 3.8630965068e+00 3.5703025936e+00
199 196 188
5 11 7185 61.7100 788.5601 34 4291 115.2200 394.9800 54 4285 102.4399 542.1200 17 6438 199.6300 -726.6899 41 2739 56.5000 672.4000
1.7405724867e+00 4.6225181743e+00 4.7867192623e+00
180 180 182
5 11 10592 407.6200 1015.7500 34 6528 436.2600 585.0500 71 4857 559.0300 -418.2900 25 8495 802.2300 -826.3300 27 40896 368.3700 428.2300
-4.5806826454e+00 2.3589779067e+00 2.9525626690e+00
166 163 158
2 11 56 -865.3500 522.6500 34 14 -755.4700 219.9400
3.4206648428e+00 3.0200069512e+00 4.6648030940e+00
161 153 149
2 11 58 720.7700 609.0100 34 59 735.3800 243.8600
-3.2267365879e+00 3.5211566863e+00 3.3417449112e+00
173 167 156
2 11 61 -650.2800 749.8800 34 18 -532.7900 409.4399
8.4044010331e-01 3.9865862277e-01 1.8347194469e+00
112 107 102
2 11 103 7.3400 -53.5900 34 32 62.4800 -381.3600
3.0772462469e+00 2.9711411031e-01 2.8252047319e+00
189 182 172
2 11 104 489.5000 -51.5900 34 30 547.8000 -386.2100
-2.0457363848e+00 3.0262276029e-01 1.5983114798e+00
161 159 146
2 11 106 -516.0100 2.1899 34 36 -451.1700 -311.4800
-4.4121750514e+00 1.3282056427e+00 2.5562612362e+00
182 178 175
2 11 120 -837.7700 307.2200 34 43 -744.1300 20.2800
3.5924644001e+00 2.2418165941e+00 4.2859429610e+00
189 186 181
3 11 128 710.9600 418.2600 34 46 743.8199 69.0100 54 45 945.4399 213.8500
-4.9587829890e+00 2.0138243620e+00 2.9513191057e+00
183 182 178
2 11 132 -910.4000 460.4399 34 52 -797.2600 179.0800
-2.5296055242e+00 2.5583481619e+00 2.6463491938e+00
141 140 137
2 11 134 -565.4700 499.5500 34 50 -472.1200 172.1600
-3.2542335918e+00 2.7154835861e+00 2.9091486941e+00
186 185 180
2 11 142 -669.7800 560.4900 34 58 -563.3200 241.1700
3.0655676128e+00 3.3715744196e+00 4.6566422944e+00
211 203 189
2 11 147 654.8899 693.7400 34 153 670.5100 314.7800
3.0655676128e+00 3.3715744196e+00 4.6566422944e+00
211 203 189
2 11 148 654.8899 693.7400 34 154 670.5100 314.7800
-2.6128093320e+00 3.6279621097e+00 3.3154434393e+00
135 128 113
3 11 149 -550.4900 761.2100 34 67 -437.1100 409.4200 17 115 -350.3000 -778.9900
-1.4589052575e+00 3.9278726961e+00 3.4379876305e+00
154 147 136
2 11 151 -334.6400 820.3400 34 163 -241.5700 443.4800
3.6355799327e+00 8.4565615543e-01 3.5299815121e+00
194 188 172
3 11 252 647.3701 86.6899 34 101 699.6100 -241.1800 50 268 128.4500 193.6300
4.0419607150e+00 8.4003175137e-01 3.9811481951e+00
182 177 174
2 11 254 744.7100 113.1300 34 39 802.0300 -213.8200
-4.0499812863e+00 4.6881620094e-01 2.1585916578e+00
183 179 170
2 11 256 -790.5700 127.9000 34 108 -709.4000 -159.6900
-4.1434001235e+00 3.9962846544e-01 2.2572060912e+00
183 179 170
3 11 257 -790.5700 127.9000 34 109 -709.4000 -159.6900 64 261 -309.5900 -56.3400
-1.4018407843e+00 1.2038238784e+00 1.6249487145e+00
70 58 46
2 11 258 -426.2300 139.4299 34 105 -359.4700 -184.4900
3.7547378888e+00 1.1144683763e+00 3.6845764775e+00
65 57 44
3 11 259 689.4600 147.4900 34 102 735.7000 -187.3000 54 110 948.1201 -130.9800
3.7547378888e+00 1.1144683763e+00 3.6845764775e+00
65 57 44
3 11 260 689.4600 147.4900 34 103 735.7000 -187.3000 54 111 948.1201 -130.9800
1.2385570428e+00 1.5462089770e+00 2.1455287359e+00
185 174 152
2 11 263 105.4301 165.7600 34 106 150.1700 -172.5500
1.2444497133e+00 1.5585188734e+00 2.1212390589e+00
185 174 152
3 11 264 105.4301 165.7600 34 107 150.1700 -172.5500 50 282 -54.5100 251.9500
3.2300340420e+00 1.4912881776e+00 3.5120455955e+00
164 160 151
2 11 268 580.4299 216.6100 34 110 624.1600 -121.1100
3.2300340420e+00 1.4912881776e+00 3.5120455955e+00
164 160 151
2 11 269 580.4299 216.6100 34 111 624.1600 -121.1100
2.0720611573e+00 1.8077542536e+00 2.6617061239e+00
68 55 39
4 11 270 305.6500 238.2500 34 113 344.5200 -107.3100 54 115 444.9200 -83.3000 50 288 17.4900 266.8200
2.7483644258e+00 2.0979253653e+00 3.4830984096e+00
156 152 143
4 11 278 494.1899 344.6100 34 121 529.9500 -2.5200 54 124 672.1100 84.7600 50 293 88.3300 290.9900
8.5394472993e-01 2.3511405785e+00 2.2609486621e+00
173 162 144
3 11 279 38.8101 349.6300 34 120 82.1200 -8.4300 54 119 113.4100 13.4900
-2.9665692123e+00 2.0749891778e+00 2.4223743836e+00
159 157 151
3 11 282 -648.9700 398.5901 34 125 -555.0300 89.4500 64 287 -257.8400 62.0900
2.4532942145e+00 2.4318245531e+00 3.4623928855e+00
185 177 165
2 11 284 441.1000 418.3401 34 124 475.1801 64.4500
-3.8429474525e+00 2.1419214272e+00 2.7475163184e+00
174 173 168
2 11 285 -761.5100 452.4399 34 131 -658.3000 149.8600
-1.4222561807e+00 2.6129248829e+00 2.4628428732e+00
144 134 125
2 11 286 -387.2700 473.1100 34 129 -304.8300 133.0100
-1.4222561807e+00 2.6129248829e+00 2.4628428732e+00
144 134 125
2 11 287 -387.2700 473.1100 34 130 -304.8300 133.0100
2.3866034304e+00 2.7189141087e+00 3.6121530086e+00
87 75 66
2 11 289 441.2400 493.4299 34 240 474.0800 129.7200
-2.0877515054e+00 2.6842154231e+00 2.6594590974e+00
58 49 39
2 11 290 -491.1800 514.6500 34 137 -398.7100 182.3700
-2.0877515054e+00 2.6842154231e+00 2.6594590974e+00
58 49 39
2 11 291 -491.1800 514.6500 34 138 -398.7100 182.3700
-1.4990062905e+00 3.1175579243e+00 2.8119675789e+00
59 48 31
2 11 297 -382.4600 604.5801 34 143 -292.7000 252.6200
6.8840116759e-01 3.4938662369e+00 3.2874188228e+00
150 143 115
2 11 304 80.0500 677.9700 34 151 130.0000 294.3400
9.8872483853e-01 3.6932114516e+00 3.6208225415e+00
154 151 134
3 11 308 164.7300 738.7600 34 157 209.0000 349.2100 54 147 230.8300 499.3201
-1.0706510085e+00 3.8727843799e+00 3.3712292753e+00
86 72 57
2 11 315 -266.3500 799.3700 34 162 -179.6800 418.5900
3.2418907434e-01 4.2976606553e+00 3.9460674773e+00
194 185 181
3 11 318 54.5300 910.5400 34 268 109.5699 502.1200 25 428 524.8400 -903.7400
-1.3103286375e+00 4.2659312173e+00 3.6881202307e+00
89 75 70
2 11 319 -290.1801 910.2500 34 170 -198.7800 518.4299
1.8141929224e+00 3.9127120605e-01 2.0965938288e+00
194 190 183
5 11 393 206.2000 -61.3199 34 200 260.4200 -393.9100 50 418 -23.7400 165.3500 58 58 161.5900 310.9600 64 415 108.7900 -105.0300
-2.7761088809e+00 -2.9011207833e-01 1.8019252560e+00
89 78 67
2 11 398 -596.5900 -53.3600 34 202 -533.6400 -356.1500
-5.6740786994e+00 -1.0761267056e+00 2.2308715873e+00
190 187 178
2 11 399 -955.3800 -54.7500 34 206 -893.5200 -325.8900
-5.6740786994e+00 -1.0761267056e+00 2.2308715873e+00
190 187 178
2 11 400 -955.3800 -54.7500 34 207 -893.5200 -325.8900
-3.6798722664e+00 -2.3169985467e-01 1.9819708607e+00
169 163 141
3 11 407 -724.0000 -3.9000 34 211 -654.5900 -295.8700 64 417 -282.4300 -104.9300
5.7048000616e-01 7.4827075689e-01 1.8905327829e+00
173 172 168
5 11 408 -39.6700 19.6700 34 208 18.8800 -309.0601 50 434 -102.7000 202.0400 64 430 4.0500 -70.0700 59 3240 -95.9399 1044.8799
3.2708288557e+00 8.1040913612e-01 3.2070643985e+00
170 166 155
3 11 410 557.4500 64.9000 34 212 609.6700 -267.8400 50 428 98.3000 190.7900
-2.6360245810e+00 5.3278721921e-01 1.8110071020e+00
179 174 155
2 11 416 -601.2600 73.5699 34 320 -528.7200 -231.3800
9.1662086171e-01 1.2015714422e+00 2.0091403599e+00
179 175 164
2 11 417 32.3500 99.8600 34 213 83.8199 -233.9600
-8.2287452991e-01 1.2811873914e+00 1.5923679349e+00
172 166 150
2 11 422 -325.7600 132.5601 34 215 -263.5300 -195.4400
3.8513179308e+00 1.2706014364e+00 3.9346871321e+00
186 182 173
3 11 426 721.2100 191.5200 34 221 767.5400 -136.5700 50 437 156.5200 224.0300
2.9017958471e+00 1.4585519936e+00 3.1440515583e+00
166 158 146
2 11 427 496.2800 188.5400 34 218 537.1899 -150.2300
-2.2471297897e+00 1.2740061903e+00 1.9286097769e+00
175 167 153
2 11 428 -546.6000 199.7600 34 225 -471.0100 -114.4500
2.5182793276e+00 1.9495709745e+00 3.1327722454e+00
165 159 145
2 11 437 427.1300 293.2300 34 230 464.2100 -53.1300
1.9742106513e+00 2.0244843040e+00 2.7752860666e+00
150 147 140
2 11 438 296.4399 292.7400 34 231 335.1100 -55.0900
-4.3061098752e-01 2.6122389642e+00 2.2538266519e+00
146 135 109
2 11 449 -217.6801 437.3201 34 350 -153.7300 82.4200
-1.2300045734e+00 2.4936657600e+00 2.3568328208e+00
155 149 137
2 11 450 -357.3600 436.8301 34 351 -281.2300 96.8800
9.6178335210e-01 2.7217413754e+00 2.6858823048e+00
120 113 98
2 11 454 92.1801 456.6899 34 237 135.1801 94.8600
-1.7451852850e+00 2.5779826377e+00 2.4714156010e+00
187 186 181
3 11 459 -444.8500 471.8101 34 244 -359.7500 139.2400 64 294 -175.3600 107.8200
-1.0161261101e+00 2.7152456013e+00 2.4542727721e+00
153 144 124
2 11 463 -313.7600 485.2800 34 354 -238.8200 137.2000
-1.0161261101e+00 2.7152456013e+00 2.4542727721e+00
153 144 124
2 11 464 -313.7600 485.2800 34 355 -238.8200 137.2000
1.5245415214e+00 2.8094212736e+00 3.0798898519e+00
140 133 123
2 11 466 232.9301 492.0500 34 241 272.1100 126.8800
1.5245415214e+00 2.8094212736e+00 3.0798898519e+00
140 133 123
2 11 468 232.9301 492.0500 34 242 272.1100 126.8800
1.2776451776e+00 2.9275889217e+00 3.0414710965e+00
142 133 118
2 11 470 181.7500 520.0500 34 357 221.5699 153.3100
1.0073224494e+00 3.1106884249e+00 3.0250172618e+00
139 132 122
2 11 472 125.8700 567.4099 34 245 169.8900 192.8200
1.3557717018e+00 3.2307761491e+00 3.3872480786e+00
183 177 168
2 11 475 221.3199 610.6599 34 248 263.6600 234.3800
8.9308209665e-01 3.2805359425e+00 3.1802990906e+00
77 64 55
2 11 477 112.8700 617.8500 34 250 161.2200 240.1000
-3.7510040271e-01 3.2783333608e+00 2.8155094742e+00
75 60 45
3 11 480 -168.3600 620.0100 34 253 -100.6800 250.5300 54 258 -165.0900 335.1100
1.5038013117e-01 -7.8842644872e-01 1.6112377447e+00
177 177 175
3 11 573 -126.1801 -240.1600 34 291 -62.2700 -564.7000 64 606 -35.1500 -185.3800
9.6644957072e-01 -3.5901021268e-01 1.7889208367e+00
181 182 179
5 11 580 24.3500 -187.5000 34 195 90.7200 -514.0800 50 406 -82.3800 125.6200 58 57 47.7800 239.5000 64 399 26.3700 -163.4100
1.2327606217e+00 -2.7997065973e-01 1.8518642199e+00
171 172 166
2 11 581 77.7800 -176.7200 34 294 140.8300 -503.9200
-3.7186118206e+00 -1.2968676966e+00 1.8800480053e+00
148 148 148
2 11 583 -703.6200 -167.9100 34 300 -645.0400 -460.6400
-3.0905769310e+00 -9.0280491064e-01 1.7552569259e+00
189 186 181
2 11 590 -634.1500 -138.5300 34 198 -572.4300 -441.6200
-3.9372855493e+00 -9.5061539990e-01 1.9082026151e+00
176 174 161
2 11 593 -745.7300 -108.3600 34 305 -683.1700 -401.7300
-5.2396321893e+00 -1.0351884449e+00 2.1728904503e+00
186 187 190
2 11 600 -903.2300 -68.3900 34 310 -839.8500 -337.3600
-4.4602591575e+00 -2.0618100857e-01 2.1379293640e+00
167 164 155
2 11 609 -827.1600 31.7800 34 315 -755.0500 -250.0700
-4.4602591575e+00 -2.0618100857e-01 2.1379293640e+00
167 164 155
2 11 610 -827.1600 31.7800 34 316 -755.0500 -250.0700
-1.7091867001e+00 7.6957266350e-01 1.6284224164e+00
111 102 88
2 11 613 -468.0000 71.8500 34 317 -402.0400 -244.6900
-1.7890556797e+00 1.0225865330e+00 1.7617376401e+00
146 140 126
2 11 620 -475.2900 128.4800 34 321 -406.8300 -187.2500
2.8964634445e+00 1.2316835044e+00 3.0860649999e+00
77 61 53
4 11 622 484.2900 141.6300 34 476 531.3199 -193.1000 54 323 684.7000 -170.7100 50 669 76.4600 221.9700
3.4702158492e+00 1.1677275447e+00 3.5207185575e+00
184 178 166
3 11 623 622.5701 149.5300 34 322 668.4800 -181.4100 54 324 864.4900 -135.8500
-3.1347454605e+00 8.2904876854e-01 2.0639554198e+00
182 175 165
2 11 626 -667.0900 155.3101 34 327 -587.8400 -142.5400
1.0142999271e+00 1.5631691289e+00 2.0207156577e+00
177 171 166
3 11 627 50.6700 165.0901 34 323 101.1899 -174.1600 51 3588 5.1700 -429.7300
-1.7033616648e+00 1.2307004627e+00 1.7821122164e+00
157 147 127
2 11 628 -465.3400 164.4299 34 325 -393.8300 -153.5900
2.7026145001e+00 1.5091188242e+00 3.0703663548e+00
104 88 72
4 11 629 450.8700 197.3201 34 328 492.3600 -142.4000 54 327 633.1700 -104.3300 50 445 66.5700 242.2400
-4.7157883735e+00 8.7042532109e-01 2.4990970987e+00
171 166 159
3 11 632 -870.5100 234.0601 34 336 -782.3200 -46.0900 64 660 -342.9600 -19.8200
2.3170771098e+00 2.0252846219e+00 3.0057793742e+00
100 85 63
2 11 644 380.4200 303.5300 34 334 417.0200 -45.1500
2.3170771098e+00 2.0252846219e+00 3.0057793742e+00
100 85 63
2 11 645 380.4200 303.5300 34 335 417.0200 -45.1500
3.8703418336e+00 1.9660263402e+00 4.3438293036e+00
163 156 148
3 11 655 764.0701 358.7900 34 341 800.0900 17.7400 50 691 178.7200 277.9900
1.4887981522e+00 2.3889269414e+00 2.6679374220e+00
87 74 58
2 11 657 194.8800 373.0000 34 343 235.2000 14.8600
-2.0914302237e+00 2.3063908030e+00 2.3628593691e+00
174 164 137
3 11 662 -510.5100 418.7300 34 352 -422.2200 94.0400 64 690 -201.7300 82.0400
-5.9454931978e+00 2.0064867351e+00 3.0606476297e+00
191 194 200
2 11 669 -1041.6100 486.3201 34 363 -927.5900 210.1600
4.4324718069e+00 2.4260410561e+00 5.1460473135e+00
129 117 105
2 11 670 924.4399 496.3800 34 356 949.1500 147.2100
-1.8333134230e+00 3.0261222537e+00 2.8545354449e+00
187 187 187
2 11 673 -436.2600 592.2500 34 369 -343.6600 249.9000
2.3237680215e+00 3.1613021515e+00 3.9862794938e+00
74 62 50
2 11 676 457.1801 615.9299 34 368 488.1300 243.3900
1.0813467189e+00 3.3344493109e+00 3.3232166658e+00
168 158 133
2 11 677 162.3700 635.4299 34 370 206.3600 256.6100
1.0813467189e+00 3.3344493109e+00 3.3232166658e+00
168 158 133
2 11 678 162.3700 635.4299 34 371 206.3600 256.6100
-4.5300749407e+00 3.1987521836e+00 3.3538228130e+00
164 156 143
2 11 685 -851.3700 701.4399 34 556 -722.7800 388.1799
-1.1465310622e+00 3.6519887884e+00 3.1933076887e+00
172 161 147
2 11 689 -290.8700 739.9299 34 551 -207.7500 367.5400
-2.9297334326e-02 4.3942825333e+00 3.8798122567e+00
143 131 117
3 11 700 -22.2000 939.0901 34 571 41.5500 525.9399 17 741 117.7500 -592.3500
1.7163200354e+00 4.5197352835e+00 4.7049500011e+00
121 112 98
2 11 704 396.0699 986.8201 34 394 423.6300 561.8101
-6.1462706463e+00 -4.0536488883e+00 2.2026972117e+00
42 38 35
2 11 789 -904.4700 -405.1700 34 278 -879.2000 -711.0200
-6.0924330197e+00 -3.2825021373e+00 2.0975098082e+00
163 166 170
2 11 804 -937.6600 -333.6500 34 285 -902.7200 -621.1000
1.0168979807e+00 -7.2077042435e-01 1.6162004052e+00
182 181 177
3 11 810 23.9301 -261.1801 34 286 86.5300 -591.3500 50 613 -83.1200 98.8400
-2.1288225264e+00 -1.7591005261e+00 2.0727286594e+00
172 173 168
2 11 811 -430.9800 -253.0200 34 289 -377.5900 -573.6400
-3.0246450917e+00 -1.7373712549e+00 1.8861895582e+00
184 176 163
2 11 813 -585.0900 -242.5500 34 426 -531.2800 -553.9200
-1.7238971429e+00 -1.1522157662e+00 1.9971404874e+00
167 168 163
2 11 822 -387.4700 -187.5100 34 432 -332.3800 -510.6500
1.8506822406e+00 -2.6171096664e-01 2.0194675459e+00
183 182 178
3 11 824 201.9100 -179.8800 34 433 264.2700 -509.0500 50 1019 -24.7000 123.7900
1.4201036984e+00 -1.1967495652e-01 1.9335513063e+00
137 133 123
4 11 827 116.5000 -148.8700 34 435 180.0300 -478.7600 50 1028 -51.9500 135.4000 58 162 105.5000 257.3400
1.2786777677e+00 3.3070043784e-02 1.9098235322e+00
200 200 197
4 11 836 90.6400 -120.4900 34 663 152.4200 -451.3199 50 1044 -61.7600 146.8500 58 174 88.2800 278.1400
1.0372456895e+00 1.0918360297e-02 1.8766019465e+00
193 193 191
3 11 837 45.8600 -119.2400 34 442 105.9000 -448.4600 64 626 37.3900 -132.7200
-4.0840414528e+00 -6.2077694149e-01 1.9710086584e+00
134 126 123
2 11 842 -773.6200 -54.2100 34 455 -705.9100 -339.2800
3.3871296610e+00 2.6929819561e-01 3.0771952740e+00
110 101 94
3 11 843 562.3301 -45.9500 34 449 622.5400 -374.2900 50 1050 95.9300 155.0300
-3.0078215151e+00 -2.7328861867e-01 1.7928219247e+00
172 166 152
2 11 844 -636.4800 -44.4700 34 452 -570.8800 -346.1801
5.8309414636e-01 5.6745107309e-01 1.7817563883e+00
173 168 161
5 11 846 -45.6600 -20.4301 34 451 10.6700 -349.8400 50 653 -106.0100 186.7300 58 179 8.8400 357.4600 39 9 -366.3800 -162.1500
-1.1911000202e+00 6.0770439648e-01 1.3881247617e+00
179 170 154
3 11 849 -396.4800 7.5400 34 460 -336.6400 -314.2200 50 663 -228.8600 209.0000
-2.8253764919e+00 1.4632935156e-01 1.8258750596e+00
167 164 156
2 11 850 -616.9900 17.5800 34 461 -548.6500 -284.2600
-3.5601780162e+00 2.1831314193e-02 1.9815211753e+00
178 174 162
2 11 853 -714.0500 30.8800 34 463 -643.2500 -262.2000
2.7907217621e+00 1.0123400657e+00 2.7848691567e+00
163 154 137
2 11 861 445.9200 80.0300 34 697 491.8000 -260.1400
-1.0215752285e+00 1.0153191775e+00 1.4868183325e+00
153 153 146
2 11 862 -365.7100 82.1500 34 468 -304.8300 -243.2900
2.1570892538e+00 1.1707083148e+00 2.3449310800e+00
180 179 175
3 11 864 297.5699 89.6600 34 465 338.6000 -253.6500 50 1099 8.5900 215.2400
-2.1770623863e+00 1.4075351316e+00 2.0040924504e+00
164 161 146
2 11 885 -531.1100 226.2400 34 482 -453.6300 -87.1400
3.5033174363e+00 1.5604152762e+00 3.8514167475e+00
209 209 211
2 11 890 652.6201 248.6100 34 483 696.9200 -85.2900
3.5033174363e+00 1.5604152762e+00 3.8514167475e+00
209 209 211
2 11 891 652.6201 248.6100 34 484 696.9200 -85.2900
-1.7172181770e+00 1.7979878499e+00 2.0710850701e+00
76 55 39
2 11 897 -454.8500 291.1100 34 488 -378.6600 -31.5100
1.7782870844e+00 2.1126249816e+00 2.7168468664e+00
86 73 56
4 11 900 254.4800 310.4900 34 487 293.2700 -42.1300 54 486 371.8900 2.5000 50 697 2.5200 296.1600
-1.1345671807e+00 1.9927666601e+00 2.0493514298e+00
136 123 104
2 11 901 -356.3900 311.5000 34 492 -285.1400 -20.1400
-1.1345671807e+00 1.9927666601e+00 2.0493514298e+00
136 123 104
2 11 902 -356.3900 311.5000 34 493 -285.1400 -20.1400
1.5691828067e+00 2.2150302134e+00 2.6298260572e+00
150 143 127
2 11 907 207.1200 330.7300 34 758 247.6100 -21.8400
1.5691828067e+00 2.2150302134e+00 2.6298260572e+00
150 143 127
2 11 908 207.1200 330.7300 34 759 247.6100 -21.8400
-4.0832922298e+00 1.5496324098e+00 2.5683569524e+00
62 52 43
2 11 911 -794.7000 338.1400 34 503 -698.5100 47.1200
-6.9239174487e-01 2.2558791649e+00 2.0968945881e+00
82 66 48
2 11 914 -274.5200 356.7900 34 497 -209.3900 14.4900
2.0697371297e+00 2.2718351085e+00 3.0371142997e+00
101 88 69
3 11 915 334.5100 361.4800 34 496 372.1000 8.1300 50 699 33.8900 307.8700
1.6651320286e+00 2.3658159631e+00 2.7314859043e+00
131 119 102
2 11 916 235.8400 368.7800 34 773 272.6300 11.2000
4.1815925181e+00 1.9874531678e+00 4.7499715987e+00
76 63 59
2 11 923 839.8101 384.7600 34 779 878.7900 45.9800
1.2625705057e+00 2.4403019681e+00 2.6183765282e+00
165 158 151
2 11 924 146.4600 384.1300 34 499 187.9399 27.9100
-4.6165942035e-01 2.4439204258e+00 2.1905477091e+00
81 64 49
2 11 929 -225.6200 396.7300 34 502 -162.9400 48.1400
1.8618169161e+00 2.4728144036e+00 3.0319518408e+00
110 94 78
2 11 933 295.2400 408.0000 34 504 332.3000 51.8100
-4.7282089035e+00 1.9129072540e+00 2.8792460545e+00
182 180 181
2 11 936 -876.6400 434.9299 34 518 -770.5500 149.5200
1.6084722779e+00 2.6588421807e+00 2.9979334193e+00
99 83 64
2 11 939 243.6801 451.3401 34 509 281.6500 90.0900
-3.3653961400e-01 2.6792666155e+00 2.3152928128e+00
150 136 119
3 11 940 -197.5100 451.4299 34 789 -131.6700 98.8200 54 794 -184.1000 134.5100
-1.7070237916e+00 2.5220149254e+00 2.4978396343e+00
184 184 176
2 11 942 -433.6600 462.0400 34 515 -347.2200 129.4300
1.3801149514e+00 2.8019887524e+00 2.9737014628e+00
93 79 66
2 11 947 197.0000 485.8401 34 512 236.2700 121.1300
-1.9906139543e+00 2.6912947762e+00 2.5545986640e+00
65 53 42
3 11 955 -485.7900 506.6000 34 525 -394.7300 174.0100 64 1013 -193.2500 119.0700
-1.0417521238e+00 2.8872612530e+00 2.6348712211e+00
99 86 69
2 11 964 -306.4200 532.9800 34 823 -227.8300 183.7400
-1.6325862321e+00 3.0186956935e+00 2.8164127785e+00
109 94 76
2 11 970 -403.4200 584.3700 34 534 -312.9800 239.7200
7.3396933108e-01 3.2980946266e+00 3.1091785263e+00
75 58 42
2 11 976 76.4301 620.5800 34 536 124.9200 242.6100
7.3396933108e-01 3.2980946266e+00 3.1091785263e+00
75 58 42
2 11 977 76.4301 620.5800 34 537 124.9200 242.6100
-1.0896923146e+00 3.4048718857e+00 2.9718602646e+00
105 91 78
4 11 981 -299.3500 667.4299 34 543 -213.9700 304.9200 17 711 -130.9301 -854.5601 64 1040 -116.7900 197.7600
3.6321417095e+00 3.2498955456e+00 5.0080819896e+00
162 153 132
2 11 982 784.0300 678.6100 34 542 797.9301 303.6100
4.5408937036e-01 3.5301712370e+00 3.1976598385e+00
162 153 142
3 11 983 25.1000 686.1200 34 847 79.6899 301.8300 54 853 69.2400 415.9900
3.0755265953e+00 3.3939335182e+00 4.6920206262e+00
207 199 176
2 11 984 658.1201 701.1400 34 849 675.4200 320.5100
-1.9271475066e+00 3.5573552290e+00 3.2114020198e+00
197 195 189
2 11 989 -434.6100 730.7200 34 552 -334.5400 373.1899
-4.2825421764e+00 3.3795501453e+00 3.4048730293e+00
140 132 121
2 11 991 -814.0700 737.1000 34 561 -684.6600 415.8900
9.0408767781e-01 3.7051932788e+00 3.5803731875e+00
183 182 174
3 11 992 145.6700 741.5500 34 549 192.2900 350.9000 54 543 204.6899 497.2100
1.9201659415e+00 3.8443170401e+00 4.3181456975e+00
88 79 62
3 11 1001 404.3600 799.5500 34 559 433.5400 403.8201 54 556 508.2000 611.4700
-1.3668221371e+00 3.8686446577e+00 3.4048899897e+00
169 163 163
3 11 1002 -318.7900 802.0300 34 870 -226.3500 427.8000 17 724 -146.2800 -727.8600
-3.7386189453e+00 3.8034651558e+00 3.5465933170e+00
64 55 48
3 11 1003 -726.8900 825.3201 34 566 -596.2000 484.1500 17 1133 -498.8200 -732.4399
2.9301320204e+00 3.9188639497e+00 4.9630113010e+00
216 220 223
2 11 1006 654.7200 839.6100 34 873 666.2700 439.5100
1.7550368372e+00 4.0557102985e+00 4.3953456905e+00
173 168 164
2 11 1010 377.3101 856.8101 34 876 410.4800 453.4299
2.5819902675e+00 4.0569134356e+00 4.8238329519e+00
147 137 127
3 11 1012 577.8401 869.9700 34 879 593.3101 463.8700 71 730 674.0800 -480.6899
-2.6478282130e+00 4.2938670320e+00 3.7376328906e+00
185 181 169
2 11 1020 -534.7800 931.8301 34 890 -415.8200 557.5300
-2.6478282130e+00 4.2938670320e+00 3.7376328906e+00
185 181 169
2 11 1021 -534.7800 931.8301 34 891 -415.8200 557.5300
-1.3679572652e-02 4.9079399646e+00 4.2452139419e+00
193 189 185
4 11 1032 7.7500 1084.4600 34 1387 70.6899 647.0900 17 1157 142.6899 -467.4399 71 742 342.1300 -414.5400
-5.2033737597e+00 -3.3199748825e+00 2.0681214011e+00
153 154 158
2 11 1133 -824.5200 -363.9600 34 415 -787.1900 -664.4700
1.7794168390e+00 -1.0229805465e+00 1.8751961059e+00
96 92 83
2 11 1143 176.4200 -308.7900 34 602 244.7200 -644.7000
1.5891916931e+00 -9.3656045118e-01 1.8554101045e+00
189 191 190
4 11 1144 142.2700 -290.7700 34 419 208.7500 -624.7100 50 983 -47.0100 87.6400 64 844 75.2200 -206.6800
-3.5958153616e+00 -2.1177686056e+00 1.9653056135e+00
179 179 171
2 11 1146 -649.9800 -269.8800 34 614 -600.2600 -576.4200
-3.5958153616e+00 -2.1177686056e+00 1.9653056135e+00
179 179 171
2 11 1147 -649.9800 -269.8800 34 615 -600.2600 -576.4200
2.3777454778e+00 -6.9727998689e-01 2.1174482884e+00
186 185 181
2 11 1152 304.2600 -258.2200 34 612 369.2100 -592.7100
1.4139678918e+00 -7.4840766953e-01 1.8479791694e+00
191 190 185
6 11 1153 111.6899 -256.6400 34 613 177.5500 -586.8101 50 2425 -56.3000 100.3900 64 1841 60.6300 -192.4700 51 15479 12.1000 -526.0200 59 16961 -57.4600 950.4299
2.0656060080e+00 -5.4960508292e-01 2.0648982754e+00
158 151 145
4 11 1164 242.5800 -227.8700 34 425 309.7400 -560.8600 50 1003 -12.6000 106.0700 64 1250 119.1400 -180.4600
1.0277431305e+00 -5.9801281866e-01 1.7960024529e+00
99 96 88
3 11 1166 37.3300 -224.2700 34 619 102.8400 -551.6801 51 10102 -1.5300 -519.6700
-2.9191585978e+00 -1.3788792582e+00 1.7626513689e+00
86 77 61
2 11 1175 -592.6700 -210.7900 34 632 -534.7600 -516.6700
3.6361204339e+00 -5.4730335325e-01 3.1333303153e+00
85 82 77
2 11 1186 593.0601 -183.1100 34 636 668.7100 -509.4100
1.0748258315e+00 -2.7955643378e-01 1.8188539512e+00
180 180 180
3 11 1193 46.8400 -173.3000 34 640 110.4600 -501.8600 50 1022 -74.9500 129.0000
2.7768052020e+00 -2.1201348353e-01 2.3851330099e+00
145 144 139
3 11 1194 402.5000 -167.8199 34 637 460.5900 -504.1500 50 1603 37.2000 122.3400
-4.0975473896e+00 -1.3969042734e+00 1.9516431307e+00
169 167 156
2 11 1198 -748.2000 -161.7000 34 661 -691.5100 -456.7900
3.5573621769e+00 -3.5910059329e-01 3.0411518453e+00
174 171 166
4 11 1199 578.7400 -159.9301 34 647 651.8101 -486.9399 27 7610 382.6801 145.4500 77 4797 232.7100 -483.4301
3.9460577591e+00 -5.0330464242e-01 3.4914804567e+00
176 170 158
2 11 1200 665.1699 -153.7900 34 437 747.6899 -475.8700
2.6754298631e+00 -1.2341049594e-01 2.3375212292e+00
187 186 181
3 11 1201 381.2700 -155.0699 34 648 438.4600 -489.8300 50 1625 30.5900 128.6200
-5.4909692646e+00 -1.7029597782e+00 2.1171076954e+00
178 176 172
2 11 1203 -917.4000 -154.6801 34 665 -862.8100 -429.1000
2.8234201712e+00 -5.8132164149e-02 2.4378577685e+00
180 179 177
3 11 1207 417.3600 -138.5699 34 656 472.4301 -475.6300 50 1025 42.1200 131.1800
4.8794567953e+00 -5.6397046650e-01 4.3750237393e+00
172 168 158
2 11 1211 869.1799 -113.5500 34 447 965.0500 -429.7600
4.4319432081e+00 -3.7401775512e-01 3.9818616184e+00
190 183 167
2 11 1213 779.4299 -104.8000 34 667 865.0900 -423.0601
3.3527063155e+00 1.2919317797e-02 2.9639310540e+00
51 46 42
3 11 1215 544.5100 -98.0601 34 448 608.5300 -427.0500 50 1035 88.2900 138.0600
-2.4471326893e+00 -2.5892191691e-01 1.7282476863e+00
159 155 144
2 11 1222 -551.9800 -64.0200 34 676 -490.1200 -371.3199
4.6302256624e+00 -1.7186663369e-02 4.2069000629e+00
81 78 73
2 11 1227 840.1799 -32.1200 34 1061 916.2300 -352.1500
2.5953779514e+00 5.9464983003e-01 2.4378721555e+00
158 151 133
3 11 1231 382.9100 -19.3000 34 1060 428.5000 -358.4100 50 1677 33.6800 173.7900
-1.8757284636e+00 2.6508155415e-01 1.6061551786e+00
167 166 162
2 11 1236 -485.0900 -9.7600 34 683 -420.9800 -321.8300
-4.9925363222e+00 -5.3872349702e-01 2.1906940519e+00
171 166 170
2 11 1239 -887.1100 -2.6500 34 1093 -816.1700 -272.8700
-6.1879281186e-01 6.7208234847e-01 1.5370186380e+00
165 159 145
3 11 1244 -281.6200 13.1600 34 684 -221.9400 -310.6700 50 1716 -187.7300 208.5700
