# Bundle file v0.3
90 13205
0 0 0
0 0 0
0 0 0
0 0 0
0 0 0
2.2760343155e+04 -4.1403963562e-03 -4.3953340857e-05
-8.5281648446e-01 4.8068984595e-02 -5.1999366973e-01
-3.2540539695e-03 -9.9622430770e-01 -8.6755633117e-02
-5.2220058882e-01 -7.2294546577e-02 8.4975293090e-01
1.1209620573e+01 1.9245168726e+01 8.1436223082e+02
1.8705667841e+03 -1.7615482482e-01 4.7993299406e-01
9.6979697471e-01 2.2946927330e-02 2.4283176556e-01
-1.1279681951e-01 9.2490709668e-01 3.6307539164e-01
-2.1626535864e-01 -3.7950006724e-01 8.9956044467e-01
7.3514448674e-03 -1.7626107255e+01 -6.6653106040e+01
1.5571121140e+03 1.9768968174e-02 -9.3769923047e-02
9.9375275871e-01 4.8429155683e-02 1.0054885104e-01
-6.8558169540e-02 9.7581227629e-01 2.0758174014e-01
-8.8063794798e-02 -2.1317837210e-01 9.7303635580e-01
3.4048627684e+00 -3.9100177249e+00 -2.3733068638e+01
2.5396442914e+03 3.7135127362e-01 -6.7432303365e-01
9.2699000036e-01 6.1182565228e-02 3.7006247169e-01
-2.4964562261e-01 8.3697926750e-01 4.8697306792e-01
-2.7994035499e-01 -5.4380364056e-01 7.9114537107e-01
-1.4158916656e+01 -3.8931705755e+01 -9.7092796588e+01
1.5038081671e+03 9.2818146399e-02 2.2800441175e-02
8.5467026267e-01 -5.5290421938e-02 5.1621866622e-01
-7.5292730337e-02 9.7060091298e-01 2.2861511865e-01
-5.1368253510e-01 -2.3425805633e-01 8.2538077042e-01
-1.8100432665e+01 -1.2738894620e+01 -1.2890757764e+02
1.2265467320e+04 2.1850884689e+00 3.7509200691e-02
9.2858264034e-01 -2.8545954329e-02 3.7002622685e-01
5.9762235093e-03 9.9805834375e-01 6.1998606661e-02
-3.7107757250e-01 -5.5359470435e-02 9.2695024905e-01
5.3772868039e+00 6.1236059905e+00 -2.9995143500e+02
0 0 0
0 0 0
0 0 0
0 0 0
0 0 0
0 0 0
0 0 0
0 0 0
0 0 0
0 0 0
0 0 0
0 0 0
0 0 0
0 0 0
0 0 0
6.1260530561e+02 7.5405762868e-03 -6.8588938617e-02
-7.8855005785e-01 1.3762229670e-01 -5.9937376462e-01
-1.8851358908e-01 -9.8181098541e-01 2.2579097778e-02
-5.8536435918e-01 1.3079484843e-01 8.0015078243e-01
3.2664294787e+00 1.2017824058e+01 1.1499743059e+01
-1.5504159615e+03 6.2631240875e-01 -6.3483967946e-01
8.2201446099e-01 -1.0016158147e-01 5.6058887209e-01
-3.2268624590e-01 7.2918930034e-01 6.0345385157e-01
-4.6921829954e-01 -6.7694211116e-01 5.6708338497e-01
-1.9222355848e+00 -1.2641793472e+00 8.3917200457e+00
4.0961607234e+03 1.9086252091e+00 7.8753799483e-02
8.5636374714e-01 -1.1776380045e-01 5.0276517370e-01
-2.4333500864e-02 9.6336213392e-01 2.6709788406e-01
-5.1579939252e-01 -2.4096698164e-01 8.2212280131e-01
3.7827084649e+00 -2.3764435763e+01 -2.2176305202e+02
4.9008709705e+03 -1.3533376350e-01 5.2852464887e-02
9.1143688582e-01 -2.6104113641e-02 4.1061098185e-01
-1.8340100037e-01 8.6757547870e-01 4.6225194627e-01
-3.6830269647e-01 -4.9661993920e-01 7.8595277196e-01
-1.4962411915e+01 -2.9671006933e+01 -6.5865224623e+01
0 0 0
0 0 0
0 0 0
0 0 0
0 0 0
2.8641408583e+03 -1.6525003561e-01 -9.5323326738e-02
9.4909867249e-01 2.9449613433e-02 3.1359915520e-01
-1.3101351582e-01 9.4231680028e-01 3.0801705568e-01
-2.8643876927e-01 -3.3342430653e-01 8.9820992161e-01
-4.3689778107e+00 -1.7334990802e+01 -8.1778297928e+01
4.1280542943e+02 5.7838627182e-01 -1.8074762486e+00
6.2226270966e-01 1.6394017211e-01 -7.6544937137e-01
1.8966125676e-03 9.7750596677e-01 2.1089923611e-01
7.8280618484e-01 -1.3268649103e-01 6.0795458060e-01
-1.0438391775e+00 -1.1699481653e+01 -3.0924679267e+01
3.9302552828e+03 1.1918031922e-01 1.2850286573e-01
-6.7062236090e-01 3.1434425102e-01 -6.7190277638e-01
-9.1885983843e-03 -9.0922545362e-01 -4.1620264794e-01
-7.4174201628e-01 -2.7294095761e-01 6.1263530338e-01
8.8144435473e-01 8.3929936582e+00 1.7511005906e+01
0 0 0
0 0 0
0 0 0
0 0 0
0 0 0
4.8714937168e+02 -2.2472710341e-01 7.8437791853e-02
9.9437168617e-01 9.9933300708e-02 -3.5189276116e-02
-9.7393728310e-02 9.9294073596e-01 6.7699014397e-02
4.1706251688e-02 -6.3890768300e-02 9.9708503062e-01
4.4045324228e+01 9.5854004623e+00 -1.2173115997e+02
0 0 0
0 0 0
0 0 0
0 0 0
0 0 0
1.0816188789e+03 -1.9567855146e+00 6.1721519313e+00
7.4243731245e-01 1.3335417682e-01 -6.5650856857e-01
2.8767308015e-01 8.2156883017e-01 4.9220814322e-01
6.0500498844e-01 -5.5429353308e-01 5.7160094747e-01
-9.9995391240e-01 -2.3006800408e+01 -3.3736592511e+01
5.9284323564e+04 -1.9592088090e-01 -9.3937850584e-05
9.4624673458e-01 -1.5360785852e-02 3.2308073845e-01
-4.9491187230e-02 9.8023311272e-01 1.9155591117e-01
-3.1963688724e-01 -1.9724880475e-01 9.2678215851e-01
1.6115542009e+01 -1.1354459042e+01 -2.4292235670e+03
0 0 0
0 0 0
0 0 0
0 0 0
0 0 0
1.9319808098e+03 -3.1247161334e-01 4.4501061860e-01
9.5677935933e-01 5.4433384724e-02 2.8567510251e-01
-1.2831396188e-01 9.6055425444e-01 2.4672059393e-01
-2.6097659810e-01 -2.7271327600e-01 9.2602304741e-01
8.7374616798e+00 -1.9592671634e+01 -9.6575111644e+01
2.9901073412e+03 1.2158608013e+00 2.6270788031e-01
-5.7245966036e-01 2.9702294996e-01 -7.6424296167e-01
-2.3256597729e-01 -9.5262001122e-01 -1.9603107004e-01
-7.8625886543e-01 6.5517031490e-02 6.1441396072e-01
-9.2266273594e-01 1.0223203173e+01 1.7616426041e+01
3.0393707638e+03 1.4390460480e-02 8.9998761199e-07
8.4183166940e-01 -2.9145479096e-02 5.3895267087e-01
-8.3725549319e-02 9.7940241676e-01 1.8374149897e-01
-5.3320678238e-01 -1.9980352124e-01 8.2205175027e-01
-6.1505392080e-01 -1.5830314074e+01 -4.7715912869e+02
7.0510247708e+02 -9.6681470978e-02 5.5955868939e-01
-8.4773391320e-01 -1.7776084873e-02 -5.3012378103e-01
3.0569839667e-01 -8.3313110729e-01 -4.6091327637e-01
-4.3346937917e-01 -5.5278980532e-01 7.1170761444e-01
-3.2297903051e+00 -3.0897379231e+00 1.4471815806e+01
2.4315349209e+03 -1.2555173184e-02 4.6753151156e-02
9.8399398838e-01 5.5136737620e-02 1.6945728370e-01
-1.5725193471e-01 7.1600639339e-01 6.8015194894e-01
-8.3831138984e-02 -6.9591291466e-01 7.1321634540e-01
-9.4783279995e-01 -2.3638857956e+01 -3.9721038953e+01
2.0974745095e+03 -7.4089800477e-02 -6.8651522836e-03
-9.5776440567e-01 -4.7156808979e-02 -2.8366102762e-01
1.1661693597e-02 -9.9201978152e-01 1.2554185748e-01
-2.8731750404e-01 1.1693155453e-01 9.5067116472e-01
1.3669328472e+00 8.7496695727e+00 4.1503568522e+01
3.0633022565e+03 1.6560590178e-01 2.2879845643e-01
9.0594560217e-01 -1.1256594992e-02 4.2324443880e-01
-1.2928225650e-01 9.4454985352e-01 3.0184710099e-01
-4.0317324324e-01 -3.2817504977e-01 8.5425550782e-01
-6.8966734856e+00 -2.4243163814e+01 -1.7337749742e+02
5.4997701689e+03 7.5149073291e-01 -3.6097730529e-03
8.2053951940e-01 -5.4477440831e-02 5.6898779032e-01
-7.7250921978e-02 9.7574513909e-01 2.0482606913e-01
-5.6634547067e-01 -2.1202271572e-01 7.9642901496e-01
-2.5850196169e+01 -2.0884710095e+01 -3.2241765961e+02
2.1562145194e+03 1.4454348208e-01 -9.5654446482e-01
9.4784668956e-01 2.1534463273e-02 3.1799830186e-01
-6.0969682940e-02 9.9154078863e-01 1.1458430196e-01
-3.1284077557e-01 -1.2799660692e-01 9.4114160346e-01
-2.1650927043e+00 3.5074598742e+00 -1.2525995727e+02
2.3908558481e+03 -3.5129207086e-01 4.8351531858e-01
4.9117499493e-01 -1.4205269899e-01 8.5939988077e-01
-1.3894558666e-01 9.6120293035e-01 2.3829194412e-01
-8.5990769755e-01 -2.3645286505e-01 4.5238124884e-01
-5.5330913999e+01 -7.2514105680e+00 -6.8188948087e+01
-4.3150288205e+03 -4.5352759624e-01 -1.3335708601e-02
7.5407494246e-01 -1.7806976711e-01 6.3218837319e-01
-3.2663586449e-01 7.3339507466e-01 5.9618845719e-01
-5.6980697888e-01 -6.5606617235e-01 4.9487087641e-01
-1.6074452334e+00 -2.9483047349e+00 2.2582898548e+01
0 0 0
0 0 0
0 0 0
0 0 0
0 0 0
3.0692218225e+03 -2.7037820948e-01 7.7436359722e-02
9.4856005517e-01 1.2941720863e-02 3.1633263124e-01
-1.1137957550e-01 9.4893305951e-01 2.9516205502e-01
-2.9635858666e-01 -3.1521192938e-01 9.0156143866e-01
-4.3012149427e+00 -2.0721658949e+01 -1.2652516484e+02
0 0 0
0 0 0
0 0 0
0 0 0
0 0 0
2.5136575286e+03 -1.5980267868e-01 7.5100020944e-01
9.8607153276e-01 3.4507952556e-02 1.6270259215e-01
-1.5225328068e-01 5.8103686695e-01 7.9950928560e-01
-6.6946775891e-02 -8.1314535014e-01 5.7819786297e-01
-2.4218354537e+00 -1.8243040325e+01 -2.4424785559e+01
8.7889826584e+04 4.9150962866e-03 1.5558206731e-06
7.9036778955e-01 -1.2269950038e-01 6.0021961801e-01
3.9496900548e-02 9.8790548184e-01 1.4994250165e-01
-6.1135812098e-01 -9.4802909030e-02 7.8565492193e-01
-1.9633800388e+00 -1.1713305246e+00 -6.3566987353e+01
0 0 0
0 0 0
0 0 0
0 0 0
0 0 0
6.5912461258e+02 -2.5862261216e-01 9.9686228730e-02
-8.8282571259e-01 7.6456777252e-02 -4.6343621179e-01
3.3418661375e-01 -5.9108185786e-01 -7.3412638183e-01
-3.3005767431e-01 -8.0297982448e-01 4.9627143088e-01
1.5198528302e+00 2.3099139341e-01 4.9137316400e+00
7.4766864960e+02 1.0072906914e+00 -3.8575351046e+00
8.8773791756e-01 5.3149534517e-03 4.6031852124e-01
-1.6440950080e-01 9.3764875554e-01 3.0624226893e-01
-4.2998942519e-01 -3.4754361238e-01 8.3326018249e-01
-4.8217612574e+00 -1.6685502445e+01 -5.0433939491e+01
0 0 0
0 0 0
0 0 0
0 0 0
0 0 0
1.5123356085e+03 -1.0141142145e-01 3.5863653936e-01
9.6855253747e-01 4.3190305295e-02 2.4503179323e-01
-1.4865895938e-01 8.9016262820e-01 4.3070988978e-01
-1.9951565342e-01 -4.5359132806e-01 8.6858989814e-01
-1.3714917914e+00 -1.6610940882e+01 -5.2216687870e+01
5.8117904015e+04 7.8852741973e-01 1.0705337303e-08
7.4463516994e-01 -1.0151619262e-01 6.5970669719e-01
1.7988746560e-01 9.8231785617e-01 -5.1885731890e-02
-6.4277442653e-01 1.5730890658e-01 7.4972991437e-01
-4.8582040197e+00 -2.6280395965e+01 -1.0281862982e+03
5.8319362372e+03 1.1283076203e-01 -9.1905313028e-03
9.1469595944e-01 -3.1701899630e-02 4.0289737074e-01
-2.2283704975e-01 7.9212002019e-01 5.6823368685e-01
-3.3715716075e-01 -6.0954151882e-01 7.1748462407e-01
-1.4724595158e+01 -4.0145871380e+01 -7.7106824024e+01
0 0 0
0 0 0
0 0 0
0 0 0
0 0 0
1.4404185965e+04 -6.3642558463e+00 -3.3527385656e-03
9.4927173984e-01 -3.7122974503e-02 3.1225798420e-01
-7.7484260284e-02 9.3477561711e-01 3.4668535457e-01
-3.0476114146e-01 -3.5329368863e-01 8.8447963019e-01
-3.2457337428e-01 -1.5939469272e+01 -4.2489368634e+01
5.8304106645e+02 2.1648583462e-02 -1.1954706733e-01
9.5130364911e-01 -2.2629223214e-02 3.0742362540e-01
-1.0437730671e-01 9.1474234766e-01 3.9032270654e-01
-2.9004610848e-01 -4.0340346510e-01 8.6783575595e-01
-3.1808126322e+00 -1.5438115526e+01 -5.2725732741e+01
8.5090732455e+02 1.3700711315e-01 -4.7300216011e-01
7.0783549450e-01 -7.5702008078e-02 7.0230913329e-01
-1.1186761560e-01 9.6968007618e-01 2.1726984704e-01
-6.9746293758e-01 -2.3235695778e-01 6.7790537309e-01
-3.3973373827e+00 1.9355021561e+00 -1.3301266285e+01
1.6014581774e+03 2.2938049836e-01 -1.0013649016e+00
9.7520115128e-01 5.0093747623e-02 2.1557674039e-01
-1.2993161940e-01 9.1810743144e-01 3.7442825563e-01
-1.7916609286e-01 -3.9315310095e-01 9.0184818588e-01
-1.8129668385e+00 -1.3637343728e+01 -4.3844213287e+01
8.8438003564e+02 3.6253480008e-02 -7.1234278965e-02
9.9132181607e-01 4.5626766052e-02 1.2328525950e-01
-8.9000196573e-02 9.2315275306e-01 3.7398925054e-01
-9.6747206677e-02 -3.8171611537e-01 9.1920225482e-01
-1.1939316082e-01 -1.2027949954e+01 -3.8647003997e+01
5.5495008600e+03 8.9223336018e+00 6.4394166827e-02
9.8199698773e-01 5.5985359771e-02 1.8040941102e-01
-1.0402937672e-01 9.5747123952e-01 2.6912211778e-01
-1.5766992380e-01 -2.8304498758e-01 9.4605799512e-01
-1.8019798296e+00 -1.7052939515e+01 -7.4143986441e+01
6.4823865981e+03 -7.7281166190e-01 -8.7579232546e-02
9.0290207642e-01 -3.5568973897e-04 4.2984615140e-01
-3.4240302284e-01 6.0394985896e-01 7.1972546003e-01
-2.5986152147e-01 -7.9702223391e-01 5.4518579246e-01
-1.6794218824e+00 -2.8368721214e+00 -2.4506324216e+01
7.5756900940e+02 -3.0491664878e-02 -1.4262259019e-01
9.6121609434e-01 2.8990071616e-02 2.7426847382e-01
-1.1555843138e-01 9.4529108837e-01 3.0507541228e-01
-2.5041938607e-01 -3.2493743088e-01 9.1197905518e-01
-1.4881028948e+00 -1.0284111299e+01 -5.5019448511e+01
0 0 0
0 0 0
0 0 0
0 0 0
0 0 0
1.7986335949e+03 -1.1674097030e-01 4.7266352457e-01
-1.2422348019e-01 9.1644611958e-01 3.8038800831e-01
-9.6804437039e-01 -2.7767124424e-02 -2.4923700318e-01
-2.1785000326e-01 -3.9919355794e-01 8.9060983566e-01
-1.7309057847e+01 3.3865213561e-01 -6.8410934616e+01
1.7972579581e+03 -9.7302405489e-02 1.2028221951e-01
7.6447979895e-01 -1.1473463456e-02 6.4454557375e-01
-1.7316107027e-01 9.5944064487e-01 2.2246099144e-01
-6.2095561898e-01 -2.8167713540e-01 7.3148623408e-01
-1.7467262859e+00 1.9706388477e+00 -1.4674348210e+01
5.1649616724e+04 8.9041233733e-02 1.3982975506e-04
8.5076940187e-01 -1.4606568864e-02 5.2533615237e-01
-6.2098889105e-02 9.8981664760e-01 1.2808876652e-01
-5.2185740659e-01 -1.4159679475e-01 8.4119866554e-01
-3.4007200740e+00 1.6371329832e+01 -8.6404138339e+02
0 0 0
0 0 0
0 0 0
0 0 0
0 0 0
0 0 0
0 0 0
0 0 0
0 0 0
0 0 0
0 0 0
0 0 0
0 0 0
0 0 0
0 0 0
3.5318204602e+03 -7.0053545144e-01 1.7256957411e-02
8.4938106305e-01 -2.9580895640e-02 5.2695045340e-01
-6.2325695742e-02 9.8582015496e-01 1.5580157166e-01
-5.2408712766e-01 -1.6517745820e-01 8.3549332129e-01
-9.3558969109e+00 -1.0845160746e+01 -8.5961140115e+01
2.4499424140e+02 -1.3269618414e-01 9.4878541789e-03
9.4475379970e-01 3.9524065816e-02 3.2538916112e-01
-1.6976643578e-01 9.0818517328e-01 3.8259514936e-01
-2.8039189581e-01 -4.1669837923e-01 8.6472125307e-01
-1.4892030107e+00 -2.1963824912e+00 -3.8014721953e+00
0 0 0
0 0 0
0 0 0
0 0 0
0 0 0
9.4154353294e+02 1.2779880932e-02 -7.5972123709e-02
9.7859862004e-01 2.5794133749e-02 2.0415534165e-01
-1.1111235157e-01 9.0128634160e-01 4.1873258265e-01
-1.7320157675e-01 -4.3245530764e-01 8.8486361701e-01
-3.2226102859e+00 -2.1421717675e+01 -6.3033190952e+01
6.5093982582e+03 9.8611237968e-01 3.1475353140e-02
7.8955850290e-01 2.4188344359e-03 6.1367053028e-01
-1.1149126176e-01 9.8391584602e-01 1.3956828618e-01
-6.0346256640e-01 -1.7861622882e-01 7.7712880127e-01
-3.2000174150e+01 -8.9266752381e+00 -3.2350244447e+02
1.2528277938e+03 -8.1563194199e-02 1.8087750815e-01
9.7848627368e-01 3.1648653724e-02 2.0386999518e-01
-1.2094110355e-01 8.8856389127e-01 4.4252396614e-01
-1.6714622846e-01 -4.5765988884e-01 8.7327519400e-01
-1.2824563036e+00 -1.7082463024e+01 -4.6974339928e+01
0 0 0
0 0 0
0 0 0
0 0 0
0 0 0
0 0 0
0 0 0
0 0 0
0 0 0
0 0 0
6.1618433574e+02 1.8336033998e-01 -6.1617096514e-02
8.4275588902e-01 -2.5541450504e-01 4.7384168468e-01
-2.3903746171e-01 6.1114047981e-01 7.5456504414e-01
-4.8231069180e-01 -7.4918004815e-01 4.5398860341e-01
2.4926403162e+00 -1.0424481866e+01 -5.4278735563e+00
4.6910359894e+04 4.4259242741e-03 7.7567484541e-07
8.0508922065e-01 2.3604228812e-01 5.4416485096e-01
-5.7299012182e-01 5.4665789078e-01 6.1061237356e-01
-1.5334166785e-01 -8.0339852419e-01 5.7535827467e-01
-6.0317508367e+00 2.5787985994e+00 -2.4047935074e+02
1.7632998530e+03 -1.5950004071e-01 1.0591403355e+00
9.4690900014e-01 8.0092418416e-03 3.2140192517e-01
-7.2002127880e-02 9.7957983828e-01 1.8772062755e-01
-3.1333534598e-01 -2.0089597426e-01 9.2814964768e-01
-4.4849488044e+00 -8.8109839959e+00 -1.0154429350e+02
0 0 0
0 0 0
0 0 0
0 0 0
0 0 0
9.1086463031e+02 1.7420416142e-01 1.2024900771e+00
9.3496167197e-01 7.9801682540e-03 3.5465897545e-01
-1.0012405749e-01 9.6503737432e-01 2.4223550374e-01
-3.4032608637e-01 -2.6199080724e-01 9.0307196383e-01
-1.2887186857e+00 -1.3531831165e+01 -6.7626135773e+01
5.8179533205e+02 2.7460642164e-01 1.1809351614e+00
-9.0552848384e-01 1.5276525693e-01 -3.9582943452e-01
3.2717835223e-01 -3.4256216743e-01 -8.8068466961e-01
-2.7013420885e-01 -9.2699187576e-01 2.6021831506e-01
5.8305515544e-01 7.6445167707e+00 8.7490176569e+00
1.4114936283e+03 4.6627820265e-02 -1.5705854290e-01
9.8713204107e-01 3.8652265364e-02 1.5516551125e-01
-1.1223364969e-01 8.5865569232e-01 5.0011399692e-01
-1.1390321057e-01 -5.1109334218e-01 8.5194463095e-01
2.0719180509e+00 -1.3809105695e+01 -4.0550843429e+01
1.7181088198e+03 -1.4012028789e-02 -6.4810633569e-02
9.3284565018e-01 -1.4132232433e-02 3.5999899021e-01
-4.6603886227e-02 9.8610166854e-01 1.5947280990e-01
-3.5724931173e-01 -1.6554086902e-01 9.1922203517e-01
-4.7739531669e+00 7.5645594433e-01 -6.4768403017e+01
3.9752342420e+03 9.6486378793e-02 4.6812626136e-01
9.1929892194e-01 -9.3072519649e-03 3.9344995511e-01
-1.1648155844e-01 9.4849592853e-01 2.9459721673e-01
-3.7592757103e-01 -3.1665256769e-01 8.7086716135e-01
2.1808096154e+01 -2.4793624727e+01 -1.7601765764e+02
1.7037160181e+03 1.6933911951e+00 -2.7801116473e+00
9.9955788788e-01 1.8803509583e-02 -2.3031648029e-02
-1.8546315837e-02 9.9976380307e-01 1.1330147372e-02
2.3239254559e-02 -1.0897985958e-02 9.9967053120e-01
7.9246423063e-01 3.0676706926e+00 -6.3293522459e+01
9.5602438424e+03 3.4157286212e+00 6.4042135269e-02
8.4078650968e-01 -4.9953885206e-02 5.3905719038e-01
-4.9959653114e-02 9.8432495399e-01 1.6914023178e-01
-5.3905665584e-01 -1.6914193536e-01 8.2511146368e-01
1.3716150690e+00 -3.9922574713e+00 -4.0936592717e+02
3.9248823367e+03 -3.6003502069e-01 4.8670395679e-02
9.2807648069e-01 -1.3427336963e-02 3.7214748770e-01
-7.9915367039e-02 9.6888518068e-01 2.3425422252e-01
-3.6371359624e-01 -2.4714613749e-01 8.9812649812e-01
-3.6046468289e+00 -1.5227828988e+01 -1.4993202223e+02
4.4796543537e+03 3.0117727518e-01 2.0773664499e-02
9.0492425031e-01 -2.8734078281e-02 4.2460152372e-01
-8.1633776270e-02 9.6747020304e-01 2.3945215139e-01
-4.1766975923e-01 -2.5134788438e-01 8.7314157686e-01
-3.9945121405e+00 -2.1140708900e+01 -2.4387906141e+02
0 0 0
0 0 0
0 0 0
0 0 0
0 0 0
2.1017981424e+03 -5.1452896746e-01 -6.2737750443e-02
8.3892793116e-01 -1.6288590025e-02 5.4399872073e-01
-1.5849463934e-01 9.4891534375e-01 2.7283533440e-01
-5.2065283599e-01 -3.1511006368e-01 7.9348993198e-01
-1.2025070384e+01 -2.4085973111e+01 -1.3470677374e+02
0 0 0
0 0 0
0 0 0
0 0 0
0 0 0
1.0863882724e+03 -1.0262009676e-01 -1.4728336732e-01
9.2827163010e-01 -2.9520878558e-04 3.7190280127e-01
-8.7663917056e-02 9.7164769804e-01 2.1958093847e-01
-3.6142332298e-01 -2.3643321202e-01 9.0192711339e-01
1.9535968691e+00 -1.3342067653e+01 -1.1566666518e+02
8.9475537534e+02 -1.4820569439e+00 2.8982276445e+00
5.8783752988e-01 3.7816656174e-01 7.1514829934e-01
-6.1791380007e-01 7.8045988988e-01 9.5209747185e-02
-5.2213942022e-01 -4.9786786587e-01 6.9245795106e-01
-5.3342292001e+01 -2.0453966998e+01 -9.4026118454e+01
0 0 0
0 0 0
0 0 0
0 0 0
0 0 0
-3.0954719744e-01 1.5447846971e+00 1.1821497123e+00
172 166 150
3 11 421 -325.7600 132.5601 34 214 -263.5300 -195.4400 29 2578 -63.8400 -357.5699
2.7898026985e+00 1.7695059620e-01 2.2780106117e+00
181 181 174
7 11 830 313.5601 -126.5900 34 440 371.1000 -460.6899 50 1036 10.1000 139.2700 58 163 224.1200 260.1600 64 625 152.6200 -134.9700 3 1833 459.4600 -240.8100 10 4381 16.1500 -563.8101
2.3789774177e+00 1.1979557194e+00 2.5348989471e+00
132 127 122
4 11 615 267.2700 75.3400 34 462 311.3000 -264.8800 50 664 -1.5200 211.8500 58 89 206.7700 399.5200
-1.6779039243e+00 -1.3619510773e+00 6.8529809402e-01
168 170 171
2 11 820 -431.5000 -199.2100 34 431 -378.6400 -518.1200
-2.1832941562e+00 -1.8750328800e+00 8.1316835590e-01
106 100 88
3 11 1174 -453.4000 -208.0400 34 628 -400.8800 -529.2900 41 1063 -245.6300 5.9099
2.8379216449e+00 -1.0862648986e-01 2.1770663863e+00
97 89 78
8 11 1189 313.3800 -180.0300 34 635 374.2800 -513.7500 50 1015 8.6700 121.1100 58 275 219.8300 225.7900 64 1276 152.4200 -158.7500 59 17060 4.7000 975.6001 3 4850 460.8400 -262.0100 29 20546 96.6500 -447.5200
-3.4910615376e+00 -5.1120302864e-01 2.4961128481e-01
171 170 165
2 11 841 -743.6100 -56.5900 34 453 -678.5800 -347.0900
1.4322616130e+00 6.6688424802e-01 1.6782526739e+00
30 29 26
6 11 1857 24.2400 -43.1600 34 1054 80.0400 -372.3700 50 1679 -83.0400 176.3800 51 15784 -1.9100 -477.7200 3 4891 352.0699 -208.3900 22 40765 446.9500 -256.4301
8.7899388864e-01 -8.7813064647e-01 5.6839190557e-01
173 173 171
6 11 1709 -140.7100 -330.1200 34 953 -79.5800 -661.3000 41 1531 -50.8600 -72.6500 22 40384 426.0000 -297.6100 77 6852 102.2400 -508.9700 44 12219 -15.6900 -502.5800
9.5606797097e-01 -8.3812966330e-01 6.9514362544e-01
79 76 64
7 11 1714 -116.8000 -314.7900 34 956 -53.9600 -644.6801 41 1535 -39.5600 -63.8900 3 5852 298.9200 -315.3700 10 14132 -95.4301 -614.7900 29 20408 -13.1200 -483.5800 44 19421 -12.0100 -499.9800
-1.7568255142e+00 -3.1668238453e+00 5.3308672747e-01
75 74 71
3 11 1689 -384.0400 -380.5900 34 934 -336.1200 -715.6700 10 14099 -158.2400 -629.1599
2.0663554358e+00 -1.1268963912e+00 1.3254989336e+00
53 48 44
5 11 1703 116.0800 -345.3800 34 945 184.1000 -681.1100 64 1776 63.7400 -230.4500 41 1526 111.8600 -80.5900 10 14115 -36.8101 -622.3899
6.9408665404e-01 7.8706729958e-01 1.4129190077e+00
115 109 98
6 11 1880 -121.1801 -11.2500 34 1070 -63.2000 -337.9301 58 463 -39.6300 367.0900 59 28485 -120.2600 1033.0801 10 14405 -93.7900 -530.8900 29 20716 -11.8700 -400.9100
2.1990365374e-01 1.1039992348e+00 1.2162008012e+00
83 76 70
8 11 2869 -227.8800 37.9900 34 1659 -169.6000 -288.7400 41 1640 -108.7900 180.3000 51 15910 -53.3300 -457.9700 59 28568 -151.1200 1051.2500 10 14446 -120.1600 -515.9800 77 11324 84.1700 -432.3700 68 12779 -22.9900 -416.3101
4.7111461938e-01 1.0447193192e+00 1.4225805932e+00
64 57 48
7 11 2872 -159.2500 39.6400 34 1658 -102.1500 -288.5699 58 476 -62.7000 405.2800 10 14451 -103.0600 -515.7100 27 11832 210.5601 212.2500 29 20759 -22.0300 -386.3101 68 12781 -12.9100 -415.9700
4.1151321531e-01 4.3950136030e+00 5.4155652606e+00
85 72 55
5 11 2288 214.8400 1087.0300 34 1386 257.3700 647.5601 71 1704 450.2400 -398.6700 25 2554 640.3701 -770.5500 27 12447 320.7600 451.1000
2.3488404446e-01 4.4716538604e+00 5.3619055205e+00
96 78 65
5 11 2293 175.6899 1104.2000 34 2071 222.4900 662.6600 71 1705 428.0400 -393.5900 25 2557 608.3401 -757.4200 27 12454 311.0800 456.3600
1.4528962975e+00 1.1528979122e-01 1.5346798442e+00
116 112 102
6 11 2749 23.3400 -134.1899 34 1561 83.4900 -462.3101 50 2514 -83.1300 143.7500 64 2886 28.5100 -139.3800 10 22166 -59.1899 -565.5500 29 33099 22.8300 -434.7600
1.4521107303e+00 3.9258931852e-01 1.6682385786e+00
186 181 175
8 11 2784 33.3101 -82.3199 34 1587 90.1000 -411.8800 50 3686 -80.3700 162.3600 41 2401 63.3900 97.7400 51 26827 -0.0800 -485.4500 59 47175 -75.3101 1008.7700 10 22254 -54.5100 -549.7200 77 11283 134.9700 -456.8400
3.9669978372e-02 3.6986676072e+00 3.9655661291e+00
185 179 172
5 11 2236 -4.6899 805.9800 34 2006 53.6100 410.1899 17 2838 135.1899 -708.5000 76 639 36.1200 -294.6100 41 1861 11.6800 691.3201
3.7670658377e-01 3.6214831127e+00 4.0416906724e+00
199 196 188
5 11 7185 61.7100 788.5601 34 4291 115.2200 394.9800 54 4285 102.4399 542.1200 17 6438 199.6300 -726.6899 41 2739 56.5000 672.4000
1.2719087746e+00 4.0700398440e+00 5.7057126625e+00
180 180 182
6 11 10592 407.6200 1015.7500 34 6528 436.2600 585.0500 71 4857 559.0300 -418.2900 25 8495 802.2300 -826.3300 27 40896 368.3700 428.2300 21 11184 -95.9800 -506.8300
-4.5978174296e+00 2.2781535771e+00 1.7810149689e+00
166 163 158
2 11 56 -865.3500 522.6500 34 14 -755.4700 219.9400
3.0275055474e+00 2.4604533239e+00 5.6775156082e+00
161 153 149
2 11 58 720.7700 609.0100 34 59 735.3800 243.8600
-3.3371010795e+00 3.3560725522e+00 2.8011023390e+00
173 167 156
2 11 61 -650.2800 749.8800 34 18 -532.7900 409.4399
1.3574855770e+00 6.1879335866e-01 1.6128223737e+00
112 107 102
2 11 103 7.3400 -53.5900 34 32 62.4800 -381.3600
3.3174679888e+00 2.3101022474e-01 3.1355502046e+00
189 182 172
2 11 104 489.5000 -51.5900 34 30 547.8000 -386.2100
-1.4829853015e+00 5.7378137920e-01 6.0360555474e-01
161 159 146
2 11 106 -516.0100 2.1899 34 36 -451.1700 -311.4800
-4.2755963657e+00 1.3231223321e+00 1.1809173054e+00
182 178 175
2 11 120 -837.7700 307.2200 34 43 -744.1300 20.2800
3.3379361786e+00 1.7794117820e+00 5.1660279868e+00
189 186 181
3 11 128 710.9600 418.2600 34 46 743.8199 69.0100 54 45 945.4399 213.8500
-4.9963843643e+00 1.9166052930e+00 1.5991987073e+00
183 182 178
2 11 132 -910.4000 460.4399 34 52 -797.2600 179.0800
-2.3727945376e+00 2.5674927498e+00 2.0598502731e+00
141 140 137
2 11 134 -565.4700 499.5500 34 50 -472.1200 172.1600
-3.2098381731e+00 2.6525851243e+00 2.1725286624e+00
186 185 180
2 11 142 -669.7800 560.4900 34 58 -563.3200 241.1700
2.6588001669e+00 2.8184595789e+00 5.6594280826e+00
211 203 189
2 11 147 654.8899 693.7400 34 153 670.5100 314.7800
2.6588001669e+00 2.8184595789e+00 5.6594280826e+00
211 203 189
2 11 148 654.8899 693.7400 34 154 670.5100 314.7800
-2.6945856607e+00 3.4707399928e+00 2.9548300207e+00
135 128 113
3 11 149 -550.4900 761.2100 34 67 -437.1100 409.4200 17 115 -350.3000 -778.9900
-1.5616386047e+00 3.7331904735e+00 3.4398506717e+00
154 147 136
2 11 151 -334.6400 820.3400 34 163 -241.5700 443.4800
3.6586635368e+00 5.9123220953e-01 4.0944061960e+00
194 188 172
3 11 252 647.3701 86.6899 34 101 699.6100 -241.1800 50 268 128.4500 193.6300
3.9406690323e+00 4.4136788297e-01 4.6585529290e+00
182 177 174
2 11 254 744.7100 113.1300 34 39 802.0300 -213.8200
-3.7456794371e+00 5.5403885323e-01 6.6766994323e-01
183 179 170
2 11 256 -790.5700 127.9000 34 108 -709.4000 -159.6900
-3.8933430014e+00 4.3650438104e-01 7.3319485644e-01
183 179 170
3 11 257 -790.5700 127.9000 34 109 -709.4000 -159.6900 64 261 -309.5900 -56.3400
-8.6190187441e-01 1.4921431857e+00 1.0172421639e+00
70 58 46
2 11 258 -426.2300 139.4299 34 105 -359.4700 -184.4900
3.7201126734e+00 8.1533980155e-01 4.3464380711e+00
65 57 44
3 11 259 689.4600 147.4900 34 102 735.7000 -187.3000 54 110 948.1201 -130.9800
3.7201126734e+00 8.1533980155e-01 4.3464380711e+00
65 57 44
3 11 260 689.4600 147.4900 34 103 735.7000 -187.3000 54 111 948.1201 -130.9800
1.6162983603e+00 1.6888085598e+00 2.2908502549e+00
185 174 152
2 11 263 105.4301 165.7600 34 106 150.1700 -172.5500
1.6233378495e+00 1.7018994984e+00 2.2771020156e+00
185 174 152
3 11 264 105.4301 165.7600 34 107 150.1700 -172.5500 50 282 -54.5100 251.9500
3.2228495888e+00 1.2417008863e+00 4.1308991525e+00
164 160 151
2 11 268 580.4299 216.6100 34 110 624.1600 -121.1100
3.2228495888e+00 1.2417008863e+00 4.1308991525e+00
164 160 151
2 11 269 580.4299 216.6100 34 111 624.1600 -121.1100
2.2882883962e+00 1.8044038704e+00 3.0713086646e+00
68 55 39
4 11 270 305.6500 238.2500 34 113 344.5200 -107.3100 54 115 444.9200 -83.3000 50 288 17.4900 266.8200
2.7194826729e+00 1.8584075166e+00 4.1247576188e+00
156 152 143
4 11 278 494.1899 344.6100 34 121 529.9500 -2.5200 54 124 672.1100 84.7600 50 293 88.3300 290.9900
1.1624280433e+00 2.4608787792e+00 2.4981884589e+00
173 162 144
3 11 279 38.8101 349.6300 34 120 82.1200 -8.4300 54 119 113.4100 13.4900
-2.7435766405e+00 2.1368631087e+00 1.6107613340e+00
159 157 151
3 11 282 -648.9700 398.5901 34 125 -555.0300 89.4500 64 287 -257.8400 62.0900
2.4185570591e+00 2.2059148208e+00 4.1001673270e+00
185 177 165
2 11 284 441.1000 418.3401 34 124 475.1801 64.4500
-3.7573584824e+00 2.1102900614e+00 1.7202560980e+00
174 173 168
2 11 285 -761.5100 452.4399 34 131 -658.3000 149.8600
-1.1866034853e+00 2.6741897891e+00 2.1755158849e+00
144 134 125
2 11 286 -387.2700 473.1100 34 129 -304.8300 133.0100
-1.1866034853e+00 2.6741897891e+00 2.1755158849e+00
144 134 125
2 11 287 -387.2700 473.1100 34 130 -304.8300 133.0100
2.2982754473e+00 2.4533316506e+00 4.2972327908e+00
87 75 66
2 11 289 441.2400 493.4299 34 240 474.0800 129.7200
-1.9287833826e+00 2.6901810314e+00 2.2174897661e+00
58 49 39
2 11 290 -491.1800 514.6500 34 137 -398.7100 182.3700
-1.9287833826e+00 2.6901810314e+00 2.2174897661e+00
58 49 39
2 11 291 -491.1800 514.6500 34 138 -398.7100 182.3700
-1.3862006448e+00 3.0871265724e+00 2.6192691544e+00
59 48 31
2 11 297 -382.4600 604.5801 34 143 -292.7000 252.6200
6.6540821741e-01 3.3280719288e+00 3.7261029181e+00
150 143 115
2 11 304 80.0500 677.9700 34 151 130.0000 294.3400
8.6179679972e-01 3.4352083859e+00 4.1774719170e+00
154 151 134
3 11 308 164.7300 738.7600 34 157 209.0000 349.2100 54 147 230.8300 499.3201
-1.1444657533e+00 3.6940613721e+00 3.4575346204e+00
86 72 57
2 11 315 -266.3500 799.3700 34 162 -179.6800 418.5900
7.9048313026e-02 3.9580793911e+00 4.4740283053e+00
194 185 181
3 11 318 54.5300 910.5400 34 268 109.5699 502.1200 25 428 524.8400 -903.7400
-1.4964344886e+00 4.0065257572e+00 3.8038416977e+00
89 75 70
2 11 319 -290.1801 910.2500 34 170 -198.7800 518.4299
2.2480351102e+00 5.2815167800e-01 2.1251671990e+00
194 190 183
5 11 393 206.2000 -61.3199 34 200 260.4200 -393.9100 50 418 -23.7400 165.3500 58 58 161.5900 310.9600 64 415 108.7900 -105.0300
-2.2926675927e+00 -1.1918922828e-01 4.7006729721e-01
89 78 67
2 11 398 -596.5900 -53.3600 34 202 -533.6400 -356.1500
-5.4708323717e+00 -1.1173821710e+00 -9.2122489798e-02
190 187 178
2 11 399 -955.3800 -54.7500 34 206 -893.5200 -325.8900
-5.4708323717e+00 -1.1173821710e+00 -9.2122489798e-02
190 187 178
2 11 400 -955.3800 -54.7500 34 207 -893.5200 -325.8900
-3.2976544255e+00 -1.2885381266e-01 4.2268122073e-01
169 163 141
3 11 407 -724.0000 -3.9000 34 211 -654.5900 -295.8700 64 417 -282.4300 -104.9300
1.0381645768e+00 9.2643488880e-01 1.7034605893e+00
173 172 168
5 11 408 -39.6700 19.6700 34 208 18.8800 -309.0601 50 434 -102.7000 202.0400 64 430 4.0500 -70.0700 59 3240 -95.9399 1044.8799
3.3822014366e+00 6.4538855768e-01 3.6771809583e+00
170 166 155
3 11 410 557.4500 64.9000 34 212 609.6700 -267.8400 50 428 98.3000 190.7900
-2.1655117293e+00 7.3790254666e-01 7.1559059602e-01
179 174 155
2 11 416 -601.2600 73.5699 34 320 -528.7200 -231.3800
1.3481969117e+00 1.3785487390e+00 1.9953038986e+00
179 175 164
2 11 417 32.3500 99.8600 34 213 83.8199 -233.9600
-2.7221731095e-01 1.5797657295e+00 1.1563407861e+00
172 166 150
2 11 422 -325.7600 132.5601 34 215 -263.5300 -195.4400
3.7434607920e+00 9.0511915373e-01 4.6484262437e+00
186 182 173
3 11 426 721.2100 191.5200 34 221 767.5400 -136.5700 50 437 156.5200 224.0300
2.9981198515e+00 1.3161796746e+00 3.6739332089e+00
166 158 146
2 11 427 496.2800 188.5400 34 218 537.1899 -150.2300
-1.8222157161e+00 1.4666465471e+00 1.1144037792e+00
175 167 153
2 11 428 -546.6000 199.7600 34 225 -471.0100 -114.4500
2.5962832185e+00 1.8143880353e+00 3.6788739190e+00
165 159 145
2 11 437 427.1300 293.2300 34 230 464.2100 -53.1300
2.1507049236e+00 1.9913343506e+00 3.2062028443e+00
150 147 140
2 11 438 296.4399 292.7400 34 231 335.1100 -55.0900
-1.1930124240e-01 2.7349730350e+00 2.2191496917e+00
146 135 109
2 11 449 -217.6801 437.3201 34 350 -153.7300 82.4200
-9.5535476577e-01 2.5837048777e+00 2.0917245832e+00
155 149 137
2 11 450 -357.3600 436.8301 34 351 -281.2300 96.8800
1.1409551093e+00 2.7193014684e+00 3.0227716927e+00
120 113 98
2 11 454 92.1801 456.6899 34 237 135.1801 94.8600
-1.5319262493e+00 2.6264162223e+00 2.1039375772e+00
187 186 181
3 11 459 -444.8500 471.8101 34 244 -359.7500 139.2400 64 294 -175.3600 107.8200
-7.7461045800e-01 2.7807111990e+00 2.2936300194e+00
153 144 124
2 11 463 -313.7600 485.2800 34 354 -238.8200 137.2000
-7.7461045800e-01 2.7807111990e+00 2.2936300194e+00
153 144 124
2 11 464 -313.7600 485.2800 34 355 -238.8200 137.2000
1.5851918190e+00 2.6952034899e+00 3.5737456121e+00
140 133 123
2 11 466 232.9301 492.0500 34 241 272.1100 126.8800
1.5851918190e+00 2.6952034899e+00 3.5737456121e+00
140 133 123
2 11 468 232.9301 492.0500 34 242 272.1100 126.8800
1.3456453706e+00 2.8253665663e+00 3.5006807791e+00
142 133 118
2 11 470 181.7500 520.0500 34 357 221.5699 153.3100
1.0744638692e+00 3.0154504080e+00 3.4577619890e+00
139 132 122
2 11 472 125.8700 567.4099 34 245 169.8900 192.8200
1.3125281493e+00 3.0327724648e+00 3.9328341583e+00
183 177 168
2 11 475 221.3199 610.6599 34 248 263.6600 234.3800
9.0855068336e-01 3.1422373175e+00 3.6227334694e+00
77 64 55
2 11 477 112.8700 617.8500 34 250 161.2200 240.1000
-2.5109442897e-01 3.2491233738e+00 2.9372627708e+00
75 60 45
3 11 480 -168.3600 620.0100 34 253 -100.6800 250.5300 54 258 -165.0900 335.1100
7.6775019148e-01 -5.5089002061e-01 9.3840695557e-01
177 177 175
3 11 573 -126.1801 -240.1600 34 291 -62.2700 -564.7000 64 606 -35.1500 -185.3800
1.7700533187e+00 -8.2160092548e-02 1.5729493240e+00
171 172 166
2 11 581 77.7800 -176.7200 34 294 140.8300 -503.9200
-3.2759668526e+00 -1.2097316940e+00 3.9583507850e-02
148 148 148
2 11 583 -703.6200 -167.9100 34 300 -645.0400 -460.6400
-2.5845825497e+00 -7.4295171303e-01 1.8364694075e-01
189 186 181
2 11 590 -634.1500 -138.5300 34 198 -572.4300 -441.6200
-3.5182913938e+00 -8.5344099166e-01 9.3862013878e-02
176 174 161
2 11 593 -745.7300 -108.3600 34 305 -683.1700 -401.7300
-4.9885294921e+00 -1.0503484266e+00 -1.8594340017e-02
186 187 190
2 11 600 -903.2300 -68.3900 34 310 -839.8500 -337.3600
-4.1601367771e+00 -1.5141446851e-01 3.6904770823e-01
167 164 155
2 11 609 -827.1600 31.7800 34 315 -755.0500 -250.0700
-4.1601367771e+00 -1.5141446851e-01 3.6904770823e-01
167 164 155
2 11 610 -827.1600 31.7800 34 316 -755.0500 -250.0700
-1.1643913806e+00 1.0439501752e+00 8.3705196938e-01
111 102 88
2 11 613 -468.0000 71.8500 34 317 -402.0400 -244.6900
-1.2969978973e+00 1.2595741714e+00 1.0103625258e+00
146 140 126
2 11 620 -475.2900 128.4800 34 321 -406.8300 -187.2500
3.0177247904e+00 1.1002465367e+00 3.5667417282e+00
77 61 53
4 11 622 484.2900 141.6300 34 476 531.3199 -193.1000 54 323 684.7000 -170.7100 50 669 76.4600 221.9700
3.4753571096e+00 9.1194658119e-01 4.1271880237e+00
184 178 166
3 11 623 622.5701 149.5300 34 322 668.4800 -181.4100 54 324 864.4900 -135.8500
-2.7715654194e+00 9.6071275951e-01 9.0816921629e-01
182 175 165
2 11 626 -667.0900 155.3101 34 327 -587.8400 -142.5400
1.4177602142e+00 1.7278975405e+00 2.1270463686e+00
177 171 166
3 11 627 50.6700 165.0901 34 323 101.1899 -174.1600 51 3588 5.1700 -429.7300
-1.2216888640e+00 1.4670069743e+00 1.1026918136e+00
157 147 127
2 11 628 -465.3400 164.4299 34 325 -393.8300 -153.5900
2.8150022298e+00 1.3832174762e+00 3.5677468149e+00
104 88 72
4 11 629 450.8700 197.3201 34 328 492.3600 -142.4000 54 327 633.1700 -104.3300 50 445 66.5700 242.2400
-4.5546393931e+00 8.7257772752e-01 9.2417701735e-01
171 166 159
3 11 632 -870.5100 234.0601 34 336 -782.3200 -46.0900 64 660 -342.9600 -19.8200
2.4279388524e+00 1.9271688728e+00 3.5196999276e+00
100 85 63
2 11 644 380.4200 303.5300 34 334 417.0200 -45.1500
2.4279388524e+00 1.9271688728e+00 3.5196999276e+00
100 85 63
2 11 645 380.4200 303.5300 34 335 417.0200 -45.1500
3.6171410898e+00 1.4905109825e+00 5.2210142882e+00
163 156 148
3 11 655 764.0701 358.7900 34 341 800.0900 17.7400 50 691 178.7200 277.9900
1.6835329596e+00 2.3893392103e+00 3.0612511996e+00
87 74 58
2 11 657 194.8800 373.0000 34 343 235.2000 14.8600
-1.8451697062e+00 2.3807322691e+00 1.8433596894e+00
174 164 137
3 11 662 -510.5100 418.7300 34 352 -422.2200 94.0400 64 690 -201.7300 82.0400
-6.0730944195e+00 1.8839388474e+00 1.4379585488e+00
191 194 200
2 11 669 -1041.6100 486.3201 34 363 -927.5900 210.1600
3.9396301366e+00 1.7202321256e+00 6.2869845121e+00
129 117 105
2 11 670 924.4399 496.3800 34 356 949.1500 147.2100
-1.7392485577e+00 2.9815053847e+00 2.5567678951e+00
187 187 187
2 11 673 -436.2600 592.2500 34 369 -343.6600 249.9000
2.1117917249e+00 2.7930801940e+00 4.7560940596e+00
74 62 50
2 11 676 457.1801 615.9299 34 368 488.1300 243.3900
1.0533472197e+00 3.1560919431e+00 3.8238257572e+00
168 158 133
2 11 677 162.3700 635.4299 34 370 206.3600 256.6100
1.0533472197e+00 3.1560919431e+00 3.8238257572e+00
168 158 133
2 11 678 162.3700 635.4299 34 371 206.3600 256.6100
-4.6927732857e+00 3.0303468566e+00 2.3983835463e+00
164 156 143
2 11 685 -851.3700 701.4399 34 556 -722.7800 388.1799
-1.1602059444e+00 3.5205904893e+00 3.2102890859e+00
172 161 147
2 11 689 -290.8700 739.9299 34 551 -207.7500 367.5400
-2.5897620113e-01 4.0765204791e+00 4.3407884821e+00
143 131 117
3 11 700 -22.2000 939.0901 34 571 41.5500 525.9399 17 741 117.7500 -592.3500
1.2488456480e+00 3.9695570612e+00 5.6289301427e+00
121 112 98
2 11 704 396.0699 986.8201 34 394 423.6300 561.8101
-5.9618476186e+00 -4.3623836565e+00 -1.0289368508e+00
42 38 35
2 11 789 -904.4700 -405.1700 34 278 -879.2000 -711.0200
-5.8591846488e+00 -3.4648528238e+00 -9.1941825503e-01
163 166 170
2 11 804 -937.6600 -333.6500 34 285 -902.7200 -621.1000
1.6508434828e+00 -4.4698985771e-01 1.1698596424e+00
182 181 177
3 11 810 23.9301 -261.1801 34 286 86.5300 -591.3500 50 613 -83.1200 98.8400
-1.7133626620e+00 -1.7903570584e+00 5.7392224424e-01
172 173 168
2 11 811 -430.9800 -253.0200 34 289 -377.5900 -573.6400
-2.5511536943e+00 -1.6767152577e+00 1.2861093212e-01
184 176 163
2 11 813 -585.0900 -242.5500 34 426 -531.2800 -553.9200
-1.3036615714e+00 -1.1398589643e+00 7.6924903554e-01
167 168 163
2 11 822 -387.4700 -187.5100 34 432 -332.3800 -510.6500
2.3432412925e+00 -1.0319777191e-01 1.8966497473e+00
183 182 178
3 11 824 201.9100 -179.8800 34 433 264.2700 -509.0500 50 1019 -24.7000 123.7900
1.9340482313e+00 6.8687148628e-02 1.7338770099e+00
137 133 123
4 11 827 116.5000 -148.8700 34 435 180.0300 -478.7600 50 1028 -51.9500 135.4000 58 162 105.5000 257.3400
1.7881813742e+00 2.2373635785e-01 1.7154454645e+00
200 200 197
4 11 836 90.6400 -120.4900 34 663 152.4200 -451.3199 50 1044 -61.7600 146.8500 58 174 88.2800 278.1400
1.5476139001e+00 1.9461071114e-01 1.6242662450e+00
193 193 191
3 11 837 45.8600 -119.2400 34 442 105.9000 -448.4600 64 626 37.3900 -132.7200
-3.7002534167e+00 -5.2903673784e-01 1.9998657516e-01
134 126 123
2 11 842 -773.6200 -54.2100 34 455 -705.9100 -339.2800
3.5640795325e+00 1.4074732624e-01 3.4472651346e+00
110 101 94
3 11 843 562.3301 -45.9500 34 449 622.5400 -374.2900 50 1050 95.9300 155.0300
-2.5254732456e+00 -9.6441538878e-02 4.0033780246e-01
172 166 152
2 11 844 -636.4800 -44.4700 34 452 -570.8800 -346.1801
1.0985816588e+00 7.8909144704e-01 1.5468722470e+00
173 168 161
5 11 846 -45.6600 -20.4301 34 451 10.6700 -349.8400 50 653 -106.0100 186.7300 58 179 8.8400 357.4600 39 9 -366.3800 -162.1500
-5.5626587194e-01 9.5852739306e-01 6.9501360775e-01
179 170 154
3 11 849 -396.4800 7.5400 34 460 -336.6400 -314.2200 50 663 -228.8600 209.0000
-2.3585440975e+00 3.2966794263e-01 5.8651751700e-01
167 164 156
2 11 850 -616.9900 17.5800 34 461 -548.6500 -284.2600
-3.1689780802e+00 1.4510887550e-01 5.1346819196e-01
178 174 162
2 11 853 -714.0500 30.8800 34 463 -643.2500 -262.2000
3.0070440490e+00 9.6803712377e-01 3.1890000783e+00
163 154 137
3 11 861 445.9200 80.0300 34 697 491.8000 -260.1400 78 12939 -21.9000 56.1899
-4.2805841650e-01 1.3445644320e+00 9.3466222250e-01
153 153 146
2 11 862 -365.7100 82.1500 34 468 -304.8300 -243.2900
2.4904698252e+00 1.2558541352e+00 2.6306333094e+00
180 179 175
3 11 864 297.5699 89.6600 34 465 338.6000 -253.6500 50 1099 8.5900 215.2400
-1.7804611153e+00 1.5785750140e+00 1.2413138389e+00
164 161 146
2 11 885 -531.1100 226.2400 34 482 -453.6300 -87.1400
3.3996527445e+00 1.2121946564e+00 4.5554253822e+00
209 209 211
2 11 890 652.6201 248.6100 34 483 696.9200 -85.2900
3.3996527445e+00 1.2121946564e+00 4.5554253822e+00
209 209 211
2 11 891 652.6201 248.6100 34 484 696.9200 -85.2900
-1.3428163729e+00 1.9586133806e+00 1.5207034857e+00
76 55 39
2 11 897 -454.8500 291.1100 34 488 -378.6600 -31.5100
1.9655466569e+00 2.0926359307e+00 3.1243832446e+00
86 73 56
4 11 900 254.4800 310.4900 34 487 293.2700 -42.1300 54 486 371.8900 2.5000 50 697 2.5200 296.1600
-7.5054339137e-01 2.1639707557e+00 1.6958135468e+00
136 123 104
2 11 901 -356.3900 311.5000 34 492 -285.1400 -20.1400
-7.5054339137e-01 2.1639707557e+00 1.6958135468e+00
136 123 104
2 11 902 -356.3900 311.5000 34 493 -285.1400 -20.1400
1.7808414246e+00 2.2245154722e+00 3.0046106809e+00
150 143 127
2 11 907 207.1200 330.7300 34 758 247.6100 -21.8400
1.7808414246e+00 2.2245154722e+00 3.0046106809e+00
150 143 127
2 11 908 207.1200 330.7300 34 759 247.6100 -21.8400
-3.9393705264e+00 1.5497541578e+00 1.3350493394e+00
62 52 43
2 11 911 -794.7000 338.1400 34 503 -698.5100 47.1200
-3.2520348132e-01 2.4187572764e+00 1.9162747602e+00
82 66 48
2 11 914 -274.5200 356.7900 34 497 -209.3900 14.4900
2.1611388007e+00 2.1638525812e+00 3.5480685632e+00
101 88 69
3 11 915 334.5100 361.4800 34 496 372.1000 8.1300 50 699 33.8900 307.8700
1.8422824501e+00 2.3486945484e+00 3.1622931071e+00
131 119 102
2 11 916 235.8400 368.7800 34 773 272.6300 11.2000
3.8146203332e+00 1.3848159782e+00 5.7277483802e+00
76 63 59
2 11 923 839.8101 384.7600 34 779 878.7900 45.9800
1.4702157655e+00 2.4546127122e+00 2.9677449627e+00
165 158 151
2 11 924 146.4600 384.1300 34 499 187.9399 27.9100
