# Bundle file v0.3
90 8638
0 0 0
0 0 0
0 0 0
0 0 0
0 0 0
0 0 0
0 0 0
0 0 0
0 0 0
0 0 0
1.6190706003e+03 -1.0827356635e-01 1.7044477287e-01
9.7229495962e-01 2.7178228028e-02 2.3217203840e-01
-1.0866332794e-01 9.3193190508e-01 3.4596994877e-01
-2.0696567990e-01 -3.6161342372e-01 9.0906597072e-01
1.5910301167e-01 -1.7609125888e+01 -5.8073360645e+01
1.5869460342e+03 6.9101892881e-02 -4.6491381364e-01
9.9304233679e-01 4.1608690824e-02 1.1016185449e-01
-5.7621049866e-02 9.8754308681e-01 1.4641880447e-01
-1.0269728307e-01 -1.5174771345e-01 9.8306963106e-01
3.5928888140e+00 -3.8120365121e+00 -2.4529607477e+01
2.3086995686e+03 2.2817624180e-01 -4.2738180048e-01
9.2139166385e-01 5.7228447305e-02 3.8439862981e-01
-2.5269460825e-01 8.3969216737e-01 4.8068960776e-01
-2.9526739872e-01 -5.4003885867e-01 7.8814668329e-01
-1.3957326923e+01 -3.8871105461e+01 -8.7138890607e+01
0 0 0
0 0 0
0 0 0
0 0 0
0 0 0
0 0 0
0 0 0
0 0 0
0 0 0
0 0 0
0 0 0
0 0 0
0 0 0
0 0 0
0 0 0
0 0 0
0 0 0
0 0 0
0 0 0
0 0 0
0 0 0
0 0 0
0 0 0
0 0 0
0 0 0
5.8430756974e+02 4.8756651885e-02 -7.9111949767e-02
-8.1773651325e-01 8.4676840122e-02 -5.6933015697e-01
-1.8018324356e-01 -9.7706513146e-01 1.1348007587e-01
-5.4666351043e-01 1.9538055590e-01 8.1423918153e-01
3.2486020597e+00 1.1922989405e+01 1.1120159530e+01
-1.5506796792e+03 6.4425266729e-01 -6.3718754615e-01
8.3880616168e-01 -5.3128984330e-02 5.4183164742e-01
-2.8994801757e-01 7.9875103041e-01 5.2718776402e-01
-4.6079753714e-01 -5.9931135685e-01 6.5459264227e-01
-1.8736915158e+00 -1.2842232683e+00 7.9914841327e+00
0 0 0
0 0 0
0 0 0
0 0 0
0 0 0
5.0515930739e+03 -1.6991280558e-02 4.8164991603e-02
9.0419709912e-01 -3.0232687787e-02 4.2604411806e-01
-1.8583542132e-01 8.7027958667e-01 4.5615637363e-01
-3.8456833219e-01 -4.9162935796e-01 7.8128597342e-01
-1.4788511387e+01 -2.9626201623e+01 -6.8616886156e+01
0 0 0
0 0 0
0 0 0
0 0 0
0 0 0
0 0 0
0 0 0
0 0 0
0 0 0
0 0 0
0 0 0
0 0 0
0 0 0
0 0 0
0 0 0
4.0550852914e+03 1.5162313587e-01 1.1566665152e-01
-6.8819827482e-01 2.5191161309e-01 -6.8038494525e-01
-2.9253201290e-02 -9.4665792205e-01 -3.2090968952e-01
-7.2493267601e-01 -2.0094605694e-01 6.5885756993e-01
9.4061142129e-01 8.2642036276e+00 1.7790015476e+01
0 0 0
0 0 0
0 0 0
0 0 0
0 0 0
0 0 0
0 0 0
0 0 0
0 0 0
0 0 0
0 0 0
0 0 0
0 0 0
0 0 0
0 0 0
0 0 0
0 0 0
0 0 0
0 0 0
0 0 0
5.9416162063e+04 -2.6489489289e-02 -1.4758210084e-05
9.4354788317e-01 -1.9678581920e-02 3.3065109341e-01
-4.8948866122e-02 9.7899018243e-01 1.9794502066e-01
-3.2759945157e-01 -2.0295560133e-01 9.2276087001e-01
1.6235207023e+01 -1.1285308307e+01 -2.4248309959e+03
0 0 0
0 0 0
0 0 0
0 0 0
0 0 0
0 0 0
0 0 0
0 0 0
0 0 0
0 0 0
3.0043875508e+03 1.2266582649e+00 2.6465971403e-01
-5.9402511610e-01 2.2605823183e-01 -7.7203098206e-01
-2.4931396748e-01 -9.6418545205e-01 -9.0492870878e-02
-7.6483769982e-01 1.3872306903e-01 6.2910984975e-01
-8.4016950126e-01 9.9908407667e+00 1.7410465478e+01
0 0 0
0 0 0
0 0 0
0 0 0
0 0 0
6.9695716105e+02 -3.5406658352e-01 7.5365029324e-01
-8.5877031195e-01 -4.6129769752e-02 -5.1027991892e-01
2.7522265176e-01 -8.8158386604e-01 -3.8348713029e-01
-4.3216437066e-01 -4.6976795494e-01 7.6977400920e-01
-3.3561740830e+00 -3.1267908363e+00 1.3299181495e+01
0 0 0
0 0 0
0 0 0
0 0 0
0 0 0
1.9679753497e+03 -8.6520040256e-03 -1.8827407143e-03
-9.4997457254e-01 -4.7493907386e-02 -3.0869506034e-01
7.6858660819e-03 -9.9162611561e-01 1.2891304936e-01
-3.1223266803e-01 1.2009153006e-01 9.4238462712e-01
1.2854907708e+00 8.8895775667e+00 3.9797523841e+01
0 0 0
0 0 0
0 0 0
0 0 0
0 0 0
0 0 0
0 0 0
0 0 0
0 0 0
0 0 0
0 0 0
0 0 0
0 0 0
0 0 0
0 0 0
0 0 0
0 0 0
0 0 0
0 0 0
0 0 0
-4.4644316980e+03 -4.3520095626e-01 -7.7579430811e-02
7.7176205489e-01 -1.2216744340e-01 6.2406605933e-01
-2.9637515094e-01 7.9916914521e-01 5.2296314139e-01
-5.6262340916e-01 -5.8856078116e-01 5.8056102723e-01
-1.6081796169e+00 -2.9650054161e+00 2.2932046871e+01
0 0 0
0 0 0
0 0 0
0 0 0
0 0 0
0 0 0
0 0 0
0 0 0
0 0 0
0 0 0
0 0 0
0 0 0
0 0 0
0 0 0
0 0 0
0 0 0
0 0 0
0 0 0
0 0 0
0 0 0
8.3762903031e+04 5.4697755565e-03 1.9374481626e-06
8.0486956011e-01 -7.3981141555e-02 5.8882236872e-01
5.9120548390e-02 9.9725914568e-01 4.4485470728e-02
-5.9049957830e-01 -9.9349991231e-04 8.0703733556e-01
-1.9361896423e+00 -9.6502666946e-01 -6.0844211333e+01
0 0 0
0 0 0
0 0 0
0 0 0
0 0 0
7.3550144363e+02 -2.4946257826e-01 1.4663091202e-01
-8.7216083810e-01 6.3161076814e-02 -4.8512488172e-01
3.1117046634e-01 -6.9356498923e-01 -6.4972343855e-01
-3.7750286537e-01 -7.1761987437e-01 5.8524636055e-01
1.5100425328e+00 2.6215226399e-01 5.2924019852e+00
0 0 0
0 0 0
0 0 0
0 0 0
0 0 0
0 0 0
0 0 0
0 0 0
0 0 0
0 0 0
0 0 0
0 0 0
0 0 0
0 0 0
0 0 0
0 0 0
0 0 0
0 0 0
0 0 0
0 0 0
0 0 0
0 0 0
0 0 0
0 0 0
0 0 0
0 0 0
0 0 0
0 0 0
0 0 0
0 0 0
0 0 0
0 0 0
0 0 0
0 0 0
0 0 0
0 0 0
0 0 0
0 0 0
0 0 0
0 0 0
8.5268425503e+02 1.6043932589e-01 -5.5259377321e-01
7.1277231799e-01 -2.0300673981e-02 7.0110163696e-01
-8.7483152403e-02 9.8920227184e-01 1.1758215614e-01
-6.9591832909e-01 -1.4514388734e-01 7.0330002930e-01
-3.3958723165e+00 2.0830112531e+00 -1.3609057619e+01
1.2496427983e+03 2.4578839474e-01 -7.5201073863e-01
9.7590557348e-01 5.4782105188e-02 2.1120424379e-01
-1.2139983090e-01 9.4063482938e-01 3.1696718886e-01
-1.8130193794e-01 -3.3497020570e-01 9.2462131091e-01
-1.6856682891e+00 -1.3672731800e+01 -3.5166465772e+01
8.0175421507e+02 1.2174453636e-01 -4.0060750772e-01
9.9125310590e-01 4.2369221841e-02 1.2498851578e-01
-8.2580599968e-02 9.3787580282e-01 3.3700062758e-01
-1.0294525023e-01 -3.4437454540e-01 9.3317117826e-01
7.9663498184e-02 -1.2027051949e+01 -3.5665951454e+01
0 0 0
0 0 0
0 0 0
0 0 0
0 0 0
6.4998747075e+03 -7.1171737103e-01 -8.4490878924e-02
9.1584034770e-01 2.9113652341e-02 4.0048577099e-01
-3.1099649931e-01 6.8233275756e-01 6.6159140365e-01
-2.5400321837e-01 -7.3046177396e-01 6.3396211389e-01
-1.5638290138e+00 -2.9124750956e+00 -2.4900038885e+01
0 0 0
0 0 0
0 0 0
0 0 0
0 0 0
0 0 0
0 0 0
0 0 0
0 0 0
0 0 0
0 0 0
0 0 0
0 0 0
0 0 0
0 0 0
1.8576401318e+03 -1.1862417373e-01 1.1258256291e-01
7.7136429893e-01 3.3772509347e-02 6.3549707784e-01
-1.5477284310e-01 9.7856417048e-01 1.3585849728e-01
-6.1728638845e-01 -2.0315408403e-01 7.6005653262e-01
-1.7149564589e+00 2.0851523433e+00 -1.5384178276e+01
5.0386759959e+04 2.7933929932e-01 4.1282457405e-04
8.8056519697e-01 2.4218315967e-03 4.7391884180e-01
-6.3182383026e-02 9.9166037725e-01 1.1232845885e-01
-4.6969449684e-01 -1.2885585328e-01 8.7337463251e-01
-3.3134177703e+00 1.7165509257e+01 -8.8064085921e+02
0 0 0
0 0 0
0 0 0
0 0 0
0 0 0
0 0 0
0 0 0
0 0 0
0 0 0
0 0 0
0 0 0
0 0 0
0 0 0
0 0 0
0 0 0
0 0 0
0 0 0
0 0 0
0 0 0
0 0 0
2.4501182728e+02 -1.3228025460e-01 9.3461581637e-03
9.5326214452e-01 5.2597113722e-02 2.9753122098e-01
-1.4477809568e-01 9.4383633780e-01 2.9700550578e-01
-2.6519914563e-01 -3.2620010896e-01 9.0733836140e-01
-1.3449375017e+00 -2.1109011321e+00 -4.1022170876e+00
0 0 0
0 0 0
0 0 0
0 0 0
0 0 0
0 0 0
0 0 0
0 0 0
0 0 0
0 0 0
0 0 0
0 0 0
0 0 0
0 0 0
0 0 0
1.0815881156e+03 -6.6777357363e-02 -2.0446442909e-02
9.7817148935e-01 3.3985394380e-02 2.0500129364e-01
-1.1467292046e-01 9.1100160065e-01 3.9613912319e-01
-1.7329356231e-01 -4.1100009316e-01 8.9501299694e-01
-1.1513664186e+00 -1.7223466847e+01 -4.1060637885e+01
0 0 0
0 0 0
0 0 0
0 0 0
0 0 0
0 0 0
0 0 0
0 0 0
0 0 0
0 0 0
5.9747197251e+02 1.6322275180e-01 -5.2027868034e-02
8.5797217303e-01 -2.1409693770e-01 4.6695422856e-01
-2.1061047260e-01 6.8249177945e-01 6.9989156290e-01
-4.6853706271e-01 -6.9883293587e-01 5.4046789786e-01
2.5323430829e+00 -1.0472384911e+01 -5.5101734277e+00
3.8545666494e+04 6.6425326941e-03 1.6968897059e-06
8.2970653209e-01 2.7111863387e-01 4.8793622225e-01
-5.3554912898e-01 6.3311832195e-01 5.5888131196e-01
-1.5739822445e-01 -7.2502129402e-01 6.7049975552e-01
-5.9073766807e+00 2.4436222859e+00 -1.9763699384e+02
0 0 0
0 0 0
0 0 0
0 0 0
0 0 0
0 0 0
0 0 0
0 0 0
0 0 0
0 0 0
0 0 0
0 0 0
0 0 0
0 0 0
0 0 0
5.8603758600e+02 2.8613835965e-01 1.2186744014e+00
-9.1557370670e-01 1.2284000628e-01 -3.8292965472e-01
2.9788535828e-01 -4.3253282572e-01 -8.5098746641e-01
-2.7016495133e-01 -8.9321088637e-01 3.5942344323e-01
5.1250901162e-01 7.7765440236e+00 8.4945916454e+00
1.2751571592e+03 2.1071088196e-02 -1.7677565269e-01
9.8766577487e-01 4.0513799750e-02 1.5124466661e-01
-1.0690663366e-01 8.8023477215e-01 4.6233939652e-01
-1.1439968892e-01 -4.7280585649e-01 8.7370895225e-01
2.2407376431e+00 -1.3896132382e+01 -3.6977767063e+01
0 0 0
0 0 0
0 0 0
0 0 0
0 0 0
0 0 0
0 0 0
0 0 0
0 0 0
0 0 0
0 0 0
0 0 0
0 0 0
0 0 0
0 0 0
0 0 0
0 0 0
0 0 0
0 0 0
0 0 0
3.9377255644e+03 -2.8447567760e-01 6.9362026273e-02
9.2723093859e-01 -1.8396159300e-02 3.7403792300e-01
-7.7887966758e-02 9.6747795736e-01 2.4066546628e-01
-3.6630076598e-01 -2.5228551950e-01 8.9564265502e-01
-3.3654668433e+00 -1.5148344958e+01 -1.5032442746e+02
4.2080041557e+03 -5.8073065959e-02 1.2529494440e-02
9.0228255462e-01 -3.6094051968e-02 4.2963171559e-01
-7.9562192724e-02 9.6543627566e-01 2.4819882178e-01
-4.2374054457e-01 -2.5812790832e-01 8.6822458721e-01
-3.7349840453e+00 -2.1052712080e+01 -2.2789045448e+02
0 0 0
0 0 0
0 0 0
0 0 0
0 0 0
0 0 0
0 0 0
0 0 0
0 0 0
0 0 0
0 0 0
0 0 0
0 0 0
0 0 0
0 0 0
0 0 0
0 0 0
0 0 0
0 0 0
0 0 0
0 0 0
0 0 0
0 0 0
0 0 0
0 0 0
0 0 0
0 0 0
0 0 0
0 0 0
0 0 0
2.6673843725e+00 -8.6310308283e-01 1.9728959257e+00
170 174 173
14 11 220 279.8800 -315.4800 34 185 348.0200 -654.0000 50 383 -4.7900 75.8800 41 325 214.3300 -61.4100 51 3492 45.4200 -538.3300 3 1112 442.4301 -314.3300 10 2109 3.6100 -614.9800 22 9561 480.6801 -295.6000 27 2386 311.6300 120.1500 29 3776 83.9900 -484.3600 77 1590 180.6700 -506.1300 2 1930 89.0600 -508.7700 68 2693 49.6800 -472.5500 82 3810 -1.4700 -415.1899
2.1781488190e-01 -9.2499290423e-01 6.7268505545e-01
161 161 159
11 11 221 -229.4700 -311.1899 34 24 -171.8900 -640.6500 41 187 -108.7800 -58.3199 51 2459 -54.6400 -534.7700 3 693 258.7000 -312.4200 10 2112 -122.8100 -611.8101 22 5896 414.4500 -295.2500 52 1842 6.4900 -295.5100 2 1931 13.1600 -508.4800 68 1801 -22.6500 -471.8600 82 2829 -71.3400 -416.1801
3.2654057343e+00 5.8446148945e-01 3.4137411335e+00
73 61 44
4 11 242 525.0601 6.4800 34 98 577.6300 -326.2600 77 1608 226.9000 -446.9600 2 2759 125.2100 -464.5601
-4.3895646204e-01 1.4843406705e+00 1.2252875640e+00
172 166 150
3 11 421 -325.7600 132.5601 34 214 -263.5300 -195.4400 29 2578 -63.8400 -357.5699
6.1875443396e-01 -5.9983803160e-01 1.1641556945e+00
177 177 175
7 11 574 -126.1801 -240.1600 34 292 -62.2700 -564.7000 64 607 -35.1500 -185.3800 51 4913 -33.7400 -521.1600 59 4815 -121.3400 956.0601 3 1805 296.2700 -287.3900 22 16387 427.6100 -285.5400
2.6326087043e+00 1.5082245921e-01 2.4022252287e+00
181 181 174
7 11 830 313.5601 -126.5900 34 440 371.1000 -460.6899 50 1036 10.1000 139.2700 58 163 224.1200 260.1600 64 625 152.6200 -134.9700 3 1833 459.4600 -240.8100 10 4381 16.1500 -563.8101
2.2511679005e+00 1.2050435276e+00 2.5533071937e+00
132 127 122
4 11 615 267.2700 75.3400 34 462 311.3000 -264.8800 50 664 -1.5200 211.8500 58 89 206.7700 399.5200
-1.8512439001e+00 -1.4066434119e+00 1.1006427029e+00
168 170 171
2 11 820 -431.5000 -199.2100 34 431 -378.6400 -518.1200
1.0477252747e+00 -8.6954095003e-01 1.0460316227e+00
115 112 103
8 11 1141 -69.6600 -314.9900 34 416 -6.5300 -646.0601 50 978 -114.6900 83.7100 41 1038 -9.0000 -63.1600 59 16896 -106.5800 933.3701 10 14131 -83.6300 -614.7400 22 40402 435.2500 -295.5601 77 4764 115.6700 -506.2400
-2.0806120775e+00 -1.5870097176e+00 1.1000532961e+00
106 100 88
3 11 1174 -453.4000 -208.0400 34 628 -400.8800 -529.2900 41 1063 -245.6300 5.9099
2.6736524085e+00 -1.4517548809e-01 2.3315728876e+00
97 89 78
8 11 1189 313.3800 -180.0300 34 635 374.2800 -513.7500 50 1015 8.6700 121.1100 58 275 219.8300 225.7900 64 1276 152.4200 -158.7500 59 17060 4.7000 975.6001 3 4850 460.8400 -262.0100 29 20546 96.6500 -447.5200
-3.6635795945e+00 -5.9699266625e-01 6.4853943477e-01
171 170 165
2 11 841 -743.6100 -56.5900 34 453 -678.5800 -347.0900
1.2654687753e+00 5.9945607637e-01 1.7927924941e+00
30 29 26
6 11 1857 24.2400 -43.1600 34 1054 80.0400 -372.3700 50 1679 -83.0400 176.3800 51 15784 -1.9100 -477.7200 3 4891 352.0699 -208.3900 22 40765 446.9500 -256.4301
7.1307715231e-01 -9.6245022826e-01 8.2697315757e-01
173 173 171
5 11 1709 -140.7100 -330.1200 34 953 -79.5800 -661.3000 41 1531 -50.8600 -72.6500 22 40384 426.0000 -297.6100 77 6852 102.2400 -508.9700
7.6925578709e-01 -9.4631808967e-01 9.6951003580e-01
79 76 64
6 11 1714 -116.8000 -314.7900 34 956 -53.9600 -644.6801 41 1535 -39.5600 -63.8900 3 5852 298.9200 -315.3700 10 14132 -95.4301 -614.7900 29 20408 -13.1200 -483.5800
2.3526921684e-01 -7.7566026870e-01 6.8526355564e-01
185 185 183
8 11 569 -229.1801 -293.6801 34 284 -169.8600 -621.2200 41 481 -112.3900 -43.8600 51 4901 -54.9900 -530.9800 59 7257 -153.8700 944.5300 10 6416 -124.9300 -605.5500 22 16345 414.1600 -292.2200 29 8898 -43.2300 -474.6899
-1.9781931381e+00 -3.2173074652e+00 1.1684886635e+00
75 74 71
3 11 1689 -384.0400 -380.5900 34 934 -336.1200 -715.6700 10 14099 -158.2400 -629.1599
1.8691811652e+00 -1.2067407180e+00 1.6126564952e+00
53 48 44
5 11 1703 116.0800 -345.3800 34 945 184.1000 -681.1100 64 1776 63.7400 -230.4500 41 1526 111.8600 -80.5900 10 14115 -36.8101 -622.3899
5.4133149863e-01 7.2847122020e-01 1.5145753496e+00
115 109 98
6 11 1880 -121.1801 -11.2500 34 1070 -63.2000 -337.9301 58 463 -39.6300 367.0900 59 28485 -120.2600 1033.0801 10 14405 -93.7900 -530.8900 29 20716 -11.8700 -400.9100
6.7650101139e-02 1.0323154161e+00 1.3022336146e+00
83 76 70
8 11 2869 -227.8800 37.9900 34 1659 -169.6000 -288.7400 41 1640 -108.7900 180.3000 51 15910 -53.3300 -457.9700 59 28568 -151.1200 1051.2500 10 14446 -120.1600 -515.9800 77 11324 84.1700 -432.3700 68 12779 -22.9900 -416.3101
3.0508039982e-01 9.6824282560e-01 1.5243003341e+00
64 57 48
7 11 2872 -159.2500 39.6400 34 1658 -102.1500 -288.5699 58 476 -62.7000 405.2800 10 14451 -103.0600 -515.7100 27 11832 210.5601 212.2500 29 20759 -22.0300 -386.3101 68 12781 -12.9100 -415.9700
4.2274417910e-01 4.7194775338e+00 5.1293183237e+00
85 72 55
5 11 2288 214.8400 1087.0300 34 1386 257.3700 647.5601 71 1704 450.2400 -398.6700 25 2554 640.3701 -770.5500 27 12447 320.7600 451.1000
2.4671391832e-01 4.7930435950e+00 5.0723377033e+00
96 78 65
5 11 2293 175.6899 1104.2000 34 2071 222.4900 662.6600 71 1705 428.0400 -393.5900 25 2557 608.3401 -757.4200 27 12454 311.0800 456.3600
6.9372009601e-01 -8.5582799308e-01 8.3887369434e-01
96 88 73
8 11 2625 -145.8400 -313.4100 34 1456 -84.0700 -643.6700 41 3254 -54.0600 -62.3700 59 27922 -127.6800 934.2100 10 21948 -102.3000 -613.9600 27 37441 214.9700 120.6899 29 32842 -19.6600 -483.0400 77 11133 101.4700 -506.0000
7.0966248887e-01 -6.9683899284e-01 9.6638157288e-01
99 88 70
7 11 1730 -132.5500 -280.1300 34 967 -70.5900 -607.8900 50 2420 -135.2800 96.8900 59 27972 -124.3900 943.6499 10 21980 -98.3600 -606.2300 29 32885 -18.2600 -474.5699 77 11155 104.5700 -499.7200
1.2853208821e+00 5.2566351722e-02 1.6966575327e+00
116 112 102
6 11 2749 23.3400 -134.1899 34 1561 83.4900 -462.3101 50 2514 -83.1300 143.7500 64 2886 28.5100 -139.3800 10 22166 -59.1899 -565.5500 29 33099 22.8300 -434.7600
1.3186078081e+00 3.7013451284e-01 1.7741006145e+00
186 181 175
8 11 2784 33.3101 -82.3199 34 1587 90.1000 -411.8800 50 3686 -80.3700 162.3600 41 2401 63.3900 97.7400 51 26827 -0.0800 -485.4500 59 47175 -75.3101 1008.7700 10 22254 -54.5100 -549.7200 77 11283 134.9700 -456.8400
7.5884045476e-04 3.8865504445e+00 3.7697723475e+00
185 179 172
5 11 2236 -4.6899 805.9800 34 2006 53.6100 410.1899 17 2838 135.1899 -708.5000 76 639 36.1200 -294.6100 41 1861 11.6800 691.3201
3.3685438447e-01 3.8099971284e+00 3.8459405469e+00
199 196 188
5 11 7185 61.7100 788.5601 34 4291 115.2200 394.9800 54 4285 102.4399 542.1200 17 6438 199.6300 -726.6899 41 2739 56.5000 672.4000
1.2658423158e+00 4.4020159796e+00 5.4525706839e+00
180 180 182
5 11 10592 407.6200 1015.7500 34 6528 436.2600 585.0500 71 4857 559.0300 -418.2900 25 8495 802.2300 -826.3300 27 40896 368.3700 428.2300
-4.6791350409e+00 2.3322785271e+00 1.8946376823e+00
166 163 158
2 11 56 -865.3500 522.6500 34 14 -755.4700 219.9400
3.0168675037e+00 2.7874783012e+00 5.5073290060e+00
161 153 149
2 11 58 720.7700 609.0100 34 59 735.3800 243.8600
-3.3917723774e+00 3.4820054488e+00 2.7498327394e+00
173 167 156
2 11 61 -650.2800 749.8800 34 18 -532.7900 409.4399
1.1941364689e+00 5.5257455190e-01 1.7293863805e+00
112 107 102
2 11 103 7.3400 -53.5900 34 32 62.4800 -381.3600
3.1927272328e+00 2.9959762756e-01 3.2193942541e+00
189 182 172
2 11 104 489.5000 -51.5900 34 30 547.8000 -386.2100
-1.6634652930e+00 4.5881409421e-01 8.2053813225e-01
161 159 146
2 11 106 -516.0100 2.1899 34 36 -451.1700 -311.4800
-4.3889043461e+00 1.3229426966e+00 1.3933139571e+00
182 178 175
2 11 120 -837.7700 307.2200 34 43 -744.1300 20.2800
3.3010166344e+00 2.0530419726e+00 5.0630820449e+00
189 186 181
3 11 128 710.9600 418.2600 34 46 743.8199 69.0100 54 45 945.4399 213.8500
-5.0780490550e+00 1.9657738757e+00 1.7648268413e+00
183 182 178
2 11 132 -910.4000 460.4399 34 52 -797.2600 179.0800
-2.4725361124e+00 2.6056834015e+00 2.0722952405e+00
141 140 137
2 11 134 -565.4700 499.5500 34 50 -472.1200 172.1600
-3.2938883300e+00 2.7185128897e+00 2.1986165324e+00
186 185 180
2 11 142 -669.7800 560.4900 34 58 -563.3200 241.1700
2.6540668325e+00 3.1467927199e+00 5.4631054664e+00
211 203 189
2 11 147 654.8899 693.7400 34 153 670.5100 314.7800
2.6540668325e+00 3.1467927199e+00 5.4631054664e+00
211 203 189
2 11 148 654.8899 693.7400 34 154 670.5100 314.7800
-2.7516287277e+00 3.5998132006e+00 2.8721452193e+00
135 128 113
3 11 149 -550.4900 761.2100 34 67 -437.1100 409.4200 17 115 -350.3000 -778.9900
-1.6088831121e+00 3.8920509740e+00 3.2912274516e+00
154 147 136
2 11 151 -334.6400 820.3400 34 163 -241.5700 443.4800
3.5674249339e+00 7.5168194551e-01 4.1236168442e+00
194 188 172
3 11 252 647.3701 86.6899 34 101 699.6100 -241.1800 50 268 128.4500 193.6300
3.8644409008e+00 6.6489820209e-01 4.6825003426e+00
182 177 174
2 11 254 744.7100 113.1300 34 39 802.0300 -213.8200
-3.8925892902e+00 4.9895765012e-01 9.5415887357e-01
183 179 170
2 11 256 -790.5700 127.9000 34 108 -709.4000 -159.6900
-4.0357904065e+00 3.9452353508e-01 1.0352162035e+00
183 179 170
3 11 257 -790.5700 127.9000 34 109 -709.4000 -159.6900 64 261 -309.5900 -56.3400
-1.0268153108e+00 1.3943837591e+00 1.1139645250e+00
70 58 46
2 11 258 -426.2300 139.4299 34 105 -359.4700 -184.4900
3.6414181118e+00 1.0018925586e+00 4.3429361799e+00
65 57 44
3 11 259 689.4600 147.4900 34 102 735.7000 -187.3000 54 110 948.1201 -130.9800
3.6414181118e+00 1.0018925586e+00 4.3429361799e+00
65 57 44
3 11 260 689.4600 147.4900 34 103 735.7000 -187.3000 54 111 948.1201 -130.9800
1.4891107968e+00 1.6802159339e+00 2.2796757256e+00
185 174 152
2 11 263 105.4301 165.7600 34 106 150.1700 -172.5500
1.4982295073e+00 1.6941348448e+00 2.2611804339e+00
185 174 152
3 11 264 105.4301 165.7600 34 107 150.1700 -172.5500 50 282 -54.5100 251.9500
3.1457847849e+00 1.4098663510e+00 4.1006238354e+00
164 160 151
2 11 268 580.4299 216.6100 34 110 624.1600 -121.1100
3.1457847849e+00 1.4098663510e+00 4.1006238354e+00
164 160 151
2 11 269 580.4299 216.6100 34 111 624.1600 -121.1100
2.1871678773e+00 1.8671362741e+00 3.0215665241e+00
68 55 39
4 11 270 305.6500 238.2500 34 113 344.5200 -107.3100 54 115 444.9200 -83.3000 50 288 17.4900 266.8200
2.6534421927e+00 2.0302107736e+00 4.0432956422e+00
156 152 143
4 11 278 494.1899 344.6100 34 121 529.9500 -2.5200 54 124 672.1100 84.7600 50 293 88.3300 290.9900
1.0542387321e+00 2.4775557543e+00 2.4163435234e+00
173 162 144
3 11 279 38.8101 349.6300 34 120 82.1200 -8.4300 54 119 113.4100 13.4900
-2.8561553754e+00 2.1403070910e+00 1.6833967315e+00
159 157 151
3 11 282 -648.9700 398.5901 34 125 -555.0300 89.4500 64 287 -257.8400 62.0900
2.3568970615e+00 2.3761001850e+00 3.9931570090e+00
185 177 165
2 11 284 441.1000 418.3401 34 124 475.1801 64.4500
-3.8541695336e+00 2.1455109737e+00 1.8258249810e+00
174 173 168
2 11 285 -761.5100 452.4399 34 131 -658.3000 149.8600
-1.2929203468e+00 2.7000013315e+00 2.1414289159e+00
144 134 125
2 11 286 -387.2700 473.1100 34 129 -304.8300 133.0100
-1.2929203468e+00 2.7000013315e+00 2.1414289159e+00
144 134 125
2 11 287 -387.2700 473.1100 34 130 -304.8300 133.0100
2.2466863085e+00 2.6449432364e+00 4.1656909756e+00
87 75 66
2 11 289 441.2400 493.4299 34 240 474.0800 129.7200
-2.0260789547e+00 2.7356435539e+00 2.2019808297e+00
58 49 39
2 11 290 -491.1800 514.6500 34 137 -398.7100 182.3700
-2.0260789547e+00 2.7356435539e+00 2.2019808297e+00
58 49 39
2 11 291 -491.1800 514.6500 34 138 -398.7100 182.3700
-1.4707931059e+00 3.1608827694e+00 2.5425314774e+00
59 48 31
2 11 297 -382.4600 604.5801 34 143 -292.7000 252.6200
6.1034249624e-01 3.4805360564e+00 3.5555936698e+00
150 143 115
2 11 304 80.0500 677.9700 34 151 130.0000 294.3400
8.2291495659e-01 3.6319607668e+00 3.9855675622e+00
154 151 134
3 11 308 164.7300 738.7600 34 157 209.0000 349.2100 54 147 230.8300 499.3201
-1.1949180606e+00 3.8476588835e+00 3.3013876766e+00
86 72 57
2 11 315 -266.3500 799.3700 34 162 -179.6800 418.5900
5.9030492581e-02 4.1957083870e+00 4.2465306749e+00
194 185 181
3 11 318 54.5300 910.5400 34 268 109.5699 502.1200 25 428 524.8400 -903.7400
-1.5289210257e+00 4.1999449095e+00 3.6212416362e+00
89 75 70
2 11 319 -290.1801 910.2500 34 170 -198.7800 518.4299
2.0988148059e+00 5.0204604914e-01 2.2192240967e+00
194 190 183
5 11 393 206.2000 -61.3199 34 200 260.4200 -393.9100 50 418 -23.7400 165.3500 58 58 161.5900 310.9600 64 415 108.7900 -105.0300
-2.4712773627e+00 -2.1551428666e-01 7.8578618024e-01
89 78 67
2 11 398 -596.5900 -53.3600 34 202 -533.6400 -356.1500
-5.6205565367e+00 -1.1804446864e+00 4.4113285619e-01
190 187 178
2 11 399 -955.3800 -54.7500 34 206 -893.5200 -325.8900
-5.6205565367e+00 -1.1804446864e+00 4.4113285619e-01
190 187 178
2 11 400 -955.3800 -54.7500 34 207 -893.5200 -325.8900
-3.4572563185e+00 -2.0187536910e-01 7.6747277171e-01
169 163 141
3 11 407 -724.0000 -3.9000 34 211 -654.5900 -295.8700 64 417 -282.4300 -104.9300
8.9024380107e-01 8.8397259036e-01 1.7851273015e+00
173 172 168
5 11 408 -39.6700 19.6700 34 208 18.8800 -309.0601 50 434 -102.7000 202.0400 64 430 4.0500 -70.0700 59 3240 -95.9399 1044.8799
3.2801523806e+00 7.6530721691e-01 3.7123981902e+00
170 166 155
3 11 410 557.4500 64.9000 34 212 609.6700 -267.8400 50 428 98.3000 190.7900
-2.3324049556e+00 6.4890657818e-01 9.3373449511e-01
179 174 155
2 11 416 -601.2600 73.5699 34 320 -528.7200 -231.3800
1.2081672941e+00 1.3467067332e+00 2.0269093436e+00
179 175 164
2 11 417 32.3500 99.8600 34 213 83.8199 -233.9600
-4.3539522434e-01 1.4835160718e+00 1.2248620079e+00
172 166 150
2 11 422 -325.7600 132.5601 34 215 -263.5300 -195.4400
3.6741332761e+00 1.1216277154e+00 4.6356108293e+00
186 182 173
3 11 426 721.2100 191.5200 34 221 767.5400 -136.5700 50 437 156.5200 224.0300
2.9081038692e+00 1.4368864748e+00 3.6481948187e+00
166 158 146
2 11 427 496.2800 188.5400 34 218 537.1899 -150.2300
-1.9727429801e+00 1.4031246539e+00 1.2394924533e+00
175 167 153
2 11 428 -546.6000 199.7600 34 225 -471.0100 -114.4500
2.5148251326e+00 1.9383811335e+00 3.6125454319e+00
165 159 145
2 11 437 427.1300 293.2300 34 230 464.2100 -53.1300
2.0572212017e+00 2.0702776356e+00 3.1389830501e+00
150 147 140
2 11 438 296.4399 292.7400 34 231 335.1100 -55.0900
-2.3182040739e-01 2.7422877410e+00 2.1490896869e+00
146 135 109
2 11 449 -217.6801 437.3201 34 350 -153.7300 82.4200
-1.0675648746e+00 2.5965189056e+00 2.0616246568e+00
155 149 137
2 11 450 -357.3600 436.8301 34 351 -281.2300 96.8800
1.0526274392e+00 2.7909530050e+00 2.9100738478e+00
120 113 98
2 11 454 92.1801 456.6899 34 237 135.1801 94.8600
-1.6365625765e+00 2.6529819435e+00 2.0843427463e+00
187 186 181
3 11 459 -444.8500 471.8101 34 244 -359.7500 139.2400 64 294 -175.3600 107.8200
-8.7910682042e-01 2.8097743334e+00 2.2357068799e+00
153 144 124
2 11 463 -313.7600 485.2800 34 354 -238.8200 137.2000
-8.7910682042e-01 2.8097743334e+00 2.2357068799e+00
153 144 124
2 11 464 -313.7600 485.2800 34 355 -238.8200 137.2000
1.5145451214e+00 2.8191695814e+00 3.4451260017e+00
140 133 123
2 11 466 232.9301 492.0500 34 241 272.1100 126.8800
1.5145451214e+00 2.8191695814e+00 3.4451260017e+00
140 133 123
2 11 468 232.9301 492.0500 34 242 272.1100 126.8800
1.2746849283e+00 2.9447409624e+00 3.3660630046e+00
142 133 118
2 11 470 181.7500 520.0500 34 357 221.5699 153.3100
1.0048919751e+00 3.1334232923e+00 3.3115772480e+00
139 132 122
2 11 472 125.8700 567.4099 34 245 169.8900 192.8200
1.2591857614e+00 3.1983987217e+00 3.7725222822e+00
183 177 168
2 11 475 221.3199 610.6599 34 248 263.6600 234.3800
8.4700791385e-01 3.2806209357e+00 3.4658020275e+00
77 64 55
2 11 477 112.8700 617.8500 34 250 161.2200 240.1000
-3.3033919114e-01 3.3339080014e+00 2.8088633402e+00
75 60 45
3 11 480 -168.3600 620.0100 34 253 -100.6800 250.5300 54 258 -165.0900 335.1100
5.7688269642e-01 -6.5144792439e-01 1.1970593304e+00
177 177 175
3 11 573 -126.1801 -240.1600 34 291 -62.2700 -564.7000 64 606 -35.1500 -185.3800
1.5957438329e+00 -1.5030122824e-01 1.7511915817e+00
171 172 166
2 11 581 77.7800 -176.7200 34 294 140.8300 -503.9200
-3.4651263270e+00 -1.3098731356e+00 5.1107034228e-01
148 148 148
2 11 583 -703.6200 -167.9100 34 300 -645.0400 -460.6400
-2.7754712825e+00 -8.5336295695e-01 5.8071807426e-01
189 186 181
2 11 590 -634.1500 -138.5300 34 198 -572.4300 -441.6200
-3.6986419877e+00 -9.4909919145e-01 5.3339108711e-01
176 174 161
2 11 593 -745.7300 -108.3600 34 305 -683.1700 -401.7300
-5.1459569627e+00 -1.1184810755e+00 4.9052015077e-01
186 187 190
2 11 600 -903.2300 -68.3900 34 310 -839.8500 -337.3600
-4.3145367301e+00 -2.1580524558e-01 7.4833520800e-01
167 164 155
2 11 609 -827.1600 31.7800 34 315 -755.0500 -250.0700
-4.3145367301e+00 -2.1580524558e-01 7.4833520800e-01
167 164 155
2 11 610 -827.1600 31.7800 34 316 -755.0500 -250.0700
-1.3360823799e+00 9.4011808319e-01 9.9166322163e-01
111 102 88
2 11 613 -468.0000 71.8500 34 317 -402.0400 -244.6900
-1.4583180232e+00 1.1758874557e+00 1.1430985435e+00
146 140 126
2 11 620 -475.2900 128.4800 34 321 -406.8300 -187.2500
2.9218507048e+00 1.2122841636e+00 3.5623990087e+00
77 61 53
4 11 622 484.2900 141.6300 34 476 531.3199 -193.1000 54 323 684.7000 -170.7100 50 669 76.4600 221.9700
3.3929049884e+00 1.0790563286e+00 4.1224044673e+00
184 178 166
3 11 623 622.5701 149.5300 34 322 668.4800 -181.4100 54 324 864.4900 -135.8500
-2.9209578031e+00 9.0397283065e-01 1.1175068455e+00
182 175 165
2 11 626 -667.0900 155.3101 34 327 -587.8400 -142.5400
1.2884731499e+00 1.7076029963e+00 2.1156951541e+00
177 171 166
3 11 627 50.6700 165.0901 34 323 101.1899 -174.1600 51 3588 5.1700 -429.7300
-1.3788993881e+00 1.3887067385e+00 1.2103265709e+00
157 147 127
2 11 628 -465.3400 164.4299 34 325 -393.8300 -153.5900
2.7238512094e+00 1.4963503490e+00 3.5397185994e+00
104 88 72
4 11 629 450.8700 197.3201 34 328 492.3600 -142.4000 54 327 633.1700 -104.3300 50 445 66.5700 242.2400
-4.6789815917e+00 8.5563402809e-01 1.1990424143e+00
171 166 159
3 11 632 -870.5100 234.0601 34 336 -782.3200 -46.0900 64 660 -342.9600 -19.8200
2.3432131608e+00 2.0356982736e+00 3.4481948818e+00
100 85 63
2 11 644 380.4200 303.5300 34 334 417.0200 -45.1500
2.3432131608e+00 2.0356982736e+00 3.4481948818e+00
100 85 63
2 11 645 380.4200 303.5300 34 335 417.0200 -45.1500
3.5750815327e+00 1.7662444964e+00 5.1432489304e+00
163 156 148
3 11 655 764.0701 358.7900 34 341 800.0900 17.7400 50 691 178.7200 277.9900
1.5912187774e+00 2.4575462160e+00 2.9672768952e+00
87 74 58
2 11 657 194.8800 373.0000 34 343 235.2000 14.8600
-1.9572161089e+00 2.3887010380e+00 1.8606920326e+00
174 164 137
3 11 662 -510.5100 418.7300 34 352 -422.2200 94.0400 64 690 -201.7300 82.0400
-6.1438750972e+00 1.9331248426e+00 1.6465913844e+00
191 194 200
2 11 669 -1041.6100 486.3201 34 363 -927.5900 210.1600
3.9315097053e+00 2.1042209965e+00 6.1568751955e+00
129 117 105
2 11 670 924.4399 496.3800 34 356 949.1500 147.2100
-1.8232385914e+00 3.0570254318e+00 2.5011410888e+00
187 187 187
2 11 673 -436.2600 592.2500 34 369 -343.6600 249.9000
2.0804541921e+00 3.0353072679e+00 4.5886592635e+00
74 62 50
2 11 676 457.1801 615.9299 34 368 488.1300 243.3900
9.9842912708e-01 3.3135174169e+00 3.6592725837e+00
168 158 133
2 11 677 162.3700 635.4299 34 370 206.3600 256.6100
9.9842912708e-01 3.3135174169e+00 3.6592725837e+00
168 158 133
2 11 678 162.3700 635.4299 34 371 206.3600 256.6100
-4.7458244679e+00 3.1400389577e+00 2.4279067816e+00
164 156 143
2 11 685 -851.3700 701.4399 34 556 -722.7800 388.1799
-1.2212014136e+00 3.6495702368e+00 3.0754852151e+00
172 161 147
2 11 689 -290.8700 739.9299 34 551 -207.7500 367.5400
-2.8075019258e-01 4.3047371044e+00 4.1116874143e+00
143 131 117
3 11 700 -22.2000 939.0901 34 571 41.5500 525.9399 17 741 117.7500 -592.3500
1.2623932957e+00 4.3082305737e+00 5.3547954228e+00
121 112 98
2 11 704 396.0699 986.8201 34 394 423.6300 561.8101
-6.1406747940e+00 -4.4178456519e+00 -1.1042983475e-01
42 38 35
2 11 789 -904.4700 -405.1700 34 278 -879.2000 -711.0200
-6.0379566305e+00 -3.5441918838e+00 -1.0222505874e-01
163 166 170
2 11 804 -937.6600 -333.6500 34 285 -902.7200 -621.1000
1.4530440485e+00 -5.6008543728e-01 1.4011798985e+00
182 181 177
3 11 810 23.9301 -261.1801 34 286 86.5300 -591.3500 50 613 -83.1200 98.8400
-1.9039320885e+00 -1.8481378865e+00 1.0456411679e+00
172 173 168
2 11 811 -430.9800 -253.0200 34 289 -377.5900 -573.6400
-2.7488072381e+00 -1.7710329289e+00 6.2443348681e-01
184 176 163
2 11 813 -585.0900 -242.5500 34 426 -531.2800 -553.9200
-1.4605928481e+00 -1.1706033568e+00 1.1353430474e+00
167 168 163
2 11 822 -387.4700 -187.5100 34 432 -332.3800 -510.6500
2.1753877750e+00 -1.5033696249e-01 2.0595569034e+00
183 182 178
3 11 824 201.9100 -179.8800 34 433 264.2700 -509.0500 50 1019 -24.7000 123.7900
1.7627139225e+00 7.7241831996e-03 1.8932034643e+00
137 133 123
4 11 827 116.5000 -148.8700 34 435 180.0300 -478.7600 50 1028 -51.9500 135.4000 58 162 105.5000 257.3400
1.6204873499e+00 1.6377632212e-01 1.8607052549e+00
200 200 197
4 11 836 90.6400 -120.4900 34 663 152.4200 -451.3199 50 1044 -61.7600 146.8500 58 174 88.2800 278.1400
1.3820080064e+00 1.3644361199e-01 1.7759165113e+00
193 193 191
3 11 837 45.8600 -119.2400 34 442 105.9000 -448.4600 64 626 37.3900 -132.7200
-3.8720962287e+00 -6.1586043531e-01 6.0878369729e-01
134 126 123
2 11 842 -773.6200 -54.2100 34 455 -705.9100 -339.2800
3.4451047842e+00 2.3581039533e-01 3.5349007516e+00
110 101 94
3 11 843 562.3301 -45.9500 34 449 622.5400 -374.2900 50 1050 95.9300 155.0300
-2.7045095215e+00 -1.9668711345e-01 7.2264353577e-01
172 166 152
2 11 844 -636.4800 -44.4700 34 452 -570.8800 -346.1801
9.3805783091e-01 7.2182455359e-01 1.6498036234e+00
173 168 161
5 11 846 -45.6600 -20.4301 34 451 10.6700 -349.8400 50 653 -106.0100 186.7300 58 179 8.8400 357.4600 39 9 -366.3800 -162.1500
-7.4852728580e-01 8.1656722669e-01 8.5004712316e-01
179 170 154
3 11 849 -396.4800 7.5400 34 460 -336.6400 -314.2200 50 663 -228.8600 209.0000
-2.5298314233e+00 2.3858504269e-01 8.5526269068e-01
167 164 156
2 11 850 -616.9900 17.5800 34 461 -548.6500 -284.2600
-3.3326875716e+00 6.8086368139e-02 8.2780157662e-01
178 174 162
2 11 853 -714.0500 30.8800 34 463 -643.2500 -262.2000
2.8966566597e+00 1.0402493376e+00 3.2029116255e+00
163 154 137
2 11 861 445.9200 80.0300 34 697 491.8000 -260.1400
-6.0193818577e-01 1.2285039069e+00 1.0363518309e+00
153 153 146
2 11 862 -365.7100 82.1500 34 468 -304.8300 -243.2900
2.3664596588e+00 1.2708689720e+00 2.6376421036e+00
180 179 175
3 11 864 297.5699 89.6600 34 465 338.6000 -253.6500 50 1099 8.5900 215.2400
-1.9251556606e+00 1.5272932968e+00 1.3511500472e+00
164 161 146
2 11 885 -531.1100 226.2400 34 482 -453.6300 -87.1400
3.3349780429e+00 1.4245428691e+00 4.5173450998e+00
209 209 211
2 11 890 652.6201 248.6100 34 483 696.9200 -85.2900
3.3349780429e+00 1.4245428691e+00 4.5173450998e+00
209 209 211
2 11 891 652.6201 248.6100 34 484 696.9200 -85.2900
-1.4783151277e+00 1.9238582250e+00 1.5740646298e+00
76 55 39
2 11 897 -454.8500 291.1100 34 488 -378.6600 -31.5100
1.8714099516e+00 2.1657625124e+00 3.0520882184e+00
86 73 56
4 11 900 254.4800 310.4900 34 487 293.2700 -42.1300 54 486 371.8900 2.5000 50 697 2.5200 296.1600
-8.8285531854e-01 2.1334120076e+00 1.7085120009e+00
136 123 104
2 11 901 -356.3900 311.5000 34 492 -285.1400 -20.1400
-8.8285531854e-01 2.1334120076e+00 1.7085120009e+00
136 123 104
2 11 902 -356.3900 311.5000 34 493 -285.1400 -20.1400
1.6844406300e+00 2.2862904024e+00 2.9255095495e+00
150 143 127
2 11 907 207.1200 330.7300 34 758 247.6100 -21.8400
1.6844406300e+00 2.2862904024e+00 2.9255095495e+00
150 143 127
2 11 908 207.1200 330.7300 34 759 247.6100 -21.8400
-4.0510149572e+00 1.5557719072e+00 1.5106960226e+00
62 52 43
2 11 911 -794.7000 338.1400 34 503 -698.5100 47.1200
-4.5041719303e-01 2.4003895593e+00 1.8880851527e+00
82 66 48
2 11 914 -274.5200 356.7900 34 497 -209.3900 14.4900
2.0816062817e+00 2.2794105269e+00 3.4578188293e+00
101 88 69
3 11 915 334.5100 361.4800 34 496 372.1000 8.1300 50 699 33.8900 307.8700
1.7523635678e+00 2.4250548911e+00 3.0673169719e+00
131 119 102
2 11 916 235.8400 368.7800 34 773 272.6300 11.2000
3.7864375729e+00 1.7160733590e+00 5.6427154955e+00
76 63 59
2 11 923 839.8101 384.7600 34 779 878.7900 45.9800
1.3760810097e+00 2.5162612750e+00 2.8738219106e+00
165 158 151
2 11 924 146.4600 384.1300 34 499 187.9399 27.9100
-2.4472043787e-01 2.5794611499e+00 2.0578241863e+00
81 64 49
2 11 929 -225.6200 396.7300 34 502 -162.9400 48.1400
1.8710503495e+00 2.4851523418e+00 3.4297255163e+00
110 94 78
2 11 933 295.2400 408.0000 34 504 332.3000 51.8100
-4.8155427310e+00 1.8745330731e+00 1.7304111622e+00
182 180 181
2 11 936 -876.6400 434.9299 34 518 -770.5500 149.5200
1.6222903883e+00 2.6793576804e+00 3.3618648640e+00
99 83 64
2 11 939 243.6801 451.3401 34 509 281.6500 90.0900
-1.5513985526e-01 2.8005598790e+00 2.2397401601e+00
150 136 119
3 11 940 -197.5100 451.4299 34 789 -131.6700 98.8200 54 794 -184.1000 134.5100
-1.5922413015e+00 2.5977149415e+00 2.1027352728e+00
184 184 176
2 11 942 -433.6600 462.0400 34 515 -347.2200 129.4300
1.3970027399e+00 2.8282451353e+00 3.3043023710e+00
93 79 66
2 11 947 197.0000 485.8401 34 512 236.2700 121.1300
-1.9069156287e+00 2.7569866191e+00 2.1248015835e+00
65 53 42
3 11 955 -485.7900 506.6000 34 525 -394.7300 174.0100 64 1013 -193.2500 119.0700
-9.5656763095e-01 2.9554620711e+00 2.4360134060e+00
99 86 69
2 11 964 -306.4200 532.9800 34 823 -227.8300 183.7400
-1.6080695551e+00 3.0568283726e+00 2.5060808720e+00
109 94 76
2 11 970 -403.4200 584.3700 34 534 -312.9800 239.7200
7.0550533305e-01 3.3095826683e+00 3.3601482356e+00
75 58 42
2 11 976 76.4301 620.5800 34 536 124.9200 242.6100
7.0550533305e-01 3.3095826683e+00 3.3601482356e+00
75 58 42
2 11 977 76.4301 620.5800 34 537 124.9200 242.6100
-1.1052631328e+00 3.4300495630e+00 2.8359809763e+00
105 91 78
4 11 981 -299.3500 667.4299 34 543 -213.9700 304.9200 17 711 -130.9301 -854.5601 64 1040 -116.7900 197.7600
3.1394784241e+00 2.9683919885e+00 5.9348776641e+00
162 153 132
2 11 982 784.0300 678.6100 34 542 797.9301 303.6100
3.9716760783e-01 3.5313563735e+00 3.4165081991e+00
162 153 142
3 11 983 25.1000 686.1200 34 847 79.6899 301.8300 54 853 69.2400 415.9900
2.6547257825e+00 3.1638854601e+00 5.5045955055e+00
207 199 176
2 11 984 658.1201 701.1400 34 849 675.4200 320.5100
-2.0214686622e+00 3.5455682933e+00 2.9105630722e+00
197 195 189
2 11 989 -434.6100 730.7200 34 552 -334.5400 373.1899
-4.5030756694e+00 3.3208533837e+00 2.5593671964e+00
140 132 121
2 11 991 -814.0700 737.1000 34 561 -684.6600 415.8900
7.4817590956e-01 3.6505668213e+00 3.9268649553e+00
183 182 174
3 11 992 145.6700 741.5500 34 549 192.2900 350.9000 54 543 204.6899 497.2100
1.5788564034e+00 3.6786984082e+00 4.9210881503e+00
88 79 62
3 11 1001 404.3600 799.5500 34 559 433.5400 403.8201 54 556 508.2000 611.4700
-1.5051668881e+00 3.8371064576e+00 3.2701961836e+00
169 163 163
3 11 1002 -318.7900 802.0300 34 870 -226.3500 427.8000 17 724 -146.2800 -727.8600
-3.9793042454e+00 3.7398948624e+00 2.8799691921e+00
64 55 48
3 11 1003 -726.8900 825.3201 34 566 -596.2000 484.1500 17 1133 -498.8200 -732.4399
2.4300449688e+00 3.6576020991e+00 5.8134151096e+00
216 220 223
2 11 1006 654.7200 839.6100 34 873 666.2700 439.5100
1.3880892576e+00 3.8817133597e+00 4.9912144302e+00
173 168 164
2 11 1010 377.3101 856.8101 34 876 410.4800 453.4299
2.1128122693e+00 3.8203615069e+00 5.6083897089e+00
147 137 127
3 11 1012 577.8401 869.9700 34 879 593.3101 463.8700 71 730 674.0800 -480.6899
-2.9110341668e+00 4.2184659249e+00 3.3806748982e+00
185 181 169
2 11 1020 -534.7800 931.8301 34 890 -415.8200 557.5300
-2.9110341668e+00 4.2184659249e+00 3.3806748982e+00
185 181 169
2 11 1021 -534.7800 931.8301 34 891 -415.8200 557.5300
-3.6727296783e-01 4.7735943313e+00 4.5498069528e+00
193 189 185
4 11 1032 7.7500 1084.4600 34 1387 70.6899 647.0900 17 1157 142.6899 -467.4399 71 742 342.1300 -414.5400
-5.0843994903e+00 -3.5566533509e+00 7.7089581865e-02
153 154 158
2 11 1133 -824.5200 -363.9600 34 415 -787.1900 -664.4700
2.1597081395e+00 -9.1322940396e-01 1.7985872925e+00
96 92 83
2 11 1143 176.4200 -308.7900 34 602 244.7200 -644.7000
1.9749337210e+00 -8.1634436765e-01 1.7426370209e+00
189 191 190
4 11 1144 142.2700 -290.7700 34 419 208.7500 -624.7100 50 983 -47.0100 87.6400 64 844 75.2200 -206.6800
-3.3648487072e+00 -2.2047219314e+00 5.2032132386e-01
179 179 171
2 11 1146 -649.9800 -269.8800 34 614 -600.2600 -576.4200
-3.3648487072e+00 -2.2047219314e+00 5.2032132386e-01
179 179 171
2 11 1147 -649.9800 -269.8800 34 615 -600.2600 -576.4200
2.6927773556e+00 -6.0920007329e-01 2.2190181187e+00
186 185 181
2 11 1152 304.2600 -258.2200 34 612 369.2100 -592.7100
1.7904574004e+00 -6.2844372256e-01 1.7263983617e+00
191 190 185
6 11 1153 111.6899 -256.6400 34 613 177.5500 -586.8101 50 2425 -56.3000 100.3900 64 1841 60.6300 -192.4700 51 15479 12.1000 -526.0200 59 16961 -57.4600 950.4299
2.3920584043e+00 -4.4439643158e-01 2.1091004215e+00
158 151 145
4 11 1164 242.5800 -227.8700 34 425 309.7400 -560.8600 50 1003 -12.6000 106.0700 64 1250 119.1400 -180.4600
1.4084883141e+00 -4.7512012167e-01 1.6092282748e+00
99 96 88
3 11 1166 37.3300 -224.2700 34 619 102.8400 -551.6801 51 10102 -1.5300 -519.6700
-2.6010404003e+00 -1.3584765976e+00 5.6679717400e-01
86 77 61
2 11 1175 -592.6700 -210.7900 34 632 -534.7600 -516.6700
3.7031814450e+00 -6.2349152093e-01 3.5537551304e+00
85 82 77
2 11 1186 593.0601 -183.1100 34 636 668.7100 -509.4100
1.4477322777e+00 -1.4267398796e-01 1.6794330853e+00
180 180 180
3 11 1193 46.8400 -173.3000 34 640 110.4600 -501.8600 50 1022 -74.9500 129.0000
3.0153498726e+00 -1.4634212925e-01 2.6375506915e+00
145 144 139
3 11 1194 402.5000 -167.8199 34 637 460.5900 -504.1500 50 1603 37.2000 122.3400
-3.8799698096e+00 -1.4367564666e+00 4.8160489684e-01
169 167 156
2 11 1198 -748.2000 -161.7000 34 661 -691.5100 -456.7900
3.6395840151e+00 -4.1726152000e-01 3.4706752335e+00
174 171 166
4 11 1199 578.7400 -159.9301 34 647 651.8101 -486.9399 27 7610 382.6801 145.4500 77 4797 232.7100 -483.4301
3.9262282905e+00 -6.4132212374e-01 3.9968199367e+00
176 170 158
2 11 1200 665.1699 -153.7900 34 437 747.6899 -475.8700
2.9224623158e+00 -4.8817897129e-02 2.5789564224e+00
187 186 181
3 11 1201 381.2700 -155.0699 34 648 438.4600 -489.8300 50 1625 30.5900 128.6200
-5.3950132004e+00 -1.8256262573e+00 2.8106888240e-01
178 176 172
2 11 1203 -917.4000 -154.6801 34 665 -862.8100 -429.1000
3.0443748907e+00 2.6611670077e-03 2.7216916798e+00
180 179 177
3 11 1207 417.3600 -138.5699 34 656 472.4301 -475.6300 50 1025 42.1200 131.1800
4.6561675798e+00 -8.5769914665e-01 5.1099369881e+00
172 168 158
2 11 1211 869.1799 -113.5500 34 447 965.0500 -429.7600
4.2931341744e+00 -5.9136944556e-01 4.6255768399e+00
190 183 167
2 11 1213 779.4299 -104.8000 34 667 865.0900 -423.0601
3.4460889123e+00 -7.5707912878e-03 3.3787569746e+00
51 46 42
3 11 1215 544.5100 -98.0601 34 448 608.5300 -427.0500 50 1035 88.2900 138.0600
-2.1113081345e+00 -1.6291202375e-01 7.9021865878e-01
159 155 144
