# Bundle file v0.3
70 6698
0 0 0
0 0 0
0 0 0
0 0 0
0 0 0
0 0 0
0 0 0
0 0 0
0 0 0
0 0 0
3.8693347205e+04 -6.2636568542e-03 -2.0129846333e-07
-9.8129786877e-01 -1.4831677700e-02 -1.9192319839e-01
3.4584224389e-02 -9.9438795615e-01 -9.9982618950e-02
-1.8936320701e-01 -1.0475024585e-01 9.7630372417e-01
-8.0568356136e-01 1.5565926505e+01 1.2357655185e+03
1.1054444075e+06 9.2210268968e-05 1.9072931204e-18
9.8304201645e-01 9.5519975882e-03 1.8313151895e-01
-2.9399071530e-02 9.9393462414e-01 1.0597007843e-01
-1.8100853152e-01 -1.0955693621e-01 9.7736031700e-01
3.6562880368e+00 -3.3694811619e+00 -1.4441215860e+04
0 0 0
0 0 0
0 0 0
0 0 0
0 0 0
0 0 0
0 0 0
0 0 0
0 0 0
0 0 0
0 0 0
0 0 0
0 0 0
0 0 0
0 0 0
0 0 0
0 0 0
0 0 0
0 0 0
0 0 0
0 0 0
0 0 0
0 0 0
0 0 0
0 0 0
0 0 0
0 0 0
0 0 0
0 0 0
0 0 0
1.2731655813e+06 -1.2368318775e-05 -1.5729998228e-17
9.8391414589e-01 1.4986621303e-02 1.7801223186e-01
-3.4458036564e-02 9.9368319717e-01 1.0680050267e-01
-1.7528718500e-01 -1.1121647736e-01 9.7821536378e-01
-2.0742924963e+00 -1.0905198044e+01 -2.4228507701e+04
-2.1388776519e+03 1.4261074476e+00 -1.4196809103e+00
9.6612945154e-01 -3.7601406101e-04 2.5805763207e-01
-7.4378016037e-02 9.5715679918e-01 2.7985491332e-01
-2.4710684650e-01 -2.8956988862e-01 9.2470940626e-01
-8.6508364846e-01 -1.1279735636e+00 9.3734265340e+00
0 0 0
0 0 0
0 0 0
0 0 0
0 0 0
0 0 0
0 0 0
0 0 0
0 0 0
0 0 0
0 0 0
0 0 0
0 0 0
0 0 0
0 0 0
0 0 0
0 0 0
0 0 0
0 0 0
0 0 0
0 0 0
0 0 0
0 0 0
0 0 0
0 0 0
6.1185840778e+03 2.8216824437e+00 1.0082111626e-02
-9.1504949152e-01 9.0762985719e-02 -3.9299683013e-01
-5.9772738532e-02 -9.9410871596e-01 -9.0416152156e-02
-3.9888801410e-01 -5.9244757285e-02 9.1508382727e-01
2.3440057927e-01 7.8588308435e+00 2.8410089479e+01
0 0 0
0 0 0
0 0 0
0 0 0
0 0 0
0 0 0
0 0 0
0 0 0
0 0 0
0 0 0
0 0 0
0 0 0
0 0 0
0 0 0
0 0 0
0 0 0
0 0 0
0 0 0
0 0 0
0 0 0
3.4813618157e+03 5.8963496334e-01 9.4495886619e-02
-9.5890889112e-01 5.2403947397e-02 -2.7883250318e-01
-3.1598493765e-02 -9.9640553278e-01 -7.8597388249e-02
-2.8194906229e-01 -6.6557047298e-02 9.5711801035e-01
-1.5158796820e+01 9.9966168839e+00 1.2678623044e+02
1.4619682813e+05 -7.7614803230e-04 9.7532960196e-19
9.7724659769e-01 6.3483585276e-02 2.0238310627e-01
-9.3115368849e-02 9.8570218198e-01 1.4043053987e-01
-1.9057443530e-01 -1.5608024489e-01 9.6918540113e-01
-1.7984209315e+00 -2.3623836079e+00 -2.8257240704e+03
0 0 0
0 0 0
0 0 0
0 0 0
0 0 0
4.2257541915e+03 1.8041650291e+00 3.1090358635e-01
8.9181385859e-01 -1.2720117585e-01 4.3415193479e-01
9.3560292123e-03 9.6463897276e-01 2.6340865012e-01
-4.5230576642e-01 -2.3084954647e-01 8.6146850236e-01
1.9269655537e+00 -1.0562414712e+01 -2.8943424109e+01
0 0 0
0 0 0
0 0 0
0 0 0
0 0 0
3.6773544316e+04 1.0422001403e+00 7.8734811308e-06
-9.7286488801e-01 -7.3883978475e-02 -2.1926027319e-01
1.0227219299e-01 -9.8736077649e-01 -1.2107475209e-01
-2.0754350921e-01 -1.4021360411e-01 9.6812490775e-01
-4.0678297223e+00 -3.0962268987e+00 7.1341530387e+02
0 0 0
0 0 0
0 0 0
0 0 0
0 0 0
9.4489121052e+05 4.4103875535e-06 2.6834079633e-17
-9.8412627392e-01 -7.0668300780e-03 -1.7732889469e-01
2.8537638443e-02 -9.9250524814e-01 -1.1882312741e-01
-1.7516015577e-01 -1.2199750951e-01 9.7695216234e-01
4.6074333461e-01 8.4400724574e+00 1.7985602551e+04
0 0 0
0 0 0
0 0 0
0 0 0
0 0 0
0 0 0
0 0 0
0 0 0
0 0 0
0 0 0
0 0 0
0 0 0
0 0 0
0 0 0
0 0 0
0 0 0
0 0 0
0 0 0
0 0 0
0 0 0
-6.6841588400e+03 1.6138483743e+00 -1.0441517353e-01
9.3693124877e-01 -3.0161269240e-02 3.4820989780e-01
-8.8130440984e-02 9.4369084296e-01 3.1887398498e-01
-3.3822013609e-01 -3.2945089279e-01 8.8151531398e-01
-7.3159639285e-01 -2.8315223199e+00 3.2037635618e+01
0 0 0
0 0 0
0 0 0
0 0 0
0 0 0
0 0 0
0 0 0
0 0 0
0 0 0
0 0 0
0 0 0
0 0 0
0 0 0
0 0 0
0 0 0
0 0 0
0 0 0
0 0 0
0 0 0
0 0 0
9.7082685262e+05 1.8755291961e-05 4.2951519423e-21
9.7904882950e-01 3.4557098788e-03 2.0359628563e-01
-9.2761259980e-02 8.9765205304e-01 4.3083191655e-01
-1.8126979367e-01 -4.4069133159e-01 8.7916574783e-01
-8.0076486813e-01 -1.3793714683e+00 -6.7903309293e+02
0 0 0
0 0 0
0 0 0
0 0 0
0 0 0
0 0 0
0 0 0
0 0 0
0 0 0
0 0 0
0 0 0
0 0 0
0 0 0
0 0 0
0 0 0
0 0 0
0 0 0
0 0 0
0 0 0
0 0 0
0 0 0
0 0 0
0 0 0
0 0 0
0 0 0
0 0 0
0 0 0
0 0 0
0 0 0
0 0 0
0 0 0
0 0 0
0 0 0
0 0 0
0 0 0
0 0 0
0 0 0
0 0 0
0 0 0
0 0 0
0 0 0
0 0 0
0 0 0
0 0 0
0 0 0
0 0 0
0 0 0
0 0 0
0 0 0
0 0 0
1.1950830840e+03 1.9289837820e-01 4.9984690300e-01
8.6876288571e-01 6.3717274529e-02 4.9111216371e-01
-6.6606038306e-02 9.9771169000e-01 -1.1619780633e-02
-4.9072872759e-01 -2.2616201435e-02 8.7101884213e-01
-2.6059740232e+00 2.2377224150e+00 -1.8988878914e+01
1.5638948917e+05 -3.5843266703e-03 -1.5108482397e-07
9.7992108906e-01 4.1503027171e-02 1.9501835288e-01
-6.2992401015e-02 9.9244185443e-01 1.0531440068e-01
-1.8917350935e-01 -1.1548447650e-01 9.7512907815e-01
-9.5736455670e-01 -1.1994210160e+01 -3.7296211539e+03
2.4051151868e+05 3.0975227732e-06 -1.7494846368e-19
-9.8259518170e-01 -1.0110843046e-02 -1.8548444614e-01
3.1601140172e-02 -9.9306118590e-01 -1.1327333757e-01
-1.8305211512e-01 -1.1716335570e-01 9.7609665056e-01
-4.8253839272e-01 1.0471688630e+01 9.1265897185e+03
0 0 0
0 0 0
0 0 0
0 0 0
0 0 0
5.0955883617e+03 -1.2412398038e-01 -1.6317601184e-01
9.9345339100e-01 2.7037263482e-02 1.1099255066e-01
-7.8790356001e-02 8.6568699533e-01 4.9434613978e-01
-8.2719040850e-02 -4.9985499147e-01 8.6214995667e-01
-4.1796143752e-01 -2.9327740934e+00 -2.0098790397e+01
0 0 0
0 0 0
0 0 0
0 0 0
0 0 0
0 0 0
0 0 0
0 0 0
0 0 0
0 0 0
0 0 0
0 0 0
0 0 0
0 0 0
0 0 0
1.9307474786e+05 1.3373438756e-03 -3.3507961358e-24
9.0716346910e-01 1.0191064092e-01 4.0825073373e-01
-1.7454257711e-01 9.7395633746e-01 1.4472021799e-01
-3.8286985922e-01 -2.0254203018e-01 9.0132535575e-01
-8.9395965375e-01 1.9965676592e+00 -1.4897898500e+03
5.3216823229e+03 9.3526706384e-01 3.8930418468e-01
8.7371140254e-01 -2.2344041680e-02 4.8593119767e-01
4.0031496441e-02 9.9885884498e-01 -2.6047784743e-02
-4.8479466206e-01 4.2210799551e-02 8.7360882782e-01
-2.6771128225e+00 1.6345816520e+01 -9.1519664006e+01
0 0 0
0 0 0
0 0 0
0 0 0
0 0 0
0 0 0
0 0 0
0 0 0
0 0 0
0 0 0
0 0 0
0 0 0
0 0 0
0 0 0
0 0 0
0 0 0
0 0 0
0 0 0
0 0 0
0 0 0
1.5371433863e+02 -3.8883031117e-02 3.6455738221e-04
9.9522172520e-01 2.9205921329e-02 -9.3170445124e-02
-1.6784762132e-02 9.9118543540e-01 1.3141424737e-01
9.6187262387e-02 -1.2922247022e-01 9.8693949346e-01
7.2757944015e-02 -1.8353775036e+00 -3.8745815193e+00
0 0 0
0 0 0
0 0 0
0 0 0
0 0 0
0 0 0
0 0 0
0 0 0
0 0 0
0 0 0
0 0 0
0 0 0
0 0 0
0 0 0
0 0 0
0 0 0
0 0 0
0 0 0
0 0 0
0 0 0
0 0 0
0 0 0
0 0 0
0 0 0
0 0 0
-2.5052505125e+00 4.8674040623e+00 3.9772960228e+00
218 219 224
9 11 706 -477.6900 1031.3201 34 576 -361.8500 635.8700 25 645 144.3900 -853.5000 51 5125 -103.1300 -284.8500 22 17368 359.6801 -134.7100 29 6036 -120.4300 -169.3800 52 4040 -31.7600 -138.1100 2 4078 -27.3500 -324.3800 10 4534 -203.6700 -298.9500
1.7865646134e+00 -9.4071052587e-01 2.0911952194e+00
170 174 173
12 11 220 279.8800 -315.4800 34 185 348.0200 -654.0000 54 85 443.7600 -806.7200 50 383 -4.7900 75.8800 58 52 191.6700 141.2900 51 3492 45.4200 -538.3300 3 1112 442.4301 -314.3300 22 9561 480.6801 -295.6000 29 3776 83.9900 -484.3600 2 1930 89.0600 -508.7700 10 2109 3.6100 -614.9800 27 2386 311.6300 120.1500
-5.8876402379e-01 -8.2963841649e-01 1.2270002905e+00
161 161 159
8 11 221 -229.4700 -311.1899 34 24 -171.8900 -640.6500 51 2459 -54.6400 -534.7700 3 693 258.7000 -312.4200 22 5896 414.4500 -295.2500 52 1842 6.4900 -295.5100 2 1931 13.1600 -508.4800 10 2112 -122.8100 -611.8101
2.7708291258e+00 5.7908403491e-01 2.8778136132e+00
73 61 44
5 11 242 525.0601 6.4800 34 98 577.6300 -326.2600 23 669 74.8600 -87.5900 51 3543 96.8199 -479.0400 2 2759 125.2100 -464.5601
-3.1909816397e+00 -1.6642757271e-01 2.6716492424e+00
89 78 67
2 11 397 -596.5900 -53.3600 34 201 -533.6400 -356.1500
2.9583428988e+00 6.0812203715e-01 3.0881955421e+00
168 166 154
6 11 608 571.8999 21.1300 34 311 627.0699 -308.7900 54 312 814.3501 -314.7600 23 1562 85.2600 -85.8400 2 8049 130.6700 -464.4399 27 5318 386.9800 191.3600
-1.0928762348e+00 1.3708640776e+00 1.4249985374e+00
172 166 150
5 11 421 -325.7600 132.5601 34 214 -263.5300 -195.4400 23 399 -132.3300 -40.8200 3 735 220.1899 -131.1600 29 2578 -63.8400 -357.5699
-1.7194982106e-01 -5.6654023850e-01 1.6175056445e+00
177 177 175
7 11 574 -126.1801 -240.1600 34 292 -62.2700 -564.7000 23 1005 -83.4700 -141.7800 51 4913 -33.7400 -521.1600 59 4815 -121.3400 956.0601 3 1805 296.2700 -287.3900 22 16387 427.6100 -285.5400
1.9320616347e+00 5.6873244746e-02 2.1163648668e+00
181 181 174
8 11 830 313.5601 -126.5900 34 440 371.1000 -460.6899 50 1036 10.1000 139.2700 58 163 224.1200 260.1600 64 625 152.6200 -134.9700 23 1547 23.1400 -113.5100 3 1833 459.4600 -240.8100 10 4381 16.1500 -563.8101
1.6777934642e+00 1.0862981743e+00 2.0748377474e+00
132 127 122
5 11 615 267.2700 75.3400 34 462 311.3000 -264.8800 50 664 -1.5200 211.8500 58 89 206.7700 399.5200 23 1043 16.2700 -58.5200
-3.6800113034e+00 -3.3747603766e+00 5.3980689188e+00
129 131 128
2 11 801 -431.2300 -363.4399 34 408 -382.6000 -694.5601
-2.3457057299e+00 -9.8024805041e-01 2.6853845755e+00
168 170 171
2 11 820 -431.5000 -199.2100 34 431 -378.6400 -518.1200
-3.4104244779e+00 -1.2364809556e+00 3.0111958961e+00
86 77 61
2 11 1176 -592.6700 -210.7900 34 633 -534.7600 -516.6700
-2.4875350112e+00 -1.0639216866e+00 2.7174611484e+00
106 100 88
2 11 1174 -453.4000 -208.0400 34 628 -400.8800 -529.2900
1.9272662160e+00 -2.4498393741e-01 2.1690386013e+00
97 89 78
9 11 1189 313.3800 -180.0300 34 635 374.2800 -513.7500 54 640 481.4800 -621.6600 50 1015 8.6700 121.1100 58 275 219.8300 225.7900 23 3085 22.7200 -127.3100 59 17060 4.7000 975.6001 3 4850 460.8400 -262.0100 29 20546 96.6500 -447.5200
-4.2705824977e+00 -4.2201309814e-01 3.1664531291e+00
171 170 165
2 11 841 -743.6100 -56.5900 34 453 -678.5800 -347.0900
5.1360285457e-01 4.3416483756e-01 1.9159384116e+00
30 29 26
7 11 1857 24.2400 -43.1600 34 1054 80.0400 -372.3700 54 669 85.3700 -448.1400 58 299 50.5200 334.9400 51 15784 -1.9100 -477.7200 3 4891 352.0699 -208.3900 22 40765 446.9500 -256.4301
-3.5837962529e+00 1.5027670808e+00 2.7694842745e+00
197 206 210
4 11 1322 -701.2900 259.8800 34 755 -612.6600 -35.7500 64 1403 -276.6700 3.1000 22 40988 345.9000 -235.0699
-8.7491460165e-02 -9.1286317560e-01 1.4937993321e+00
79 76 64
6 11 1714 -116.8000 -314.7900 34 956 -53.9600 -644.6801 23 3036 -82.3000 -160.2700 3 5852 298.9200 -315.3700 29 20408 -13.1200 -483.5800 10 14132 -95.4301 -614.7900
-5.5779979454e-01 1.6412577470e+00 1.4587346805e+00
95 86 69
7 11 1286 -219.2700 181.6400 34 726 -161.7100 -153.3500 23 2281 -105.0100 -28.6400 51 10390 -50.1801 -423.3300 59 11149 -148.1400 1105.9800 29 13665 -35.7500 -342.7600 10 9630 -116.1900 -471.0300
-3.8165931229e+00 -4.2011034443e+00 6.6105307774e+00
124 123 119
2 11 1127 -366.9500 -395.5500 34 584 -319.3900 -731.1600
9.6777346023e-01 -1.1826528917e+00 2.0237753904e+00
53 48 44
5 11 1703 116.0800 -345.3800 34 945 184.1000 -681.1100 64 1776 63.7400 -230.4500 23 4288 -27.2600 -168.1900 10 14115 -36.8101 -622.3899
-1.9445583362e-01 5.8515410794e-01 1.7692103942e+00
115 109 98
7 11 1880 -121.1801 -11.2500 34 1070 -63.2000 -337.9301 58 463 -39.6300 367.0900 23 4517 -81.8500 -81.9000 59 28485 -120.2600 1033.0801 29 20716 -11.8700 -400.9100 10 14405 -93.7900 -530.8900
-6.8308278521e-01 8.6363414791e-01 1.5939627317e+00
83 76 70
6 11 2869 -227.8800 37.9900 34 1659 -169.6000 -288.7400 23 4541 -107.9800 -67.8500 51 15910 -53.3300 -457.9700 59 28568 -151.1200 1051.2500 10 14446 -120.1600 -515.9800
-3.6152626973e-01 8.6732304261e-01 1.6689098849e+00
64 57 48
7 11 2872 -159.2500 39.6400 34 1658 -102.1500 -288.5699 58 476 -62.7000 405.2800 23 3142 -90.8600 -67.6100 29 20759 -22.0300 -386.3101 10 14451 -103.0600 -515.7100 27 11832 210.5601 212.2500
7.7619653220e-01 5.0942011710e+00 4.1399833144e+00
85 72 55
4 11 2288 214.8400 1087.0300 34 1386 257.3700 647.5601 17 1906 328.5400 -468.3000 25 2554 640.3701 -770.5500
5.9525951395e-01 5.1639367152e+00 4.1334970779e+00
96 78 65
4 11 2293 175.6899 1104.2000 34 2071 222.4900 662.6600 17 1908 292.9000 -453.8700 25 2557 608.3401 -757.4200
-2.3792112538e-01 -9.1396266098e-01 1.4759906791e+00
96 88 73
6 11 2625 -145.8400 -313.4100 34 1456 -84.0700 -643.6700 23 6135 -89.1600 -159.6300 59 27922 -127.6800 934.2100 29 32842 -19.6600 -483.0400 10 21948 -102.3000 -613.9600
-2.0124803229e-01 -7.7134576009e-01 1.5732377654e+00
99 88 70
6 11 1730 -132.5500 -280.1300 34 967 -70.5900 -607.8900 23 4336 -85.4800 -151.7600 59 27972 -124.3900 943.6499 29 32885 -18.2600 -474.5699 10 21980 -98.3600 -606.2300
4.7791818837e-01 -1.0151730839e-01 2.0432195516e+00
116 112 102
7 11 2749 23.3400 -134.1899 34 1561 83.4900 -462.3101 58 437 48.0600 273.4500 64 2886 28.5100 -139.3800 23 4450 -47.0700 -114.6400 29 33099 22.8300 -434.7600 10 22166 -59.1899 -565.5500
-4.7392530158e+00 2.5588347748e+00 3.6662596177e+00
166 163 158
2 11 56 -865.3500 522.6500 34 14 -755.4700 219.9400
3.2005591174e+00 3.1408572688e+00 4.1981675413e+00
161 153 149
2 11 58 720.7700 609.0100 34 59 735.3800 243.8600
-3.3781933699e+00 3.7133156005e+00 3.6040859465e+00
173 167 156
2 11 61 -650.2800 749.8800 34 18 -532.7900 409.4399
4.3935782672e-01 3.9833139100e-01 1.8570382593e+00
112 107 102
3 11 103 7.3400 -53.5900 34 32 62.4800 -381.3600 54 27 64.7500 -462.4301
2.6571261839e+00 3.0498844731e-01 2.7387597752e+00
189 182 172
3 11 104 489.5000 -51.5900 34 30 547.8000 -386.2100 54 28 712.5300 -429.7100
-2.4605625207e+00 3.6173306943e-01 2.1470375043e+00
161 159 146
2 11 106 -516.0100 2.1899 34 36 -451.1700 -311.4800
-4.6529637372e+00 1.5242807789e+00 3.4296328387e+00
182 178 175
2 11 120 -837.7700 307.2200 34 43 -744.1300 20.2800
3.3170541030e+00 2.3377406384e+00 3.9272460019e+00
189 186 181
3 11 128 710.9600 418.2600 34 46 743.8199 69.0100 54 45 945.4399 213.8500
-5.1181660679e+00 2.2268340707e+00 3.8320900174e+00
183 182 178
2 11 132 -910.4000 460.4399 34 52 -797.2600 179.0800
-2.7858087757e+00 2.7033347524e+00 2.8897419004e+00
141 140 137
2 11 134 -565.4700 499.5500 34 50 -472.1200 172.1600
-3.4686705980e+00 2.8923445362e+00 3.2880496623e+00
186 185 180
2 11 142 -669.7800 560.4900 34 58 -563.3200 241.1700
-2.7698677229e+00 3.8076007793e+00 3.4263120312e+00
135 128 113
3 11 149 -550.4900 761.2100 34 67 -437.1100 409.4200 17 115 -350.3000 -778.9900
-1.6180079647e+00 4.1101759487e+00 3.3106479324e+00
154 147 136
2 11 151 -334.6400 820.3400 34 163 -241.5700 443.4800
3.2475487624e+00 8.9258752656e-01 3.3591238851e+00
194 188 172
3 11 252 647.3701 86.6899 34 101 699.6100 -241.1800 54 102 908.2000 -215.2600
3.6316739925e+00 9.2584955459e-01 3.8126151898e+00
182 177 174
2 11 254 744.7100 113.1300 34 39 802.0300 -213.8200
-4.3698737259e+00 6.4173830938e-01 3.1314649070e+00
183 179 170
2 11 256 -790.5700 127.9000 34 108 -709.4000 -159.6900
-4.3698737259e+00 6.4173830938e-01 3.1314649070e+00
183 179 170
2 11 257 -790.5700 127.9000 34 109 -709.4000 -159.6900
-1.8129623309e+00 1.2062591152e+00 1.8953974550e+00
70 58 46
2 11 258 -426.2300 139.4299 34 105 -359.4700 -184.4900
3.3834721243e+00 1.1645539265e+00 3.4870900440e+00
65 57 44
3 11 259 689.4600 147.4900 34 102 735.7000 -187.3000 54 110 948.1201 -130.9800
3.3834721243e+00 1.1645539265e+00 3.4870900440e+00
65 57 44
3 11 260 689.4600 147.4900 34 103 735.7000 -187.3000 54 111 948.1201 -130.9800
8.8275639793e-01 1.5089530192e+00 1.9995257367e+00
185 174 152
4 11 263 105.4301 165.7600 34 106 150.1700 -172.5500 54 105 190.7200 -187.2400 23 404 -23.5900 -34.8700
9.0770193222e-01 1.5352780924e+00 1.9127354101e+00
185 174 152
4 11 264 105.4301 165.7600 34 107 150.1700 -172.5500 50 282 -54.5100 251.9500 23 405 -23.5900 -34.8700
2.9086984764e+00 1.5424078951e+00 3.2430866985e+00
164 160 151
2 11 268 580.4299 216.6100 34 110 624.1600 -121.1100
2.9086984764e+00 1.5424078951e+00 3.2430866985e+00
164 160 151
2 11 269 580.4299 216.6100 34 111 624.1600 -121.1100
1.7645106444e+00 1.8063401382e+00 2.3835753588e+00
68 55 39
3 11 270 305.6500 238.2500 34 113 344.5200 -107.3100 50 288 17.4900 266.8200
2.4813121259e+00 2.1662124052e+00 3.1081675659e+00
156 152 143
2 11 278 494.1899 344.6100 34 121 529.9500 -2.5200
5.7432782457e-01 2.3652904909e+00 1.9114418193e+00
173 162 144
2 11 279 38.8101 349.6300 34 120 82.1200 -8.4300
-3.2496866927e+00 2.2117784757e+00 2.8336821414e+00
159 157 151
3 11 282 -648.9700 398.5901 34 125 -555.0300 89.4500 64 287 -257.8400 62.0900
2.2166887495e+00 2.5038250568e+00 3.0740241913e+00
185 177 165
2 11 284 441.1000 418.3401 34 124 475.1801 64.4500
-4.0688968292e+00 2.3236050755e+00 3.3456031822e+00
174 173 168
2 11 285 -761.5100 452.4399 34 131 -658.3000 149.8600
-1.7020377840e+00 2.7155323157e+00 2.4787847595e+00
144 134 125
2 11 286 -387.2700 473.1100 34 129 -304.8300 133.0100
-1.7020377840e+00 2.7155323157e+00 2.4787847595e+00
144 134 125
2 11 287 -387.2700 473.1100 34 130 -304.8300 133.0100
2.1725828371e+00 2.8076908326e+00 3.1876090187e+00
87 75 66
2 11 289 441.2400 493.4299 34 240 474.0800 129.7200
-2.3470169186e+00 2.8208512857e+00 2.8012696156e+00
58 49 39
2 11 290 -491.1800 514.6500 34 137 -398.7100 182.3700
-2.3470169186e+00 2.8208512857e+00 2.8012696156e+00
58 49 39
2 11 291 -491.1800 514.6500 34 138 -398.7100 182.3700
-1.7321872051e+00 3.2554115856e+00 2.7731886216e+00
59 48 31
2 11 297 -382.4600 604.5801 34 143 -292.7000 252.6200
5.0744715169e-01 3.6192757452e+00 2.8992022247e+00
150 143 115
3 11 304 80.0500 677.9700 34 151 130.0000 294.3400 54 141 133.2400 417.7200
8.2558085916e-01 3.8350999764e+00 3.1828923175e+00
154 151 134
2 11 308 164.7300 738.7600 34 157 209.0000 349.2100
-1.2368409500e+00 4.0456794258e+00 3.1787843437e+00
86 72 57
2 11 315 -266.3500 799.3700 34 162 -179.6800 418.5900
2.0968785374e-01 4.4779341271e+00 3.5248515347e+00
194 185 181
4 11 317 54.5300 910.5400 34 267 109.5699 502.1200 17 325 191.1400 -621.0900 25 427 524.8400 -903.7400
2.0332446833e-01 4.4799978376e+00 3.5300200807e+00
194 185 181
3 11 318 54.5300 910.5400 34 268 109.5699 502.1200 25 428 524.8400 -903.7400
-1.4421950953e+00 4.4567056765e+00 3.5079721138e+00
89 75 70
2 11 319 -290.1801 910.2500 34 170 -198.7800 518.4299
1.3988865090e+00 3.6067200843e-01 2.0787693235e+00
194 190 183
6 11 393 206.2000 -61.3199 34 200 260.4200 -393.9100 54 199 332.0300 -465.3800 50 418 -23.7400 165.3500 58 58 161.5900 310.9600 64 415 108.7900 -105.0300
-3.1909816397e+00 -1.6642757271e-01 2.6716492424e+00
89 78 67
2 11 398 -596.5900 -53.3600 34 202 -533.6400 -356.1500
-5.9276202700e+00 -7.6827650055e-01 3.9257497699e+00
190 187 178
2 11 399 -955.3800 -54.7500 34 206 -893.5200 -325.8900
-5.9276202700e+00 -7.6827650055e-01 3.9257497699e+00
190 187 178
2 11 400 -955.3800 -54.7500 34 207 -893.5200 -325.8900
-4.0322967658e+00 -4.3699513241e-02 3.0013481598e+00
169 163 141
2 11 406 -724.0000 -3.9000 34 210 -654.5900 -295.8700
-4.0322967658e+00 -4.3699513241e-02 3.0013481598e+00
169 163 141
2 11 407 -724.0000 -3.9000 34 211 -654.5900 -295.8700
1.4596606959e-01 7.0233445049e-01 2.0198623023e+00
173 172 168
5 11 408 -39.6700 19.6700 34 208 18.8800 -309.0601 58 62 14.9800 384.0900 64 430 4.0500 -70.0700 59 3240 -95.9399 1044.8799
2.8998012888e+00 8.4171302316e-01 3.0147204894e+00
170 166 155
3 11 410 557.4500 64.9000 34 212 609.6700 -267.8400 54 211 791.6001 -266.5500
2.7063105425e+00 9.2721626723e-01 2.9580773974e+00
91 80 57
6 11 413 515.8500 79.7000 34 314 567.5601 -251.3600 54 213 732.5601 -246.4600 50 430 85.6000 199.0000 23 1032 73.8200 -69.3900 27 3656 376.6600 208.3101
-3.0306124698e+00 6.2021776164e-01 2.4632618999e+00
179 174 155
2 11 416 -601.2600 73.5699 34 320 -528.7200 -231.3800
5.5386718134e-01 1.1827593309e+00 1.9034367383e+00
179 175 164
2 11 417 32.3500 99.8600 34 213 83.8199 -233.9600
-1.2434175131e+00 1.2507773358e+00 1.7651573024e+00
172 166 150
2 11 422 -325.7600 132.5601 34 215 -263.5300 -195.4400
3.4879392061e+00 1.3308445442e+00 3.7112480385e+00
186 182 173
5 11 426 721.2100 191.5200 34 221 767.5400 -136.5700 54 226 993.7000 -62.9600 50 437 156.5200 224.0300 23 1045 119.9000 -53.5100
2.5815666306e+00 1.4850201887e+00 2.8708339477e+00
166 158 146
2 11 427 496.2800 188.5400 34 218 537.1899 -150.2300
-2.6127566905e+00 1.3483675754e+00 2.3393725729e+00
175 167 153
2 11 428 -546.6000 199.7600 34 225 -471.0100 -114.4500
2.2413963227e+00 1.9860525349e+00 2.7970474262e+00
165 159 145
3 11 437 427.1300 293.2300 34 230 464.2100 -53.1300 23 1072 56.7800 -12.5800
1.6976510076e+00 2.0479110574e+00 2.4366277463e+00
150 147 140
2 11 438 296.4399 292.7400 34 231 335.1100 -55.0900
-7.1838247984e-01 2.6661375884e+00 2.0742715106e+00
146 135 109
2 11 449 -217.6801 437.3201 34 350 -153.7300 82.4200
-1.5220090917e+00 2.5805400624e+00 2.3525805000e+00
155 149 137
2 11 450 -357.3600 436.8301 34 351 -281.2300 96.8800
7.2050259960e-01 2.7786874858e+00 2.3170487069e+00
120 113 98
2 11 454 92.1801 456.6899 34 237 135.1801 94.8600
-2.0675768383e+00 2.6666805013e+00 2.6372939057e+00
187 186 181
2 11 459 -444.8500 471.8101 34 244 -359.7500 139.2400
-1.2902923172e+00 2.8074702034e+00 2.3742622452e+00
153 144 124
2 11 463 -313.7600 485.2800 34 354 -238.8200 137.2000
-1.2902923172e+00 2.8074702034e+00 2.3742622452e+00
153 144 124
2 11 464 -313.7600 485.2800 34 355 -238.8200 137.2000
1.3069261204e+00 2.8849915063e+00 2.6689799837e+00
140 133 123
2 11 466 232.9301 492.0500 34 241 272.1100 126.8800
1.3069261204e+00 2.8849915063e+00 2.6689799837e+00
140 133 123
2 11 468 232.9301 492.0500 34 242 272.1100 126.8800
1.0640247249e+00 3.0092615022e+00 2.6348902095e+00
142 133 118
2 11 470 181.7500 520.0500 34 357 221.5699 153.3100
8.0205644611e-01 3.2018122497e+00 2.6120809735e+00
139 132 122
2 11 472 125.8700 567.4099 34 245 169.8900 192.8200
1.1704055751e+00 3.3454959126e+00 2.9583092326e+00
183 177 168
3 11 475 221.3199 610.6599 34 248 263.6600 234.3800 23 712 9.5700 71.4700
7.0156496313e-01 3.3906659115e+00 2.7713457168e+00
77 64 55
2 11 477 112.8700 617.8500 34 250 161.2200 240.1000
-6.1075607187e-01 3.3885656506e+00 2.5999815244e+00
75 60 45
2 11 480 -168.3600 620.0100 34 253 -100.6800 250.5300
-6.2920554931e-01 -7.7286355737e-01 1.3190414022e+00
185 185 183
4 11 569 -229.1801 -293.6801 34 284 -169.8600 -621.2200 51 4901 -54.9900 -530.9800 22 16345 414.1600 -292.2200
-4.0643263525e-01 -8.4381815884e-01 2.2215585387e+00
177 177 175
2 11 573 -126.1801 -240.1600 34 291 -62.2700 -564.7000
4.8240618910e-01 -3.9389054307e-01 2.0716642478e+00
181 182 179
3 11 580 24.3500 -187.5000 34 195 90.7200 -514.0800 58 57 47.7800 239.5000
7.5031838887e-01 -3.1666282361e-01 2.0876594387e+00
171 172 166
2 11 581 77.7800 -176.7200 34 294 140.8300 -503.9200
-4.1805744929e+00 -1.1243257140e+00 3.2945574480e+00
148 148 148
2 11 583 -703.6200 -167.9100 34 300 -645.0400 -460.6400
-3.5199516289e+00 -7.4674999018e-01 2.8404583567e+00
189 186 181
2 11 590 -634.1500 -138.5300 34 198 -572.4300 -441.6200
-4.3288484060e+00 -7.4925337619e-01 3.1981922656e+00
176 174 161
2 11 593 -745.7300 -108.3600 34 305 -683.1700 -401.7300
-5.5605890932e+00 -7.6994701224e-01 3.8085706949e+00
186 187 190
2 11 600 -903.2300 -68.3900 34 310 -839.8500 -337.3600
-4.7857293046e+00 2.0902083157e-03 3.3635284755e+00
167 164 155
2 11 609 -827.1600 31.7800 34 315 -755.0500 -250.0700
-4.7857293046e+00 2.0902083157e-03 3.3635284755e+00
167 164 155
2 11 610 -827.1600 31.7800 34 316 -755.0500 -250.0700
-2.1300044780e+00 7.9346027743e-01 2.0468253283e+00
111 102 88
2 11 613 -468.0000 71.8500 34 317 -402.0400 -244.6900
-2.1890120714e+00 1.0621719306e+00 2.1451362506e+00
146 140 126
2 11 620 -475.2900 128.4800 34 321 -406.8300 -187.2500
2.5526206705e+00 1.2459945818e+00 2.9056865054e+00
77 61 53
4 11 622 484.2900 141.6300 34 476 531.3199 -193.1000 54 323 684.7000 -170.7100 50 669 76.4600 221.9700
3.1118906984e+00 1.2075857199e+00 3.3326242985e+00
184 178 166
4 11 623 622.5701 149.5300 34 322 668.4800 -181.4100 54 324 864.4900 -135.8500 50 668 122.7100 217.1000
-3.4909127626e+00 9.5187546365e-01 2.7696973831e+00
182 175 165
2 11 626 -667.0900 155.3101 34 327 -587.8400 -142.5400
6.5115057812e-01 1.5165468628e+00 1.8915318966e+00
177 171 166
4 11 627 50.6700 165.0901 34 323 101.1899 -174.1600 23 1062 -37.7100 -34.4800 51 3588 5.1700 -429.7300
-2.0986391677e+00 1.2640721127e+00 2.1116102405e+00
157 147 127
2 11 628 -465.3400 164.4299 34 325 -393.8300 -153.5900
2.3883687907e+00 1.5431673353e+00 2.7651327319e+00
104 88 72
3 11 629 450.8700 197.3201 34 328 492.3600 -142.4000 23 1059 60.1500 -38.1000
-4.9436111078e+00 1.0945835909e+00 3.5105724658e+00
171 166 159
2 11 632 -870.5100 234.0601 34 336 -782.3200 -46.0900
2.0451910288e+00 2.0587090014e+00 2.6553180852e+00
100 85 63
2 11 644 380.4200 303.5300 34 334 417.0200 -45.1500
2.0451910288e+00 2.0587090014e+00 2.6553180852e+00
100 85 63
2 11 645 380.4200 303.5300 34 335 417.0200 -45.1500
3.5602791280e+00 2.0552861717e+00 4.0319028581e+00
163 156 148
4 11 655 764.0701 358.7900 34 341 800.0900 17.7400 54 243 1023.2100 158.8500 50 691 178.7200 277.9900
1.2327909303e+00 2.4229996424e+00 2.2906137290e+00
87 74 58
2 11 657 194.8800 373.0000 34 343 235.2000 14.8600
-2.3995539973e+00 2.3993530987e+00 2.5825659133e+00
174 164 137
3 11 662 -510.5100 418.7300 34 352 -422.2200 94.0400 29 5933 -117.0300 -307.9399
-6.0140019918e+00 2.2273738309e+00 4.1638271647e+00
191 194 200
2 11 669 -1041.6100 486.3201 34 363 -927.5900 210.1600
4.1041805240e+00 2.5476211631e+00 4.7266805762e+00
129 117 105
2 11 670 924.4399 496.3800 34 356 949.1500 147.2100
-2.0666769945e+00 3.1749966657e+00 2.9002474739e+00
187 187 187
2 11 673 -436.2600 592.2500 34 369 -343.6600 249.9000
2.1421866485e+00 3.2827156717e+00 3.5332436440e+00
74 62 50
2 11 676 457.1801 615.9299 34 368 488.1300 243.3900
8.9855339402e-01 3.4504879296e+00 2.8987327958e+00
168 158 133
2 11 677 162.3700 635.4299 34 370 206.3600 256.6100
8.9855339402e-01 3.4504879296e+00 2.8987327958e+00
168 158 133
2 11 678 162.3700 635.4299 34 371 206.3600 256.6100
-4.6378936166e+00 3.3947150417e+00 3.9473847750e+00
164 156 143
2 11 685 -851.3700 701.4399 34 556 -722.7800 388.1799
-1.3323114589e+00 3.8143267231e+00 3.0322773974e+00
172 161 147
2 11 689 -290.8700 739.9299 34 551 -207.7500 367.5400
-1.6486479445e-01 4.5831462812e+00 3.5541214483e+00
143 131 117
3 11 700 -22.2000 939.0901 34 571 41.5500 525.9399 17 741 117.7500 -592.3500
1.6130158644e+00 4.6847044777e+00 4.1791934437e+00
121 112 98
2 11 704 396.0699 986.8201 34 394 423.6300 561.8101
-6.4636220769e+00 -3.5012646303e+00 4.8221482892e+00
42 38 35
2 11 789 -904.4700 -405.1700 34 278 -879.2000 -711.0200
-6.3914436166e+00 -2.8127715059e+00 4.4821697721e+00
163 166 170
2 11 804 -937.6600 -333.6500 34 285 -902.7200 -621.1000
5.1452352997e-01 -7.2859745659e-01 1.8965683560e+00
182 181 177
2 11 810 23.9301 -261.1801 34 286 86.5300 -591.3500
-3.5101438657e+00 -1.5487047315e+00 3.2432868796e+00
184 176 163
2 11 813 -585.0900 -242.5500 34 426 -531.2800 -553.9200
1.3631397225e+00 -2.9376721064e-01 2.1854871794e+00
183 182 178
4 11 824 201.9100 -179.8800 34 433 264.2700 -509.0500 54 423 325.5500 -616.8800 50 1019 -24.7000 123.7900
9.5236862109e-01 -1.5639746236e-01 2.1037737097e+00
137 133 123
4 11 827 116.5000 -148.8700 34 435 180.0300 -478.7600 50 1028 -51.9500 135.4000 58 162 105.5000 257.3400
8.2813464319e-01 3.0189267339e-06 2.0460277228e+00
200 200 197
3 11 836 90.6400 -120.4900 34 663 152.4200 -451.3199 58 174 88.2800 278.1400
5.8337386203e-01 -1.9095495721e-02 2.0560290255e+00
193 193 191
4 11 837 45.8600 -119.2400 34 442 105.9000 -448.4600 58 176 60.1700 282.0200 64 626 37.3900 -132.7200
-4.4712347534e+00 -4.3610068566e-01 3.2408023045e+00
134 126 123
2 11 842 -773.6200 -54.2100 34 455 -705.9100 -339.2800
2.9528023019e+00 2.9748186895e-01 2.9965168734e+00
110 101 94
4 11 843 562.3301 -45.9500 34 449 622.5400 -374.2900 54 444 810.1201 -405.3101 50 1050 95.9300 155.0300
-3.4109443656e+00 -1.4057596552e-01 2.6952762642e+00
172 166 152
2 11 844 -636.4800 -44.4700 34 452 -570.8800 -346.1801
1.7295137554e-01 5.4773095524e-01 1.8356061803e+00
173 168 161
5 11 846 -45.6600 -20.4301 34 451 10.6700 -349.8400 54 442 -7.0500 -421.2400 58 179 8.8400 357.4600 39 9 -366.3800 -162.1500
-1.6978722648e+00 5.4285761187e-01 1.8395438808e+00
179 170 154
4 11 849 -396.4800 7.5400 34 460 -336.6400 -314.2200 50 663 -228.8600 209.0000 58 181 -216.7800 402.3900
-3.2248268705e+00 2.5583684592e-01 2.6046923702e+00
167 164 156
2 11 850 -616.9900 17.5800 34 461 -548.6500 -284.2600
-3.9305756885e+00 1.7631529961e-01 2.9526450724e+00
178 174 162
2 11 853 -714.0500 30.8800 34 463 -643.2500 -262.2000
2.4300525290e+00 1.0109090777e+00 2.5715126782e+00
163 154 137
3 11 861 445.9200 80.0300 34 697 491.8000 -260.1400 23 1580 58.1100 -65.4600
-1.4899466804e+00 9.5722909595e-01 1.8030655090e+00
153 153 146
4 11 862 -365.7100 82.1500 34 468 -304.8300 -243.2900 50 676 -219.7900 236.7300 23 1044 -142.5400 -55.5100
1.8069676147e+00 1.1442676404e+00 2.1176927785e+00
180 179 175
3 11 864 297.5699 89.6600 34 465 338.6000 -253.6500 50 1099 8.5900 215.2400
-2.5379673639e+00 1.4842835468e+00 2.3872369582e+00
164 161 146
2 11 885 -531.1100 226.2400 34 482 -453.6300 -87.1400
3.1799263767e+00 1.6328090310e+00 3.5829227105e+00
209 209 211
2 11 890 652.6201 248.6100 34 483 696.9200 -85.2900
3.1795395364e+00 1.6361826290e+00 3.5699769295e+00
209 209 211
3 11 891 652.6201 248.6100 34 484 696.9200 -85.2900 54 340 891.3401 -0.6100
-2.0615566423e+00 1.8660710632e+00 2.2856033035e+00
76 55 39
2 11 897 -454.8500 291.1100 34 488 -378.6600 -31.5100
1.5149788095e+00 2.1424751117e+00 2.3442442966e+00
86 73 56
3 11 900 254.4800 310.4900 34 487 293.2700 -42.1300 50 697 2.5200 296.1600
-1.4739312471e+00 2.0402795449e+00 2.1158360540e+00
136 123 104
2 11 901 -356.3900 311.5000 34 492 -285.1400 -20.1400
-1.4739312471e+00 2.0402795449e+00 2.1158360540e+00
136 123 104
2 11 902 -356.3900 311.5000 34 493 -285.1400 -20.1400
1.3006418891e+00 2.2406375612e+00 2.2778247858e+00
150 143 127
2 11 907 207.1200 330.7300 34 758 247.6100 -21.8400
1.3006418891e+00 2.2406375612e+00 2.2778247858e+00
150 143 127
2 11 908 207.1200 330.7300 34 759 247.6100 -21.8400
-4.3357844287e+00 1.7328039549e+00 3.3317964239e+00
62 52 43
2 11 911 -794.7000 338.1400 34 503 -698.5100 47.1200
-1.0120873661e+00 2.2971543592e+00 2.0282021513e+00
82 66 48
2 11 914 -274.5200 356.7900 34 497 -209.3900 14.4900
1.8120727444e+00 2.3136297651e+00 2.6953059535e+00
101 88 69
3 11 915 334.5100 361.4800 34 496 372.1000 8.1300 50 699 33.8900 307.8700
1.4103481077e+00 2.3989748966e+00 2.3458331962e+00
131 119 102
2 11 916 235.8400 368.7800 34 773 272.6300 11.2000
3.8512065798e+00 2.1061993078e+00 4.4079715263e+00
76 63 59
2 11 923 839.8101 384.7600 34 779 878.7900 45.9800
1.0052824396e+00 2.4774881529e+00 2.2580091983e+00
165 158 151
2 11 924 146.4600 384.1300 34 499 187.9399 27.9100
-7.7444941976e-01 2.4856957597e+00 2.0724384499e+00
81 64 49
3 11 929 -225.6200 396.7300 34 502 -162.9400 48.1400 23 1625 -105.6400 25.0800
1.6222757890e+00 2.5284656971e+00 2.6446960694e+00
110 94 78
2 11 933 295.2400 408.0000 34 504 332.3000 51.8100
-4.9087964731e+00 2.1234358606e+00 3.7214440728e+00
182 180 181
2 11 936 -876.6400 434.9299 34 518 -770.5500 149.5200
1.3794670601e+00 2.7223236226e+00 2.5969805492e+00
99 83 64
2 11 939 243.6801 451.3401 34 509 281.6500 90.0900
-6.5325553357e-01 2.7195333457e+00 2.1957960060e+00
150 136 119
2 11 940 -197.5100 451.4299 34 789 -131.6700 98.8200
-1.9886212327e+00 2.6349509083e+00 2.5903120338e+00
184 184 176
2 11 942 -433.6600 462.0400 34 515 -347.2200 129.4300
1.1578656786e+00 2.8727289153e+00 2.5689680264e+00
93 79 66
2 11 947 197.0000 485.8401 34 512 236.2700 121.1300
-2.3102665331e+00 2.7903166259e+00 2.7669172417e+00
65 53 42
2 11 955 -485.7900 506.6000 34 525 -394.7300 174.0100
-1.2967373967e+00 2.9991897889e+00 2.5444057007e+00
99 86 69
2 11 964 -306.4200 532.9800 34 823 -227.8300 183.7400
-1.8701342349e+00 3.1603834626e+00 2.8238255463e+00
109 94 76
2 11 970 -403.4200 584.3700 34 534 -312.9800 239.7200
5.3919331811e-01 3.4070186670e+00 2.7097797131e+00
75 58 42
2 11 976 76.4301 620.5800 34 536 124.9200 242.6100
5.3919331811e-01 3.4070186670e+00 2.7097797131e+00
75 58 42
2 11 977 76.4301 620.5800 34 537 124.9200 242.6100
-1.3300865919e+00 3.5328927234e+00 2.8754114885e+00
105 91 78
3 11 981 -299.3500 667.4299 34 543 -213.9700 304.9200 17 711 -130.9301 -854.5601
3.4094785347e+00 3.3760579160e+00 4.5136018575e+00
162 153 132
2 11 982 784.0300 678.6100 34 542 797.9301 303.6100
2.7301313983e-01 3.6562769956e+00 2.8046525311e+00
162 153 142
3 11 983 25.1000 686.1200 34 847 79.6899 301.8300 54 853 69.2400 415.9900
2.8901944269e+00 3.5264431840e+00 4.1958464544e+00
207 199 176
2 11 984 658.1201 701.1400 34 849 675.4200 320.5100
-2.1128154979e+00 3.7329895604e+00 3.2088671743e+00
197 195 189
2 11 989 -434.6100 730.7200 34 552 -334.5400 373.1899
-4.3930716964e+00 3.5736847794e+00 3.9187378779e+00
140 132 121
2 11 991 -814.0700 737.1000 34 561 -684.6600 415.8900
7.4844625463e-01 3.8479946774e+00 3.1443147863e+00
183 182 174
3 11 992 145.6700 741.5500 34 549 192.2900 350.9000 54 543 204.6899 497.2100
1.7857626503e+00 3.9992031120e+00 3.8240500402e+00
88 79 62
3 11 1001 404.3600 799.5500 34 559 433.5400 403.8201 54 556 508.2000 611.4700
-1.5288797384e+00 4.0448017547e+00 3.2586526861e+00
169 163 163
3 11 1002 -318.7900 802.0300 34 870 -226.3500 427.8000 17 724 -146.2800 -727.8600
-3.8354973359e+00 3.9912577868e+00 3.8748631899e+00
64 55 48
3 11 1003 -726.8900 825.3201 34 566 -596.2000 484.1500 17 1133 -498.8200 -732.4399
2.7717174775e+00 4.0581582522e+00 4.4262308147e+00
216 220 223
2 11 1006 654.7200 839.6100 34 873 666.2700 439.5100
1.6309155567e+00 4.2187582517e+00 3.8977545223e+00
173 168 164
2 11 1010 377.3101 856.8101 34 876 410.4800 453.4299
2.4409903167e+00 4.2009537435e+00 4.2988544869e+00
147 137 127
2 11 1012 577.8401 869.9700 34 879 593.3101 463.8700
-2.7589751052e+00 4.4869818615e+00 3.8044008015e+00
185 181 169
2 11 1020 -534.7800 931.8301 34 890 -415.8200 557.5300
-2.7589751052e+00 4.4869818615e+00 3.8044008015e+00
185 181 169
2 11 1021 -534.7800 931.8301 34 891 -415.8200 557.5300
-5.6367903059e+00 -2.9334380171e+00 4.3573984050e+00
153 154 158
2 11 1133 -824.5200 -363.9600 34 415 -787.1900 -664.4700
1.2609978499e+00 -9.9309578907e-01 2.1187412940e+00
96 92 83
2 11 1143 176.4200 -308.7900 34 602 244.7200 -644.7000
1.0992721783e+00 -8.7711735950e-01 2.0298194940e+00
189 191 190
3 11 1144 142.2700 -290.7700 34 419 208.7500 -624.7100 64 844 75.2200 -206.6800
-4.1177066543e+00 -1.9196535761e+00 3.6343017064e+00
179 179 171
2 11 1146 -649.9800 -269.8800 34 614 -600.2600 -576.4200
-4.1177066543e+00 -1.9196535761e+00 3.6343017064e+00
179 179 171
2 11 1147 -649.9800 -269.8800 34 615 -600.2600 -576.4200
1.8803436980e+00 -6.8559300024e-01 2.2434113341e+00
186 185 181
3 11 1152 304.2600 -258.2200 34 612 369.2100 -592.7100 54 614 476.7400 -724.7800
9.3817338621e-01 -7.0106297802e-01 2.0296618086e+00
191 190 185
7 11 1153 111.6899 -256.6400 34 613 177.5500 -586.8101 58 401 95.2900 189.6900 64 1841 60.6300 -192.4700 23 2157 -27.7000 -146.9000 51 15479 12.1000 -526.0200 59 16961 -57.4600 950.4299
1.5894141847e+00 -5.2249518779e-01 2.1560897438e+00
158 151 145
5 11 1164 242.5800 -227.8700 34 425 309.7400 -560.8600 50 1003 -12.6000 106.0700 58 155 177.8000 198.9400 23 2170 4.5100 -139.5100
5.4133414207e-01 -5.9452660009e-01 2.0764574978e+00
99 96 88
3 11 1166 37.3300 -224.2700 34 619 102.8400 -551.6801 51 10102 -1.5300 -519.6700
-3.4104244779e+00 -1.2364809556e+00 3.0111958961e+00
86 77 61
2 11 1175 -592.6700 -210.7900 34 632 -534.7600 -516.6700
3.1114612649e+00 -4.7781423172e-01 3.2193642824e+00
85 82 77
2 11 1186 593.0601 -183.1100 34 636 668.7100 -509.4100
5.8718646219e-01 -3.2502029452e-01 2.1035316028e+00
180 180 180
3 11 1193 46.8400 -173.3000 34 640 110.4600 -501.8600 58 161 62.9400 245.1600
2.3118779693e+00 -1.9044982307e-01 2.3340167439e+00
145 144 139
5 11 1194 402.5000 -167.8199 34 637 460.5900 -504.1500 50 1603 37.2000 122.3400 58 276 274.2600 226.5700 23 2203 44.3300 -124.6200
-4.5013705970e+00 -1.1661668642e+00 3.4069015191e+00
169 167 156
2 11 1198 -748.2000 -161.7000 34 661 -691.5100 -456.7900
3.0425513549e+00 -3.3826584174e-01 3.1436932625e+00
174 171 166
3 11 1199 578.7400 -159.9301 34 647 651.8101 -486.9399 23 2183 82.4400 -132.2700
3.4112930860e+00 -4.0718783404e-01 3.5794546789e+00
176 170 158
2 11 1200 665.1699 -153.7900 34 437 747.6899 -475.8700
2.2202488308e+00 -1.1338181063e-01 2.2877315378e+00
187 186 181
4 11 1201 381.2700 -155.0699 34 648 438.4600 -489.8300 50 1625 30.5900 128.6200 58 278 262.8700 238.1300
-5.8062612129e+00 -1.3871337632e+00 3.9617258401e+00
178 176 172
2 11 1203 -917.4000 -154.6801 34 665 -862.8100 -429.1000
-7.5516083390e-01 -7.8576086677e-02 1.5359193479e+00
122 118 115
4 11 1205 -240.3101 -144.6400 34 1021 -181.2400 -466.8300 23 2215 -111.5700 -116.3600 29 13457 -42.3300 -438.3500
2.3732274070e+00 -4.4916222452e-02 2.3691001976e+00
180 179 177
2 11 1207 417.3600 -138.5699 34 656 472.4301 -475.6300
4.2662414019e+00 -3.7884400814e-01 4.4299705855e+00
172 168 158
2 11 1211 869.1799 -113.5500 34 447 965.0500 -429.7600
3.8787380485e+00 -2.3995090795e-01 4.0264021470e+00
190 183 167
2 11 1213 779.4299 -104.8000 34 667 865.0900 -423.0601
2.8938165292e+00 4.2542669325e-02 2.9286848841e+00
51 46 42
4 11 1215 544.5100 -98.0601 34 448 608.5300 -427.0500 54 435 792.2100 -477.4200 50 1035 88.2900 138.0600
-2.8630252931e+00 -1.4764764495e-01 2.4984377207e+00
159 155 144
2 11 1222 -551.9800 -64.0200 34 676 -490.1200 -371.3199
2.2030044115e+00 5.8298153145e-01 2.2698254511e+00
158 151 133
3 11 1231 382.9100 -19.3000 34 1060 428.5000 -358.4100 58 298 272.6100 324.5400
-2.3130928774e+00 3.0596584618e-01 2.1706948243e+00
167 166 162
2 11 1236 -485.0900 -9.7600 34 683 -420.9800 -321.8300
-5.3087744654e+00 -3.0293216497e-01 3.6411562437e+00
171 166 170
2 11 1239 -887.1100 -2.6500 34 1093 -816.1700 -272.8700
-1.0818214088e+00 6.2587982897e-01 1.8307926854e+00
165 159 145
4 11 1244 -281.6200 13.1600 34 684 -221.9400 -310.6700 50 1716 -187.7300 208.5700 58 309 -141.5300 397.2300
-5.2757888399e-01 6.9465890956e-01 1.8492411806e+00
180 179 177
2 11 1245 -177.5699 18.9399 34 686 -118.8100 -307.9200
-5.2452396358e+00 -1.5294049892e-01 3.6016011142e+00
56 51 41
2 11 1247 -883.1600 20.6300 34 466 -810.7000 -251.3600
-5.2452396358e+00 -1.5294049892e-01 3.6016011142e+00
56 51 41
2 11 1248 -883.1600 20.6300 34 467 -810.7000 -251.3600
4.2955159926e+00 4.3081894250e-01 4.4031193187e+00
186 183 176
2 11 1250 896.3999 38.9100 34 691 969.2400 -280.8500
1.6056043598e+00 9.3645282266e-01 2.0761087219e+00
184 177 168
4 11 1251 250.6600 46.3500 34 690 296.7300 -289.9900 54 694 387.0300 -328.6200 50 1080 -7.8800 202.1500
6.7497475934e-01 9.9584684779e-01 2.0078461112e+00
101 88 82
10 11 1254 61.8500 69.1400 34 695 116.6300 -263.8101 54 452 133.3000 -305.2000 50 1104 -67.8600 215.7600 58 184 81.9200 408.7700 64 923 47.2200 -48.7600 23 2257 -36.2600 -61.6900 39 14 389.9900 453.7700 51 10313 6.5500 -452.9900 22 27906 452.1700 -239.9100
4.1154539258e+00 7.2839992625e-01 4.2929845821e+00
111 95 71
2 11 1256 859.6799 92.9900 34 1110 926.0200 -227.7200
-9.2094784747e-01 1.1095897384e+00 1.7540777274e+00
174 162 138
2 11 1258 -262.4200 99.1100 34 705 -202.4000 -228.9000
3.9990649522e+00 8.0464170210e-01 4.2341458202e+00
176 169 161
2 11 1259 832.6001 105.4600 34 709 898.6400 -214.1700
2.9460851034e+00 1.0192786036e+00 3.1774329600e+00
78 64 55
4 11 1260 577.1699 106.9299 34 706 628.3101 -226.1400 54 461 810.1699 -198.9399 23 3145 87.4300 -66.4500
-4.2122545017e+00 5.6648439165e-01 3.1001843772e+00
188 188 190
2 11 1262 -761.8400 109.7500 34 722 -682.9100 -177.0600
-5.1315029137e+00 3.7494784856e-01 3.5506668414e+00
180 180 178
2 11 1263 -881.1400 108.0601 34 724 -801.6400 -165.3800
2.0503451244e+00 1.2112149436e+00 2.3209591225e+00
174 168 149
2 11 1264 357.2200 110.4199 34 703 400.5100 -230.7700
2.7108663730e+00 1.2571152494e+00 2.9568466460e+00
155 151 139
2 11 1270 522.7300 145.1400 34 474 568.7000 -190.8100
2.9652166783e-01 1.3912515614e+00 1.8839929993e+00
194 182 168
