# Bundle file v0.3
90 7122
0 0 0
0 0 0
0 0 0
0 0 0
0 0 0
0 0 0
0 0 0
0 0 0
0 0 0
0 0 0
1.3091821306e+03 -1.3136528309e-01 1.0162324965e-01
9.7989237360e-01 3.4440331225e-02 1.9653193058e-01
-1.0147926942e-01 9.3410382429e-01 3.4227474829e-01
-1.7179317225e-01 -3.5533633226e-01 9.1881619323e-01
3.0193444149e-01 -1.7610205742e+01 -4.7176846115e+01
1.4880717611e+03 -2.6347947385e-02 -5.4084463982e-01
9.9939013908e-01 3.4087690190e-02 7.5749122461e-03
-3.4674747823e-02 9.9438576439e-01 9.9973063581e-02
-4.1245340853e-03 -1.0017475209e-01 9.9496130943e-01
3.9130066840e+00 -3.6316110278e+00 -2.3091868681e+01
2.2327646940e+03 3.7799079040e-02 2.6580415970e-01
9.1296473242e-01 4.7328514357e-02 4.0528435584e-01
-2.4997386776e-01 8.4991407786e-01 4.6385248268e-01
-3.2250343068e-01 -5.2479145570e-01 7.8777247046e-01
-1.3800012859e+01 -3.9016504441e+01 -8.3609845836e+01
0 0 0
0 0 0
0 0 0
0 0 0
0 0 0
0 0 0
0 0 0
0 0 0
0 0 0
0 0 0
0 0 0
0 0 0
0 0 0
0 0 0
0 0 0
0 0 0
0 0 0
0 0 0
0 0 0
0 0 0
0 0 0
0 0 0
0 0 0
0 0 0
0 0 0
5.8125260622e+02 7.5681478089e-02 -9.1929795407e-02
-8.8269011751e-01 5.4361119381e-02 -4.6680084099e-01
-1.5403027904e-01 -9.7188576896e-01 1.7808067059e-01
-4.4399642970e-01 2.2909151185e-01 8.6624722199e-01
3.0457492019e+00 1.1793175455e+01 1.1170765362e+01
-1.5369970130e+03 6.4292110126e-01 -6.2688045558e-01
8.9645085493e-01 -2.2176633109e-02 4.4258791403e-01
-2.2095448203e-01 8.4337328556e-01 4.8979650680e-01
-3.8412886063e-01 -5.3687028056e-01 7.5114267638e-01
-1.6459924442e+00 -1.2380240941e+00 7.5864239846e+00
0 0 0
0 0 0
0 0 0
0 0 0
0 0 0
0 0 0
0 0 0
0 0 0
0 0 0
0 0 0
0 0 0
0 0 0
0 0 0
0 0 0
0 0 0
0 0 0
0 0 0
0 0 0
0 0 0
0 0 0
0 0 0
0 0 0
0 0 0
0 0 0
0 0 0
4.0904268382e+03 1.6309602000e-01 1.1445962632e-01
-7.6087351488e-01 2.0767386208e-01 -6.1477073886e-01
-7.0749744475e-02 -9.6830603166e-01 -2.3953685041e-01
-6.4503175736e-01 -1.3876237263e-01 7.5145128647e-01
8.2498837201e-01 8.0854567347e+00 1.7690692263e+01
0 0 0
0 0 0
0 0 0
0 0 0
0 0 0
0 0 0
0 0 0
0 0 0
0 0 0
0 0 0
0 0 0
0 0 0
0 0 0
0 0 0
0 0 0
0 0 0
0 0 0
0 0 0
0 0 0
0 0 0
5.9221151920e+04 8.8775685066e-03 -4.0049876613e-07
9.4318748253e-01 -2.7924155991e-02 3.3108550906e-01
-4.1502827499e-02 9.7875647785e-01 2.0078165348e-01
-3.2965874493e-01 -2.0311572705e-01 9.2199192693e-01
1.6505634055e+01 -1.1221137859e+01 -2.4240493696e+03
0 0 0
0 0 0
0 0 0
0 0 0
0 0 0
0 0 0
0 0 0
0 0 0
0 0 0
0 0 0
3.0045842880e+03 1.2328152995e+00 2.6620937155e-01
-6.7834550889e-01 1.7278638056e-01 -7.1413740783e-01
-2.6471250337e-01 -9.6415624466e-01 1.8166629924e-02
-6.8540109507e-01 2.0136435280e-01 6.9976977378e-01
-9.2766819941e-01 9.7089361024e+00 1.7199090369e+01
0 0 0
0 0 0
0 0 0
0 0 0
0 0 0
6.9612020815e+02 -3.6778156725e-01 7.5310528358e-01
-9.1256477874e-01 -7.4578477815e-02 -4.0207409175e-01
2.2498691043e-01 -9.1260631546e-01 -3.4136579078e-01
-3.4147681436e-01 -4.0197980500e-01 8.4959156165e-01
-3.6232733987e+00 -3.2146670945e+00 1.2926891386e+01
0 0 0
0 0 0
0 0 0
0 0 0
0 0 0
1.8694474171e+03 6.4893987766e-02 4.5240024969e-03
-9.7979465576e-01 -5.7617396192e-02 -1.9152719962e-01
2.6478897873e-02 -9.8654588367e-01 1.6132602824e-01
-1.9824555608e-01 1.5299495115e-01 9.6813802963e-01
9.5647789391e-01 8.9763300394e+00 3.8938032209e+01
0 0 0
0 0 0
0 0 0
0 0 0
0 0 0
0 0 0
0 0 0
0 0 0
0 0 0
0 0 0
0 0 0
0 0 0
0 0 0
0 0 0
0 0 0
0 0 0
0 0 0
0 0 0
0 0 0
0 0 0
-4.5572056571e+03 -4.5314135696e-01 -8.7788639190e-02
8.3834022841e-01 -8.4262244908e-02 5.3859589258e-01
-2.2902103969e-01 8.4213019319e-01 4.8822750958e-01
-4.9470700905e-01 -5.3265055319e-01 6.8669379157e-01
-1.4278584365e+00 -2.9282236934e+00 2.3110577170e+01
0 0 0
0 0 0
0 0 0
0 0 0
0 0 0
0 0 0
0 0 0
0 0 0
0 0 0
0 0 0
0 0 0
0 0 0
0 0 0
0 0 0
0 0 0
0 0 0
0 0 0
0 0 0
0 0 0
0 0 0
8.2440127658e+04 5.6163272398e-03 2.0416576026e-06
8.6701301020e-01 -3.9835445072e-02 4.9669062551e-01
6.5445651669e-02 9.9726789631e-01 -3.4257986921e-02
-4.9396893306e-01 6.2208362028e-02 8.6725129741e-01
-1.7312980091e+00 -7.2311877716e-01 -6.0404004737e+01
0 0 0
0 0 0
0 0 0
0 0 0
0 0 0
7.4103656747e+02 -2.3539445170e-01 1.4536678966e-01
-9.1846113073e-01 4.2725182325e-02 -3.9319678296e-01
2.3003752339e-01 -7.5099326184e-01 -6.1894414813e-01
-3.2173263616e-01 -6.5892615631e-01 6.7992972531e-01
1.2812397747e+00 2.4468899859e-01 5.0471752660e+00
0 0 0
0 0 0
0 0 0
0 0 0
0 0 0
0 0 0
0 0 0
0 0 0
0 0 0
0 0 0
0 0 0
0 0 0
0 0 0
0 0 0
0 0 0
0 0 0
0 0 0
0 0 0
0 0 0
0 0 0
0 0 0
0 0 0
0 0 0
0 0 0
0 0 0
0 0 0
0 0 0
0 0 0
0 0 0
0 0 0
0 0 0
0 0 0
0 0 0
0 0 0
0 0 0
0 0 0
0 0 0
0 0 0
0 0 0
0 0 0
8.0772576581e+02 1.1478592703e-01 -4.2081740131e-01
7.9060506453e-01 2.4122490544e-02 6.1185107452e-01
-5.7670284333e-02 9.9771552193e-01 3.5183456432e-02
-6.0960460156e-01 -6.3101844279e-02 7.9019009549e-01
-3.2233953632e+00 2.3007015322e+00 -1.3290410855e+01
1.1765245788e+03 1.1124376356e-01 -4.4330949521e-01
9.8684816773e-01 5.8859859628e-02 1.5055301648e-01
-1.0297984763e-01 9.4681683008e-01 3.0484921068e-01
-1.2460274807e-01 -3.1634381169e-01 9.4042583332e-01
-1.4499510400e+00 -1.3634873997e+01 -3.2997585409e+01
6.9864055122e+02 2.5791309478e-01 -8.4841638144e-01
9.9763876922e-01 4.4808684338e-02 5.2048707569e-02
-5.7870142963e-02 9.5656610986e-01 2.8571370990e-01
-3.6985574285e-02 -2.8805114004e-01 9.5690052148e-01
3.6425761586e-01 -1.1984491420e+01 -3.1950256610e+01
0 0 0
0 0 0
0 0 0
0 0 0
0 0 0
6.4462768736e+03 -6.8475301227e-01 -8.7215237640e-02
9.5704680787e-01 4.8770791822e-02 2.8580205983e-01
-2.2776395658e-01 7.3641979017e-01 6.3703176744e-01
-1.7940174922e-01 -6.7476462749e-01 7.1589643795e-01
-1.2760031701e+00 -2.9221318960e+00 -2.5112931217e+01
0 0 0
0 0 0
0 0 0
0 0 0
0 0 0
0 0 0
0 0 0
0 0 0
0 0 0
0 0 0
0 0 0
0 0 0
0 0 0
0 0 0
0 0 0
1.6775624860e+03 -8.6222528451e-02 1.2569330463e-01
8.4543598474e-01 7.2327536712e-02 5.2915661494e-01
-1.1821514877e-01 9.9155419914e-01 5.3342748019e-02
-5.2082931398e-01 -1.0765220666e-01 8.4684581129e-01
-1.4846335988e+00 2.2977388040e+00 -1.4430154466e+01
5.0541006381e+04 3.0958170666e-01 4.5057198484e-04
8.8510007543e-01 1.6975581663e-04 4.6540071729e-01
-6.4243402864e-02 9.9047130824e-01 1.2181696407e-01
-4.6094537818e-01 -1.3771912986e-01 8.7667713533e-01
-3.1710254647e+00 1.7290540462e+01 -8.8479945223e+02
0 0 0
0 0 0
0 0 0
0 0 0
0 0 0
0 0 0
0 0 0
0 0 0
0 0 0
0 0 0
0 0 0
0 0 0
0 0 0
0 0 0
0 0 0
0 0 0
0 0 0
0 0 0
0 0 0
0 0 0
2.4813838056e+02 -1.3568791438e-01 9.9491379236e-03
9.8096822364e-01 5.9706210223e-02 1.8476069029e-01
-1.0292193813e-01 9.6676392292e-01 2.3403972312e-01
-1.6464634484e-01 -2.4860145978e-01 9.5450976701e-01
-1.0352752012e+00 -1.9662184270e+00 -4.3954252182e+00
0 0 0
0 0 0
0 0 0
0 0 0
0 0 0
0 0 0
0 0 0
0 0 0
0 0 0
0 0 0
0 0 0
0 0 0
0 0 0
0 0 0
0 0 0
9.8477266111e+02 -4.9928382568e-02 -6.9622549652e-02
9.8554746311e-01 3.6500213678e-02 1.6542047138e-01
-9.8064644496e-02 9.1917944984e-01 3.8143474474e-01
-1.3812864819e-01 -3.9214394474e-01 9.0947435541e-01
-9.3891809625e-01 -1.7273081209e+01 -3.8003021950e+01
0 0 0
0 0 0
0 0 0
0 0 0
0 0 0
0 0 0
0 0 0
0 0 0
0 0 0
0 0 0
5.9612892597e+02 1.5539143309e-01 -4.8636282196e-02
9.0582987637e-01 -1.8915347616e-01 3.7906885593e-01
-1.2251301425e-01 7.3959153807e-01 6.6181184498e-01
-4.0554012923e-01 -6.4592980987e-01 6.4677034897e-01
2.7523257739e+00 -1.0478065063e+01 -5.8826602322e+00
3.6839527175e+04 7.0200377081e-03 1.9635305313e-06
8.8228002022e-01 2.9580291674e-01 3.6617291048e-01
-4.6323859921e-01 6.8378810473e-01 5.6377639897e-01
-8.3617977254e-02 -6.6703407880e-01 7.4031991166e-01
-5.6204071358e+00 2.3764549240e+00 -1.8999156773e+02
0 0 0
0 0 0
0 0 0
0 0 0
0 0 0
0 0 0
0 0 0
0 0 0
0 0 0
0 0 0
0 0 0
0 0 0
0 0 0
0 0 0
0 0 0
7.7223690680e+02 9.7559469749e-01 1.1147348110e+00
-9.4867638004e-01 1.1743305204e-01 -2.9363685778e-01
2.0279285800e-01 -4.8657805441e-01 -8.4977458994e-01
-2.4266887461e-01 -8.6570853944e-01 4.3779052302e-01
2.5181635564e-01 7.8318545414e+00 1.0460585344e+01
1.0718132108e+03 -6.2231222055e-02 3.9839705889e-02
9.9421741403e-01 4.5490905921e-02 9.7274411465e-02
-8.1863035971e-02 9.0732321809e-01 4.1238697997e-01
-6.9499474740e-02 -4.1796549545e-01 9.0580056725e-01
2.4873983102e+00 -1.3948625800e+01 -3.1587472132e+01
0 0 0
0 0 0
0 0 0
0 0 0
0 0 0
0 0 0
0 0 0
0 0 0
0 0 0
0 0 0
0 0 0
0 0 0
0 0 0
0 0 0
0 0 0
0 0 0
0 0 0
0 0 0
0 0 0
0 0 0
0 0 0
0 0 0
0 0 0
0 0 0
0 0 0
0 0 0
0 0 0
0 0 0
0 0 0
0 0 0
0 0 0
0 0 0
0 0 0
0 0 0
0 0 0
0 0 0
0 0 0
0 0 0
0 0 0
0 0 0
0 0 0
0 0 0
0 0 0
0 0 0
0 0 0
0 0 0
0 0 0
0 0 0
0 0 0
0 0 0
0 0 0
0 0 0
0 0 0
0 0 0
0 0 0
0 0 0
0 0 0
0 0 0
0 0 0
0 0 0
2.5473550257e+00 -9.8906800945e-01 1.8741979403e+00
170 174 173
13 11 220 279.8800 -315.4800 34 185 348.0200 -654.0000 50 383 -4.7900 75.8800 41 325 214.3300 -61.4100 51 3492 45.4200 -538.3300 3 1112 442.4301 -314.3300 10 2109 3.6100 -614.9800 22 9561 480.6801 -295.6000 27 2386 311.6300 120.1500 29 3776 83.9900 -484.3600 77 1590 180.6700 -506.1300 2 1930 89.0600 -508.7700 68 2693 49.6800 -472.5500
-3.9870623712e-02 -1.0964982722e+00 8.5137555346e-01
161 161 159
10 11 221 -229.4700 -311.1899 34 24 -171.8900 -640.6500 41 187 -108.7800 -58.3199 51 2459 -54.6400 -534.7700 3 693 258.7000 -312.4200 10 2112 -122.8100 -611.8101 22 5896 414.4500 -295.2500 52 1842 6.4900 -295.5100 2 1931 13.1600 -508.4800 68 1801 -22.6500 -471.8600
3.3224312685e+00 5.8055796938e-01 3.1029079626e+00
73 61 44
4 11 242 525.0601 6.4800 34 98 577.6300 -326.2600 77 1608 226.9000 -446.9600 2 2759 125.2100 -464.5601
3.4857045325e+00 5.8407970741e-01 3.3345223409e+00
168 166 154
7 11 608 571.8999 21.1300 34 311 627.0699 -308.7900 50 648 101.3900 176.7200 3 3796 541.2600 -205.9700 27 5318 386.9800 191.3600 2 8049 130.6700 -464.4399 68 8546 90.6700 -427.6300
-6.3815113831e-01 1.3454155017e+00 1.3085303837e+00
172 166 150
3 11 421 -325.7600 132.5601 34 214 -263.5300 -195.4400 29 2578 -63.8400 -357.5699
4.1034265784e-01 -7.4891869095e-01 1.2789745398e+00
177 177 175
7 11 574 -126.1801 -240.1600 34 292 -62.2700 -564.7000 64 607 -35.1500 -185.3800 51 4913 -33.7400 -521.1600 59 4815 -121.3400 956.0601 3 1805 296.2700 -287.3900 22 16387 427.6100 -285.5400
2.5646877423e+00 5.7238207790e-02 2.2266864023e+00
181 181 174
7 11 830 313.5601 -126.5900 34 440 371.1000 -460.6899 50 1036 10.1000 139.2700 58 163 224.1200 260.1600 64 625 152.6200 -134.9700 3 1833 459.4600 -240.8100 10 4381 16.1500 -563.8101
2.2108001893e+00 1.1384912997e+00 2.3263594811e+00
132 127 122
4 11 615 267.2700 75.3400 34 462 311.3000 -264.8800 50 664 -1.5200 211.8500 58 89 206.7700 399.5200
-2.0266197234e+00 -1.4809474823e+00 1.5318382957e+00
168 170 171
2 11 820 -431.5000 -199.2100 34 431 -378.6400 -518.1200
8.3536820999e-01 -1.0175845920e+00 1.1149977972e+00
115 112 103
8 11 1141 -69.6600 -314.9900 34 416 -6.5300 -646.0601 50 978 -114.6900 83.7100 41 1038 -9.0000 -63.1600 59 16896 -106.5800 933.3701 10 14131 -83.6300 -614.7400 22 40402 435.2500 -295.5601 77 4764 115.6700 -506.2400
-2.1550772618e+00 -1.5442181516e+00 1.4699891398e+00
106 100 88
3 11 1174 -453.4000 -208.0400 34 628 -400.8800 -529.2900 41 1063 -245.6300 5.9099
2.5981501524e+00 -2.4406815515e-01 2.1726030111e+00
97 89 78
8 11 1189 313.3800 -180.0300 34 635 374.2800 -513.7500 50 1015 8.6700 121.1100 58 275 219.8300 225.7900 64 1276 152.4200 -158.7500 59 17060 4.7000 975.6001 3 4850 460.8400 -262.0100 29 20546 96.6500 -447.5200
-3.8833923337e+00 -6.9261731123e-01 1.2397271795e+00
171 170 165
2 11 841 -743.6100 -56.5900 34 453 -678.5800 -347.0900
1.1283255017e+00 4.7912098632e-01 1.7442319042e+00
30 29 26
6 11 1857 24.2400 -43.1600 34 1054 80.0400 -372.3700 50 1679 -83.0400 176.3800 51 15784 -1.9100 -477.7200 3 4891 352.0699 -208.3900 22 40765 446.9500 -256.4301
4.7217367639e-01 -1.1292024757e+00 9.4995986126e-01
173 173 171
5 11 1709 -140.7100 -330.1200 34 953 -79.5800 -661.3000 41 1531 -50.8600 -72.6500 22 40384 426.0000 -297.6100 77 6852 102.2400 -508.9700
5.3378615062e-01 -1.1180621452e+00 1.0980627574e+00
79 76 64
6 11 1714 -116.8000 -314.7900 34 956 -53.9600 -644.6801 41 1535 -39.5600 -63.8900 3 5852 298.9200 -315.3700 10 14132 -95.4301 -614.7900 29 20408 -13.1200 -483.5800
-2.0482584283e-02 -9.4351253327e-01 8.4855292641e-01
185 185 183
8 11 569 -229.1801 -293.6801 34 284 -169.8600 -621.2200 41 481 -112.3900 -43.8600 51 4901 -54.9900 -530.9800 59 7257 -153.8700 944.5300 10 6416 -124.9300 -605.5500 22 16345 414.1600 -292.2200 29 8898 -43.2300 -474.6899
-2.1352605253e+00 -3.2494550795e+00 1.7401807043e+00
75 74 71
3 11 1689 -384.0400 -380.5900 34 934 -336.1200 -715.6700 10 14099 -158.2400 -629.1599
1.7068331821e+00 -1.3395777063e+00 1.6271968354e+00
53 48 44
5 11 1703 116.0800 -345.3800 34 945 184.1000 -681.1100 64 1776 63.7400 -230.4500 41 1526 111.8600 -80.5900 10 14115 -36.8101 -622.3899
3.7971400024e-01 6.0751286124e-01 1.5300025076e+00
115 109 98
6 11 1880 -121.1801 -11.2500 34 1070 -63.2000 -337.9301 58 463 -39.6300 367.0900 59 28485 -120.2600 1033.0801 10 14405 -93.7900 -530.8900 29 20716 -11.8700 -400.9100
-1.0487385210e-01 9.1054258095e-01 1.3366227410e+00
83 76 70
8 11 2869 -227.8800 37.9900 34 1659 -169.6000 -288.7400 41 1640 -108.7900 180.3000 51 15910 -53.3300 -457.9700 59 28568 -151.1200 1051.2500 10 14446 -120.1600 -515.9800 77 11324 84.1700 -432.3700 68 12779 -22.9900 -416.3101
1.4412039257e-01 8.4894145420e-01 1.5519637752e+00
64 57 48
7 11 2872 -159.2500 39.6400 34 1658 -102.1500 -288.5699 58 476 -62.7000 405.2800 10 14451 -103.0600 -515.7100 27 11832 210.5601 212.2500 29 20759 -22.0300 -386.3101 68 12781 -12.9100 -415.9700
7.1379807422e-01 4.8930913418e+00 4.8072937749e+00
85 72 55
5 11 2288 214.8400 1087.0300 34 1386 257.3700 647.5601 71 1704 450.2400 -398.6700 25 2554 640.3701 -770.5500 27 12447 320.7600 451.1000
5.3205775303e-01 4.9648296853e+00 4.7651816991e+00
96 78 65
5 11 2293 175.6899 1104.2000 34 2071 222.4900 662.6600 71 1705 428.0400 -393.5900 25 2557 608.3401 -757.4200 27 12454 311.0800 456.3600
4.5482637997e-01 -1.0200932576e+00 9.5458221030e-01
96 88 73
8 11 2625 -145.8400 -313.4100 34 1456 -84.0700 -643.6700 41 3254 -54.0600 -62.3700 59 27922 -127.6800 934.2100 10 21948 -102.3000 -613.9600 27 37441 214.9700 120.6899 29 32842 -19.6600 -483.0400 77 11133 101.4700 -506.0000
4.8500542937e-01 -8.5331148015e-01 1.0688746996e+00
99 88 70
7 11 1730 -132.5500 -280.1300 34 967 -70.5900 -607.8900 50 2420 -135.2800 96.8900 59 27972 -124.3900 943.6499 10 21980 -98.3600 -606.2300 29 32885 -18.2600 -474.5699 77 11155 104.5700 -499.7200
1.1425030899e+00 -6.3473894634e-02 1.6751609554e+00
116 112 102
6 11 2749 23.3400 -134.1899 34 1561 83.4900 -462.3101 50 2514 -83.1300 143.7500 64 2886 28.5100 -139.3800 10 22166 -59.1899 -565.5500 29 33099 22.8300 -434.7600
1.1941654024e+00 2.6759760768e-01 1.7128726429e+00
186 181 175
8 11 2784 33.3101 -82.3199 34 1587 90.1000 -411.8800 50 3686 -80.3700 162.3600 41 2401 63.3900 97.7400 51 26827 -0.0800 -485.4500 59 47175 -75.3101 1008.7700 10 22254 -54.5100 -549.7200 77 11283 134.9700 -456.8400
1.3164471702e-01 3.9582438101e+00 3.5690390753e+00
185 179 172
5 11 2236 -4.6899 805.9800 34 2006 53.6100 410.1899 17 2838 135.1899 -708.5000 76 639 36.1200 -294.6100 41 1861 11.6800 691.3201
4.6987114538e-01 3.8802585457e+00 3.6206382085e+00
199 196 188
5 11 7185 61.7100 788.5601 34 4291 115.2200 394.9800 54 4285 102.4399 542.1200 17 6438 199.6300 -726.6899 41 2739 56.5000 672.4000
1.5901191327e+00 4.5883764610e+00 5.0566319101e+00
180 180 182
5 11 10592 407.6200 1015.7500 34 6528 436.2600 585.0500 71 4857 559.0300 -418.2900 25 8495 802.2300 -826.3300 27 40896 368.3700 428.2300
-4.7349193058e+00 2.3380919813e+00 2.3592904284e+00
166 163 158
2 11 56 -865.3500 522.6500 34 14 -755.4700 219.9400
3.3333192448e+00 2.9522065543e+00 5.0355465455e+00
161 153 149
2 11 58 720.7700 609.0100 34 59 735.3800 243.8600
-3.3590883920e+00 3.5290394391e+00 2.9733242175e+00
173 167 156
2 11 61 -650.2800 749.8800 34 18 -532.7900 409.4399
1.0579354565e+00 4.3959085611e-01 1.6791397209e+00
112 107 102
2 11 103 7.3400 -53.5900 34 32 62.4800 -381.3600
3.2248764006e+00 2.7650021170e-01 2.9458909223e+00
189 182 172
2 11 104 489.5000 -51.5900 34 30 547.8000 -386.2100
-1.8894520313e+00 3.2524599903e-01 1.1091171185e+00
161 159 146
2 11 106 -516.0100 2.1899 34 36 -451.1700 -311.4800
-4.5092688979e+00 1.2884981774e+00 1.9091798568e+00
182 178 175
2 11 120 -837.7700 307.2200 34 43 -744.1300 20.2800
3.5601558142e+00 2.1778562599e+00 4.6203047891e+00
189 186 181
3 11 128 710.9600 418.2600 34 46 743.8199 69.0100 54 45 945.4399 213.8500
-5.1421378618e+00 1.9716608206e+00 2.3018060682e+00
183 182 178
2 11 132 -910.4000 460.4399 34 52 -797.2600 179.0800
-2.5344249125e+00 2.5831233223e+00 2.2705813863e+00
141 140 137
2 11 134 -565.4700 499.5500 34 50 -472.1200 172.1600
-3.3304061173e+00 2.7215602013e+00 2.4768144386e+00
186 185 180
2 11 142 -669.7800 560.4900 34 58 -563.3200 241.1700
2.9683910128e+00 3.3132272928e+00 5.0055687015e+00
211 203 189
2 11 147 654.8899 693.7400 34 153 670.5100 314.7800
2.9683910128e+00 3.3132272928e+00 5.0055687015e+00
211 203 189
2 11 148 654.8899 693.7400 34 154 670.5100 314.7800
-2.7116362023e+00 3.6448055507e+00 3.0151165229e+00
135 128 113
3 11 149 -550.4900 761.2100 34 67 -437.1100 409.4200 17 115 -350.3000 -778.9900
-1.5282522011e+00 3.9505803487e+00 3.2804862195e+00
154 147 136
2 11 151 -334.6400 820.3400 34 163 -241.5700 443.4800
3.7073938871e+00 7.9572813315e-01 3.7637500103e+00
194 188 172
3 11 252 647.3701 86.6899 34 101 699.6100 -241.1800 50 268 128.4500 193.6300
4.0694430400e+00 7.5288962525e-01 4.2856822798e+00
182 177 174
2 11 254 744.7100 113.1300 34 39 802.0300 -213.8200
-4.0738276542e+00 4.2350281957e-01 1.4843204042e+00
183 179 170
2 11 256 -790.5700 127.9000 34 108 -709.4000 -159.6900
-4.2017186818e+00 3.3195348548e-01 1.5852189642e+00
183 179 170
3 11 257 -790.5700 127.9000 34 109 -709.4000 -159.6900 64 261 -309.5900 -56.3400
-1.2215351037e+00 1.2683855497e+00 1.2562867628e+00
70 58 46
2 11 258 -426.2300 139.4299 34 105 -359.4700 -184.4900
3.8082555731e+00 1.0627584382e+00 3.9519206423e+00
65 57 44
3 11 259 689.4600 147.4900 34 102 735.7000 -187.3000 54 110 948.1201 -130.9800
3.8082555731e+00 1.0627584382e+00 3.9519206423e+00
65 57 44
3 11 260 689.4600 147.4900 34 103 735.7000 -187.3000 54 111 948.1201 -130.9800
1.4213115847e+00 1.6044971991e+00 2.1041959202e+00
185 174 152
2 11 263 105.4301 165.7600 34 106 150.1700 -172.5500
1.4282443258e+00 1.6168460795e+00 2.0837588172e+00
185 174 152
3 11 264 105.4301 165.7600 34 107 150.1700 -172.5500 50 282 -54.5100 251.9500
3.2880409976e+00 1.4582673610e+00 3.7373296461e+00
164 160 151
2 11 268 580.4299 216.6100 34 110 624.1600 -121.1100
3.2880409976e+00 1.4582673610e+00 3.7373296461e+00
164 160 151
2 11 269 580.4299 216.6100 34 111 624.1600 -121.1100
2.2062549478e+00 1.8407062162e+00 2.7446496946e+00
68 55 39
4 11 270 305.6500 238.2500 34 113 344.5200 -107.3100 54 115 444.9200 -83.3000 50 288 17.4900 266.8200
2.7937384969e+00 2.0811150894e+00 3.6883521293e+00
156 152 143
4 11 278 494.1899 344.6100 34 121 529.9500 -2.5200 54 124 672.1100 84.7600 50 293 88.3300 290.9900
1.0076942622e+00 2.4194752177e+00 2.2272477894e+00
173 162 144
3 11 279 38.8101 349.6300 34 120 82.1200 -8.4300 54 119 113.4100 13.4900
-2.9641249360e+00 2.0932342268e+00 1.9668721992e+00
159 157 151
3 11 282 -648.9700 398.5901 34 125 -555.0300 89.4500 64 287 -257.8400 62.0900
2.4934997806e+00 2.4266979647e+00 3.6472482313e+00
185 177 165
2 11 284 441.1000 418.3401 34 124 475.1801 64.4500
-3.9293888113e+00 2.1312198944e+00 2.2143610389e+00
174 173 168
2 11 285 -761.5100 452.4399 34 131 -658.3000 149.8600
-1.3574545234e+00 2.6609880372e+00 2.2008968968e+00
144 134 125
2 11 286 -387.2700 473.1100 34 129 -304.8300 133.0100
-1.3574545234e+00 2.6609880372e+00 2.2008968968e+00
144 134 125
2 11 287 -387.2700 473.1100 34 130 -304.8300 133.0100
2.4053915255e+00 2.7112093334e+00 3.8097660065e+00
87 75 66
2 11 289 441.2400 493.4299 34 240 474.0800 129.7200
-2.0762024927e+00 2.7152748607e+00 2.3389590594e+00
58 49 39
2 11 290 -491.1800 514.6500 34 137 -398.7100 182.3700
-2.0762024927e+00 2.7152748607e+00 2.3389590594e+00
58 49 39
2 11 291 -491.1800 514.6500 34 138 -398.7100 182.3700
-1.4841980046e+00 3.1569584705e+00 2.5818663328e+00
59 48 31
2 11 297 -382.4600 604.5801 34 143 -292.7000 252.6200
7.0603826969e-01 3.5228227237e+00 3.3273710985e+00
150 143 115
2 11 304 80.0500 677.9700 34 151 130.0000 294.3400
9.6972992348e-01 3.7058952789e+00 3.7171437102e+00
154 151 134
3 11 308 164.7300 738.7600 34 157 209.0000 349.2100 54 147 230.8300 499.3201
-1.1167887657e+00 3.8998054746e+00 3.2484051066e+00
86 72 57
2 11 315 -266.3500 799.3700 34 162 -179.6800 418.5900
2.4402495696e-01 4.3036109362e+00 4.0159344511e+00
194 185 181
3 11 318 54.5300 910.5400 34 268 109.5699 502.1200 25 428 524.8400 -903.7400
-1.4081067888e+00 4.2835121000e+00 3.5739334444e+00
89 75 70
2 11 319 -290.1801 910.2500 34 170 -198.7800 518.4299
2.0175039908e+00 4.1411579759e-01 2.0647891811e+00
194 190 183
5 11 393 206.2000 -61.3199 34 200 260.4200 -393.9100 50 418 -23.7400 165.3500 58 58 161.5900 310.9600 64 415 108.7900 -105.0300
-2.6900448503e+00 -3.2795104078e-01 1.2133759419e+00
89 78 67
2 11 398 -596.5900 -53.3600 34 202 -533.6400 -356.1500
-5.8331016735e+00 -1.2448637576e+00 1.2964047579e+00
190 187 178
2 11 399 -955.3800 -54.7500 34 206 -893.5200 -325.8900
-5.8331016735e+00 -1.2448637576e+00 1.2964047579e+00
190 187 178
2 11 400 -955.3800 -54.7500 34 207 -893.5200 -325.8900
-3.6683775955e+00 -2.9737082616e-01 1.3062376106e+00
169 163 141
3 11 407 -724.0000 -3.9000 34 211 -654.5900 -295.8700 64 417 -282.4300 -104.9300
7.6221208971e-01 7.7926848390e-01 1.7450888406e+00
173 172 168
5 11 408 -39.6700 19.6700 34 208 18.8800 -309.0601 50 434 -102.7000 202.0400 64 430 4.0500 -70.0700 59 3240 -95.9399 1044.8799
3.3726070555e+00 7.8011979326e-01 3.3884328231e+00
170 166 155
3 11 410 557.4500 64.9000 34 212 609.6700 -267.8400 50 428 98.3000 190.7900
-2.5362643104e+00 5.3840092490e-01 1.2798725187e+00
179 174 155
2 11 416 -601.2600 73.5699 34 320 -528.7200 -231.3800
1.1103692456e+00 1.2561401384e+00 1.9108692210e+00
179 175 164
2 11 417 32.3500 99.8600 34 213 83.8199 -233.9600
-6.2018498662e-01 1.3558641296e+00 1.2918574431e+00
172 166 150
2 11 422 -325.7600 132.5601 34 215 -263.5300 -195.4400
3.8762758312e+00 1.2059257050e+00 4.2288071627e+00
186 182 173
3 11 426 721.2100 191.5200 34 221 767.5400 -136.5700 50 437 156.5200 224.0300
2.9973769185e+00 1.4510267708e+00 3.3158161778e+00
166 158 146
2 11 427 496.2800 188.5400 34 218 537.1899 -150.2300
-2.1429391794e+00 1.3066577155e+00 1.4846136902e+00
175 167 153
2 11 428 -546.6000 199.7600 34 225 -471.0100 -114.4500
2.6034582628e+00 1.9552036997e+00 3.2869531918e+00
165 159 145
2 11 437 427.1300 293.2300 34 230 464.2100 -53.1300
2.0914800151e+00 2.0552440006e+00 2.8605316616e+00
150 147 140
2 11 438 296.4399 292.7400 34 231 335.1100 -55.0900
-3.0392019920e-01 2.6838061882e+00 2.0879938459e+00
146 135 109
2 11 449 -217.6801 437.3201 34 350 -153.7300 82.4200
-1.1439314175e+00 2.5469881407e+00 2.1049538439e+00
155 149 137
2 11 450 -357.3600 436.8301 34 351 -281.2300 96.8800
1.0659415989e+00 2.7730098992e+00 2.6926281209e+00
120 113 98
2 11 454 92.1801 456.6899 34 237 135.1801 94.8600
-1.7048214863e+00 2.6158878855e+00 2.1859819944e+00
187 186 181
3 11 459 -444.8500 471.8101 34 244 -359.7500 139.2400 64 294 -175.3600 107.8200
-9.3555143178e-01 2.7705001867e+00 2.2400270284e+00
153 144 124
2 11 463 -313.7600 485.2800 34 354 -238.8200 137.2000
-9.3555143178e-01 2.7705001867e+00 2.2400270284e+00
153 144 124
2 11 464 -313.7600 485.2800 34 355 -238.8200 137.2000
1.5904402838e+00 2.8377341617e+00 3.1672637889e+00
140 133 123
2 11 466 232.9301 492.0500 34 241 272.1100 126.8800
1.5904402838e+00 2.8377341617e+00 3.1672637889e+00
140 133 123
2 11 468 232.9301 492.0500 34 242 272.1100 126.8800
1.3425301900e+00 2.9606712497e+00 3.1065503947e+00
142 133 118
2 11 470 181.7500 520.0500 34 357 221.5699 153.3100
1.0678943179e+00 3.1490496191e+00 3.0688646473e+00
139 132 122
2 11 472 125.8700 567.4099 34 245 169.8900 192.8200
1.3770487271e+00 3.2480733365e+00 3.4902588359e+00
183 177 168
2 11 475 221.3199 610.6599 34 248 263.6600 234.3800
9.3004658379e-01 3.3117367380e+00 3.2273667289e+00
77 64 55
2 11 477 112.8700 617.8500 34 250 161.2200 240.1000
-3.2129212388e-01 3.3302505446e+00 2.7078705506e+00
75 60 45
3 11 480 -168.3600 620.0100 34 253 -100.6800 250.5300 54 258 -165.0900 335.1100
3.7545657251e-01 -7.9306538239e-01 1.3156851420e+00
177 177 175
3 11 573 -126.1801 -240.1600 34 291 -62.2700 -564.7000 64 606 -35.1500 -185.3800
1.1943332394e+00 -3.4421645251e-01 1.6093589810e+00
181 182 179
5 11 580 24.3500 -187.5000 34 195 90.7200 -514.0800 50 406 -82.3800 125.6200 58 57 47.7800 239.5000 64 399 26.3700 -163.4100
1.4587614161e+00 -2.6470264815e-01 1.7075606091e+00
171 172 166
2 11 581 77.7800 -176.7200 34 294 140.8300 -503.9200
-3.7024397090e+00 -1.4130380501e+00 1.1349993930e+00
148 148 148
2 11 583 -703.6200 -167.9100 34 300 -645.0400 -460.6400
-3.0156787675e+00 -9.7163601067e-01 1.0937491072e+00
189 186 181
2 11 590 -634.1500 -138.5300 34 198 -572.4300 -441.6200
-3.9319750469e+00 -1.0505785941e+00 1.1570824846e+00
176 174 161
2 11 593 -745.7300 -108.3600 34 305 -683.1700 -401.7300
-5.3601644218e+00 -1.1892721112e+00 1.2872716670e+00
186 187 190
2 11 600 -903.2300 -68.3900 34 310 -839.8500 -337.3600
-4.5133150797e+00 -2.9302121575e-01 1.3817044502e+00
167 164 155
2 11 609 -827.1600 31.7800 34 315 -755.0500 -250.0700
-4.5133150797e+00 -2.9302121575e-01 1.3817044502e+00
167 164 155
2 11 610 -827.1600 31.7800 34 316 -755.0500 -250.0700
-1.5431822313e+00 8.1240185237e-01 1.2041882953e+00
111 102 88
2 11 613 -468.0000 71.8500 34 317 -402.0400 -244.6900
-1.6450293889e+00 1.0626994750e+00 1.3488733281e+00
146 140 126
2 11 620 -475.2900 128.4800 34 321 -406.8300 -187.2500
3.0000418728e+00 1.2200211181e+00 3.2459657147e+00
77 61 53
4 11 622 484.2900 141.6300 34 476 531.3199 -193.1000 54 323 684.7000 -170.7100 50 669 76.4600 221.9700
3.5352076229e+00 1.1259704295e+00 3.7558598523e+00
184 178 166
3 11 623 622.5701 149.5300 34 322 668.4800 -181.4100 54 324 864.4900 -135.8500
-3.0947370955e+00 8.1980621625e-01 1.5066028883e+00
182 175 165
2 11 626 -667.0900 155.3101 34 327 -587.8400 -142.5400
1.2019556022e+00 1.6224011645e+00 1.9619163756e+00
177 171 166
3 11 627 50.6700 165.0901 34 323 101.1899 -174.1600 51 3588 5.1700 -429.7300
-1.5579167332e+00 1.2785631022e+00 1.3902444330e+00
157 147 127
2 11 628 -465.3400 164.4299 34 325 -393.8300 -153.5900
2.8014689013e+00 1.5051532167e+00 3.2238827922e+00
104 88 72
4 11 629 450.8700 197.3201 34 328 492.3600 -142.4000 54 327 633.1700 -104.3300 50 445 66.5700 242.2400
-4.8239054984e+00 8.1091691864e-01 1.7892561261e+00
171 166 159
3 11 632 -870.5100 234.0601 34 336 -782.3200 -46.0900 64 660 -342.9600 -19.8200
2.4131935938e+00 2.0414733279e+00 3.1366624844e+00
100 85 63
2 11 644 380.4200 303.5300 34 334 417.0200 -45.1500
2.4131935938e+00 2.0414733279e+00 3.1366624844e+00
100 85 63
2 11 645 380.4200 303.5300 34 335 417.0200 -45.1500
3.8411057198e+00 1.8934188310e+00 4.6910945778e+00
163 156 148
3 11 655 764.0701 358.7900 34 341 800.0900 17.7400 50 691 178.7200 277.9900
1.6079563179e+00 2.4354244474e+00 2.7141125095e+00
87 74 58
2 11 657 194.8800 373.0000 34 343 235.2000 14.8600
-2.0503169317e+00 2.3398136437e+00 2.0210126768e+00
174 164 137
3 11 662 -510.5100 418.7300 34 352 -422.2200 94.0400 64 690 -201.7300 82.0400
-6.2056598238e+00 1.9498088434e+00 2.3054076781e+00
191 194 200
2 11 669 -1041.6100 486.3201 34 363 -927.5900 210.1600
4.3181136488e+00 2.3098653161e+00 5.6232274111e+00
129 117 105
2 11 670 924.4399 496.3800 34 356 949.1500 147.2100
-1.8382676792e+00 3.0566856444e+00 2.5873711812e+00
187 187 187
2 11 673 -436.2600 592.2500 34 369 -343.6600 249.9000
2.2922281554e+00 3.1391164595e+00 4.2158638962e+00
74 62 50
2 11 676 457.1801 615.9299 34 368 488.1300 243.3900
1.1041987568e+00 3.3580297497e+00 3.3989925928e+00
168 158 133
2 11 677 162.3700 635.4299 34 370 206.3600 256.6100
1.1041987568e+00 3.3580297497e+00 3.3989925928e+00
168 158 133
2 11 678 162.3700 635.4299 34 371 206.3600 256.6100
-4.7345724293e+00 3.1869279295e+00 2.8301678145e+00
164 156 143
2 11 685 -851.3700 701.4399 34 556 -722.7800 388.1799
-1.1709068569e+00 3.6839410442e+00 3.0434940118e+00
172 161 147
2 11 689 -290.8700 739.9299 34 551 -207.7500 367.5400
-1.0986254629e-01 4.4069157816e+00 3.9126013770e+00
143 131 117
3 11 700 -22.2000 939.0901 34 571 41.5500 525.9399 17 741 117.7500 -592.3500
1.5749706823e+00 4.4870908023e+00 4.9664696625e+00
121 112 98
2 11 704 396.0699 986.8201 34 394 423.6300 561.8101
-6.3968139375e+00 -4.4657051254e+00 1.0529200905e+00
42 38 35
2 11 789 -904.4700 -405.1700 34 278 -879.2000 -711.0200
-6.3009265024e+00 -3.6111773766e+00 9.8575370936e-01
163 166 170
2 11 804 -937.6600 -333.6500 34 285 -902.7200 -621.1000
1.2718385401e+00 -7.0185853403e-01 1.4112322321e+00
182 181 177
3 11 810 23.9301 -261.1801 34 286 86.5300 -591.3500 50 613 -83.1200 98.8400
-2.0821454405e+00 -1.9172810429e+00 1.5135829685e+00
172 173 168
2 11 811 -430.9800 -253.0200 34 289 -377.5900 -573.6400
-2.9790181714e+00 -1.8722413083e+00 1.1991700082e+00
184 176 163
2 11 813 -585.0900 -242.5500 34 426 -531.2800 -553.9200
-1.6402204063e+00 -1.2569466263e+00 1.5086151374e+00
167 168 163
2 11 822 -387.4700 -187.5100 34 432 -332.3800 -510.6500
2.0714453178e+00 -2.5153536209e-01 1.9490136365e+00
183 182 178
3 11 824 201.9100 -179.8800 34 433 264.2700 -509.0500 50 1019 -24.7000 123.7900
1.6411218693e+00 -1.0071642413e-01 1.8192048424e+00
137 133 123
4 11 827 116.5000 -148.8700 34 435 180.0300 -478.7600 50 1028 -51.9500 135.4000 58 162 105.5000 257.3400
1.4969023666e+00 5.5989355051e-02 1.7897454164e+00
200 200 197
4 11 836 90.6400 -120.4900 34 663 152.4200 -451.3199 50 1044 -61.7600 146.8500 58 174 88.2800 278.1400
1.2498790457e+00 2.6951594456e-02 1.7341009348e+00
193 193 191
3 11 837 45.8600 -119.2400 34 442 105.9000 -448.4600 64 626 37.3900 -132.7200
-4.0938536133e+00 -7.1032699325e-01 1.2252586745e+00
134 126 123
2 11 842 -773.6200 -54.2100 34 455 -705.9100 -339.2800
3.5129920369e+00 2.3352893092e-01 3.2359774652e+00
110 101 94
3 11 843 562.3301 -45.9500 34 449 622.5400 -374.2900 50 1050 95.9300 155.0300
-2.9292254330e+00 -3.1072632054e-01 1.1766505774e+00
172 166 152
2 11 844 -636.4800 -44.4700 34 452 -570.8800 -346.1801
7.9719697347e-01 6.1099797438e-01 1.6110927789e+00
173 168 161
5 11 846 -45.6600 -20.4301 34 451 10.6700 -349.8400 50 653 -106.0100 186.7300 58 179 8.8400 357.4600 39 9 -366.3800 -162.1500
-9.6920101623e-01 6.7473491836e-01 9.9816534306e-01
179 170 154
3 11 849 -396.4800 7.5400 34 460 -336.6400 -314.2200 50 663 -228.8600 209.0000
-2.7404032203e+00 1.2889604305e-01 1.2549155442e+00
167 164 156
2 11 850 -616.9900 17.5800 34 461 -548.6500 -284.2600
-3.5362397240e+00 -2.5723946560e-02 1.3298038804e+00
178 174 162
2 11 853 -714.0500 30.8800 34 463 -643.2500 -262.2000
2.9310773747e+00 1.0180183035e+00 2.9075256509e+00
163 154 137
2 11 861 445.9200 80.0300 34 697 491.8000 -260.1400
-8.0967248227e-01 1.0883792586e+00 1.1446029883e+00
153 153 146
2 11 862 -365.7100 82.1500 34 468 -304.8300 -243.2900
2.3368225076e+00 1.2108345198e+00 2.3897093684e+00
180 179 175
3 11 864 297.5699 89.6600 34 465 338.6000 -253.6500 50 1099 8.5900 215.2400
-2.0814529757e+00 1.4391756330e+00 1.5794590429e+00
164 161 146
2 11 885 -531.1100 226.2400 34 482 -453.6300 -87.1400
3.5262280628e+00 1.5049501092e+00 4.1256403920e+00
209 209 211
2 11 890 652.6201 248.6100 34 483 696.9200 -85.2900
3.5262280628e+00 1.5049501092e+00 4.1256403920e+00
209 209 211
2 11 891 652.6201 248.6100 34 484 696.9200 -85.2900
-1.6112999986e+00 1.8439761127e+00 1.7197667223e+00
76 55 39
2 11 897 -454.8500 291.1100 34 488 -378.6600 -31.5100
1.8966515588e+00 2.1468534658e+00 2.7876256752e+00
86 73 56
4 11 900 254.4800 310.4900 34 487 293.2700 -42.1300 54 486 371.8900 2.5000 50 697 2.5200 296.1600
-1.0042283269e+00 2.0526734685e+00 1.7703436763e+00
136 123 104
2 11 901 -356.3900 311.5000 34 492 -285.1400 -20.1400
-1.0042283269e+00 2.0526734685e+00 1.7703436763e+00
136 123 104
2 11 902 -356.3900 311.5000 34 493 -285.1400 -20.1400
1.6953063847e+00 2.2595169396e+00 2.6751250938e+00
150 143 127
2 11 907 207.1200 330.7300 34 758 247.6100 -21.8400
1.6953063847e+00 2.2595169396e+00 2.6751250938e+00
150 143 127
2 11 908 207.1200 330.7300 34 759 247.6100 -21.8400
-4.1618060487e+00 1.5228943124e+00 1.9698433605e+00
62 52 43
2 11 911 -794.7000 338.1400 34 503 -698.5100 47.1200
-5.5311568232e-01 2.3253693849e+00 1.8798467549e+00
82 66 48
2 11 914 -274.5200 356.7900 34 497 -209.3900 14.4900
2.1547070628e+00 2.2900549790e+00 3.1571494829e+00
101 88 69
3 11 915 334.5100 361.4800 34 496 372.1000 8.1300 50 699 33.8900 307.8700
1.7802764266e+00 2.4083881022e+00 2.7975288810e+00
131 119 102
2 11 916 235.8400 368.7800 34 773 272.6300 11.2000
4.1108672230e+00 1.8826132045e+00 5.1617241189e+00
76 63 59
2 11 923 839.8101 384.7600 34 779 878.7900 45.9800
1.3827708300e+00 2.4901629062e+00 2.6412493749e+00
165 158 151
2 11 924 146.4600 384.1300 34 499 187.9399 27.9100
-3.2793065553e-01 2.5142426248e+00 2.0112314801e+00
81 64 49
2 11 929 -225.6200 396.7300 34 502 -162.9400 48.1400
1.9424522156e+00 2.4968671360e+00 3.1372860108e+00
110 94 78
2 11 933 295.2400 408.0000 34 504 332.3000 51.8100
-4.8879252461e+00 1.8730597894e+00 2.2460267959e+00
182 180 181
2 11 936 -876.6400 434.9299 34 518 -770.5500 149.5200
1.6872079877e+00 2.6893315398e+00 3.0835599830e+00
99 83 64
2 11 939 243.6801 451.3401 34 509 281.6500 90.0900
-2.1677772141e-01 2.7480270614e+00 2.1653258578e+00
150 136 119
3 11 940 -197.5100 451.4299 34 789 -131.6700 98.8200 54 794 -184.1000 134.5100
-1.6586510469e+00 2.5616468141e+00 2.2032193059e+00
184 184 176
2 11 942 -433.6600 462.0400 34 515 -347.2200 129.4300
1.4564393805e+00 2.8370579584e+00 3.0407294110e+00
93 79 66
2 11 947 197.0000 485.8401 34 512 236.2700 121.1300
-1.9682497403e+00 2.7274274140e+00 2.2487680014e+00
65 53 42
3 11 955 -485.7900 506.6000 34 525 -394.7300 174.0100 64 1013 -193.2500 119.0700
-9.8741390924e-01 2.9341182213e+00 2.4350221050e+00
99 86 69
2 11 964 -306.4200 532.9800 34 823 -227.8300 183.7400
-1.6245024042e+00 3.0529669152e+00 2.5684909257e+00
109 94 76
2 11 970 -403.4200 584.3700 34 534 -312.9800 239.7200
7.7648866987e-01 3.3342450422e+00 3.1367931130e+00
75 58 42
2 11 976 76.4301 620.5800 34 536 124.9200 242.6100
7.7648866987e-01 3.3342450422e+00 3.1367931130e+00
75 58 42
2 11 977 76.4301 620.5800 34 537 124.9200 242.6100
-1.0864514956e+00 3.4426576579e+00 2.8118395872e+00
105 91 78
4 11 981 -299.3500 667.4299 34 543 -213.9700 304.9200 17 711 -130.9301 -854.5601 64 1040 -116.7900 197.7600
3.5072492120e+00 3.1663685574e+00 5.4291640563e+00
162 153 132
2 11 982 784.0300 678.6100 34 542 797.9301 303.6100
4.7692276812e-01 3.5654116610e+00 3.2107954543e+00
162 153 142
3 11 983 25.1000 686.1200 34 847 79.6899 301.8300 54 853 69.2400 415.9900
2.9741071884e+00 3.3337679025e+00 5.0449963465e+00
207 199 176
2 11 984 658.1201 701.1400 34 849 675.4200 320.5100
-1.9839779425e+00 3.5810260506e+00 2.9764338668e+00
197 195 189
2 11 989 -434.6100 730.7200 34 552 -334.5400 373.1899
-4.4791704869e+00 3.3731676514e+00 2.9194441025e+00
140 132 121
2 11 991 -814.0700 737.1000 34 561 -684.6600 415.8900
8.8827182230e-01 3.7208134842e+00 3.6662720699e+00
183 182 174
3 11 992 145.6700 741.5500 34 549 192.2900 350.9000 54 543 204.6899 497.2100
1.8350182000e+00 3.8173988829e+00 4.5518567094e+00
88 79 62
3 11 1001 404.3600 799.5500 34 559 433.5400 403.8201 54 556 508.2000 611.4700
-1.4282057663e+00 3.8922007884e+00 3.2525165583e+00
169 163 163
3 11 1002 -318.7900 802.0300 34 870 -226.3500 427.8000 17 724 -146.2800 -727.8600
-3.9231813200e+00 3.8071528497e+00 3.1464761540e+00
64 55 48
3 11 1003 -726.8900 825.3201 34 566 -596.2000 484.1500 17 1133 -498.8200 -732.4399
2.7894713815e+00 3.8559223041e+00 5.3372758054e+00
216 220 223
2 11 1006 654.7200 839.6100 34 873 666.2700 439.5100
1.6547554929e+00 4.0292221606e+00 4.6260619669e+00
173 168 164
2 11 1010 377.3101 856.8101 34 876 410.4800 453.4299
2.4494907703e+00 4.0062646693e+00 5.1596236609e+00
147 137 127
3 11 1012 577.8401 869.9700 34 879 593.3101 463.8700 71 730 674.0800 -480.6899
-2.8058325468e+00 4.3062384532e+00 3.4868015108e+00
185 181 169
2 11 1020 -534.7800 931.8301 34 890 -415.8200 557.5300
-2.8058325468e+00 4.3062384532e+00 3.4868015108e+00
185 181 169
2 11 1021 -534.7800 931.8301 34 891 -415.8200 557.5300
-1.4125378208e-01 4.9127097301e+00 4.3187304111e+00
193 189 185
4 11 1032 7.7500 1084.4600 34 1387 70.6899 647.0900 17 1157 142.6899 -467.4399 71 742 342.1300 -414.5400
-5.3420625303e+00 -3.6289568342e+00 1.0559659062e+00
153 154 158
2 11 1133 -824.5200 -363.9600 34 415 -787.1900 -664.4700
2.0222823082e+00 -1.0312635317e+00 1.7498826391e+00
96 92 83
2 11 1143 176.4200 -308.7900 34 602 244.7200 -644.7000
1.8300288459e+00 -9.4006984396e-01 1.7115848874e+00
189 191 190
4 11 1144 142.2700 -290.7700 34 419 208.7500 -624.7100 50 983 -47.0100 87.6400 64 844 75.2200 -206.6800
-3.5982809809e+00 -2.2958248393e+00 1.1977465457e+00
179 179 171
2 11 1146 -649.9800 -269.8800 34 614 -600.2600 -576.4200
-3.5982809809e+00 -2.2958248393e+00 1.1977465457e+00
179 179 171
2 11 1147 -649.9800 -269.8800 34 615 -600.2600 -576.4200
2.6038864998e+00 -7.0392202021e-01 2.0827814955e+00
186 185 181
2 11 1152 304.2600 -258.2200 34 612 369.2100 -592.7100
1.6478907095e+00 -7.4699124297e-01 1.6971626129e+00
191 190 185
6 11 1153 111.6899 -256.6400 34 613 177.5500 -586.8101 50 2425 -56.3000 100.3900 64 1841 60.6300 -192.4700 51 15479 12.1000 -526.0200 59 16961 -57.4600 950.4299
2.2906446148e+00 -5.4679252697e-01 1.9987830134e+00
158 151 145
4 11 1164 242.5800 -227.8700 34 425 309.7400 -560.8600 50 1003 -12.6000 106.0700 64 1250 119.1400 -180.4600
1.2572656496e+00 -5.9180824098e-01 1.6084589117e+00
99 96 88
3 11 1166 37.3300 -224.2700 34 619 102.8400 -551.6801 51 10102 -1.5300 -519.6700
-2.8427883973e+00 -1.4746722055e+00 1.0968938941e+00
86 77 61
2 11 1175 -592.6700 -210.7900 34 632 -534.7600 -516.6700
3.7687017723e+00 -6.2237965971e-01 3.2872429679e+00
85 82 77
2 11 1186 593.0601 -183.1100 34 636 668.7100 -509.4100
1.3024750488e+00 -2.6100658772e-01 1.6533608984e+00
180 180 180
3 11 1193 46.8400 -173.3000 34 640 110.4600 -501.8600 50 1022 -74.9500 129.0000
2.9760894975e+00 -2.1596820027e-01 2.4272978091e+00
145 144 139
3 11 1194 402.5000 -167.8199 34 637 460.5900 -504.1500 50 1603 37.2000 122.3400
-4.1151055438e+00 -1.5324098491e+00 1.1620696889e+00
169 167 156
2 11 1198 -748.2000 -161.7000 34 661 -691.5100 -456.7900
3.7006402986e+00 -4.0489223754e-01 3.1752850093e+00
174 171 166
4 11 1199 578.7400 -159.9301 34 647 651.8101 -486.9399 27 7610 382.6801 145.4500 77 4797 232.7100 -483.4301
4.0433491112e+00 -6.0567076681e-01 3.6996952603e+00
176 170 158
2 11 1200 665.1699 -153.7900 34 437 747.6899 -475.8700
2.8771632229e+00 -1.2171186401e-01 2.3720026441e+00
187 186 181
3 11 1201 381.2700 -155.0699 34 648 438.4600 -489.8300 50 1625 30.5900 128.6200
-5.6291316839e+00 -1.9002837512e+00 1.1623422821e+00
178 176 172
2 11 1203 -917.4000 -154.6801 34 665 -862.8100 -429.1000
3.0158279940e+00 -6.0599953479e-02 2.4954663288e+00
180 179 177
3 11 1207 417.3600 -138.5699 34 656 472.4301 -475.6300 50 1025 42.1200 131.1800
4.9002348849e+00 -7.3796690236e-01 4.7293821918e+00
172 168 158
2 11 1211 869.1799 -113.5500 34 447 965.0500 -429.7600
4.4831937298e+00 -5.0867882027e-01 4.2740454878e+00
190 183 167
2 11 1213 779.4299 -104.8000 34 667 865.0900 -423.0601
3.4940985004e+00 -2.2672201298e-02 3.1006852193e+00
51 46 42
3 11 1215 544.5100 -98.0601 34 448 608.5300 -427.0500 50 1035 88.2900 138.0600
-2.3341569136e+00 -2.8332259318e-01 1.1740520286e+00
159 155 144
2 11 1222 -551.9800 -64.0200 34 676 -490.1200 -371.3199
4.6565245394e+00 -1.5254808707e-01 4.5472976812e+00
81 78 73
2 11 1227 840.1799 -32.1200 34 1061 916.2300 -352.1500
2.7767933508e+00 6.1206887551e-01 2.5051736633e+00
158 151 133
3 11 1231 382.9100 -19.3000 34 1060 428.5000 -358.4100 50 1677 33.6800 173.7900
