# Bundle file v0.3
30 5131
0 0 0
0 0 0
0 0 0
0 0 0
0 0 0
0 0 0
0 0 0
0 0 0
0 0 0
0 0 0
2.2386724094e+03 -1.5184390537e-01 -4.0313284480e-01
9.4861018504e-01 8.9047153000e-02 -3.0365987779e-01
-7.0983526877e-02 9.9501561423e-01 7.0037606636e-02
3.0838296929e-01 -4.4883537894e-02 9.5020282692e-01
5.9812459114e-01 -8.7594993059e-02 -1.2733943471e+01
5.7287516666e+03 2.3388689927e-01 -6.5287924894e-02
9.4177681742e-01 6.8166760729e-02 -3.2925631187e-01
-1.0452829776e-01 9.9006890639e-01 -9.4007422890e-02
3.1957825511e-01 1.2295061335e-01 9.3954929915e-01
1.0227610489e+00 2.0520700558e+00 -1.2832346217e+01
2.2115179435e+03 -1.6139956559e-01 1.5201481425e-01
9.8281535591e-01 1.2784004039e-01 -1.3315742658e-01
-7.9413095211e-02 9.4402028652e-01 3.2018628788e-01
1.6663593997e-01 -3.0410955708e-01 9.3794980719e-01
-1.4325401899e+00 -3.2911422611e+00 -1.2557962879e+01
8.8043812949e+02 -1.8817974792e-01 -1.1438461761e-01
9.9873472309e-01 3.0482177963e-02 -3.9997371535e-02
-3.0034196441e-02 9.9947976112e-01 1.1753899436e-02
4.0334847802e-02 -1.0537738584e-02 9.9913065017e-01
-2.5140440135e+00 6.1804325326e-01 -1.2054503222e+01
3.6915904497e+03 4.2090671076e-02 1.1058522230e+00
9.4576389578e-01 -9.8742592999e-04 -3.2485331833e-01
-7.1734489625e-02 9.7467523986e-01 -2.1180731762e-01
3.1683563000e-01 2.2362290086e-01 9.2174181948e-01
1.1560117882e+00 3.5425594284e+00 -1.3229372668e+01
0 0 0
0 0 0
0 0 0
0 0 0
0 0 0
0 0 0
0 0 0
0 0 0
0 0 0
0 0 0
0 0 0
0 0 0
0 0 0
0 0 0
0 0 0
4.1714568149e+03 -1.9653872454e-02 1.8222282896e-01
9.6481026042e-01 8.5219882987e-02 -2.4875436266e-01
-8.8673920409e-02 9.9605707120e-01 -2.6919776535e-03
2.4754413190e-01 2.4655272217e-02 9.6856286338e-01
3.8834261875e-02 7.9082505055e-01 -1.3483225286e+01
4.7123577284e+05 7.4858820607e-04 0.0000000000e+00
9.3736877080e-01 8.8719029525e-02 -3.3685118572e-01
-2.8205208503e-01 7.6079193819e-01 -5.8450170925e-01
2.0441724207e-01 6.4290322801e-01 7.3816599120e-01
4.8955497692e-01 3.4450623881e+00 -2.9724205855e+02
0 0 0
0 0 0
0 0 0
0 0 0
0 0 0
5.9295500359e+03 1.3287982910e-01 -3.8114490083e-03
9.8870665579e-01 8.7537834022e-02 -1.2163994575e-01
-6.0063450455e-02 9.7509114531e-01 2.1351730667e-01
1.3730087657e-01 -2.0379986738e-01 9.6933692974e-01
-1.7269347444e+00 -1.9602281218e+00 -1.2904233260e+01
0 0 0
0 0 0
0 0 0
0 0 0
0 0 0
2.9251776421e+03 6.3436342331e-04 -6.1010573501e-01
9.6330435565e-01 1.0311274155e-01 -2.4781541702e-01
-8.9343797786e-02 9.9379770587e-01 6.6210313442e-02
2.5310551985e-01 -4.1639912822e-02 9.6654214263e-01
-5.6599346832e-02 -2.0366670242e-03 -1.2953018645e+01
0 0 0
0 0 0
0 0 0
0 0 0
0 0 0
-2.4907172189e+03 -2.9388271337e-02 4.5244332237e-02
9.3761852350e-01 7.3384146375e-02 -3.3983271098e-01
-3.0319909716e-01 6.5090077352e-01 -6.9598742123e-01
1.7012293165e-01 7.5560766943e-01 6.3254662913e-01
5.7911653781e-01 2.5638999547e+00 1.1682806465e+00
0 0 0
0 0 0
0 0 0
0 0 0
0 0 0
0 0 0
0 0 0
0 0 0
0 0 0
0 0 0
0 0 0
0 0 0
0 0 0
0 0 0
0 0 0
0 0 0
0 0 0
0 0 0
0 0 0
0 0 0
1.9658723027e+03 1.7887384876e-01 -2.8640663819e-01
8.9190668216e-01 1.2027400055e-02 -4.5205952259e-01
-2.3293499011e-02 9.9954111609e-01 -1.9364145884e-02
4.5161917943e-01 2.7801059151e-02 8.9177756077e-01
2.8670790952e+00 9.1936157311e-01 -1.2591024872e+01
4.7076952276e+05 8.5913680122e-05 0.0000000000e+00
9.3928753129e-01 1.3680873812e-01 -3.1467809383e-01
-2.0242071334e-01 9.6143026835e-01 -1.8621947779e-01
2.7706459242e-01 2.3861099779e-01 9.3075238563e-01
3.8672379459e-01 2.4564002310e+00 -1.2609426844e+03
1.3720008737e+03 -6.3007637088e-02 6.6703045917e-02
9.1121579578e-01 8.1012825312e-02 -4.0388450782e-01
-3.7892360110e-02 9.9279805012e-01 1.1364946425e-01
4.1018281603e-01 -8.8255049795e-02 9.0772303244e-01
2.0609907339e+00 -5.4441378512e-01 -1.1720090287e+01
-2.4274206480e+03 -1.6769794777e-02 2.5171061891e-02
9.4444654647e-01 5.2658422141e-02 -3.2441919092e-01
-2.7868364447e-01 6.5157311838e-01 -7.0554085474e-01
1.7423015572e-01 7.5675594612e-01 6.3005102242e-01
8.1198060800e-01 2.2576526503e+00 1.4177769046e+00
0 0 0
0 0 0
0 0 0
0 0 0
0 0 0
3.8455142583e+03 7.2875531701e-01 -1.4753371138e+00
9.1695301869e-01 1.3046115520e-01 -3.7706371940e-01
-2.0422158709e-01 9.6531987114e-01 -1.6263790994e-01
3.4276917141e-01 2.2613587369e-01 9.1179595402e-01
1.3995207235e+00 3.1629574251e+00 -1.2940833390e+01
6.4057184293e+03 8.7665897606e-01 1.7124151968e-02
9.4730501249e-01 1.2293317199e-01 -2.9580508538e-01
-9.9425286978e-02 9.9066111926e-01 9.3301442055e-02
3.0451243919e-01 -5.8974418227e-02 9.5068090986e-01
5.1386911970e-01 -8.5055098831e-01 -1.6260532969e+01
4.3777182490e+03 -1.6084345236e-01 -5.1879066006e-01
9.5906518470e-01 8.1207069685e-02 -2.7129206280e-01
-9.5453220687e-02 9.9464140455e-01 -3.9713461448e-02
2.6661330456e-01 6.3983499379e-02 9.6167741870e-01
3.0551899331e-01 1.2197714797e+00 -1.4083869269e+01
9.8293699709e-01 -1.3138465500e+00 2.4749159756e+00
116 98 80
4 17 1916 732.9500 -405.4900 25 1624 975.0000 -695.1500 23 2445 134.6400 200.4900 10 9932 99.6700 -237.7700
1.0136468667e+00 -1.3096226750e+00 2.4669275032e+00
110 94 71
4 17 1915 772.3101 -406.1400 25 2588 1009.9600 -694.2300 23 2444 145.9200 200.4100 10 9934 111.8500 -236.4000
6.7317355171e-01 -1.4238716480e+00 2.5489381380e+00
66 54 40
6 17 1906 328.5400 -468.3000 25 2554 640.3701 -770.5500 23 3470 11.7500 180.6900 11 2288 214.8400 1087.0300 10 15058 -30.9500 -267.8900 27 12447 320.7600 451.1000
5.7269593707e-01 -1.3734880118e+00 2.5791459491e+00
189 176 167
5 17 2920 187.8199 -400.9399 25 3747 511.9500 -710.1899 23 3486 -26.1200 204.3000 10 15091 -70.7300 -244.2400 29 21490 12.4200 -113.6801
6.1464921847e-01 -1.5011096281e+00 2.6655359374e+00
130 112 92
3 17 325 191.1400 -621.0900 25 427 524.8400 -903.7400 11 317 54.5300 910.5400
8.1832564628e-01 -1.4570175599e+00 2.4977385681e+00
210 197 189
3 17 744 544.8500 -517.9000 25 648 830.6699 -812.2000 11 1028 454.5500 1028.7200
5.6068068734e-01 -1.4038193138e+00 2.6307641140e+00
145 128 106
3 17 1157 142.6899 -467.4399 25 1028 475.4500 -768.9000 11 1032 7.7500 1084.4600
8.7608028492e-01 -1.5240643411e+00 2.4905334989e+00
197 180 170
3 17 1884 631.2600 -611.0699 25 1595 914.9099 -897.6200 11 1482 535.6600 928.5801
6.7041339511e-01 -1.4861969258e+00 2.5950134722e+00
163 142 121
5 17 1895 300.2300 -568.7200 25 1597 622.2600 -861.9500 23 2422 1.4400 153.2200 11 1485 175.7600 966.6399 27 7971 309.5500 425.6300
6.6165185311e-01 -1.5379609972e+00 2.6510668697e+00
125 109 93
4 17 2852 258.0000 -666.6300 25 3668 589.2700 -948.0300 23 4981 -12.0300 129.6300 11 2253 126.0900 855.4600
7.4529910860e-01 -1.5417701789e+00 2.5796729563e+00
58 49 34
4 17 1877 408.9500 -649.2500 25 2518 721.0701 -933.8800 23 3437 28.2700 128.3000 11 2258 287.1600 879.8800
7.5695393871e-01 -1.5368941532e+00 2.5618313243e+00
174 158 141
3 17 2871 434.0200 -634.4800 25 2522 744.0000 -920.9900 11 2259 316.2300 897.1000
5.7900263677e-01 -1.5319267369e+00 2.7306095595e+00
115 98 79
3 17 4262 107.2500 -688.2600 25 3660 456.4100 -966.4800 11 3396 -34.2200 828.4200
7.8680493762e-01 -1.5693603785e+00 2.5611409752e+00
72 59 43
3 17 2848 476.0100 -683.4800 25 3659 784.1499 -965.4500 11 3403 356.1801 844.4200
6.1940635601e-01 -1.5187368029e+00 2.6648070546e+00
88 74 61
3 17 2866 195.4100 -639.5100 25 3678 534.0000 -924.7300 11 3418 60.0000 885.7800
6.4410320809e-01 -1.5088691452e+00 2.6541397571e+00
58 50 39
3 17 2874 234.3800 -629.6400 25 2526 564.5801 -912.9700 11 3424 102.4700 896.2100
5.4963853842e-01 -1.5033565348e+00 2.6827451018e+00
143 126 109
5 17 2881 96.4600 -609.5100 25 3683 445.1801 -899.7400 23 5002 -55.2300 147.8400 11 3435 -47.0699 918.7900 27 22019 251.1200 421.7700
3.7493994370e-01 -1.5482607703e+00 2.6771612598e+00
55 51 36
4 17 2888 -133.3500 -595.5699 25 2529 259.6400 -903.2700 23 3453 -120.3400 146.7300 11 3444 -311.1899 949.2800
7.8477278257e-01 -1.5515319194e+00 2.5561175901e+00
97 80 54
3 17 6471 474.3199 -657.9500 25 5602 781.0701 -941.6400 11 4991 358.9200 872.3000
3.2847673042e-01 -1.6118679420e+00 2.6895624155e+00
75 62 43
3 17 4270 -211.1600 -663.7700 25 5593 205.0400 -971.7300 11 4995 -400.5601 880.8000
3.7276717671e-01 -1.5388378446e+00 2.6764501581e+00
153 133 109
4 17 6510 -134.7200 -583.0500 25 5624 257.3300 -891.6400 23 6939 -120.6500 150.3800 11 5026 -312.5500 962.1599
4.5834464769e-01 -1.4701025904e+00 2.6634036848e+00
156 136 112
3 17 4308 -8.7300 -526.7000 25 5652 354.9100 -831.9301 11 5062 -168.8101 1020.1499
7.4647257763e-01 -1.4613188246e+00 2.5260401617e+00
173 150 132
4 17 6544 436.3000 -517.8900 25 8499 738.7000 -816.5601 23 6958 39.3900 162.9400 11 5067 330.5500 1029.9600
7.0186668889e-01 -1.4384396222e+00 2.5355116307e+00
70 58 41
3 17 6558 372.9200 -483.6300 25 5670 680.7200 -785.0100 11 5073 263.5601 1068.6201
2.9116248601e-01 -1.5096297796e+00 2.6397450520e+00
167 149 125
5 17 4317 -219.5500 -493.2500 25 5662 182.6700 -816.3700 23 6972 -144.4100 173.8100 11 5078 -413.5601 1071.3899 27 22079 165.7400 435.8700
3.1148557269e-01 -1.6225042264e+00 2.6965511863e+00
157 138 116
3 17 9414 -239.7100 -675.3800 25 8439 183.9500 -983.6600 11 7268 -432.6300 868.3800
1.9702364291e-01 -1.6469964967e+00 2.6811840838e+00
79 70 53
2 17 9440 -402.8199 -651.9000 25 11917 52.8101 -974.5100
7.9466828764e-01 -1.4695190500e+00 2.5082171499e+00
152 132 109
3 17 6535 509.0500 -531.2400 25 8495 802.2300 -826.3300 11 7392 412.3199 1014.7200
4.4919247278e-01 -1.4723093956e+00 2.6682299126e+00
142 124 104
3 17 9513 -23.1100 -529.0699 25 8492 341.6500 -835.7100 11 7396 -184.3101 1017.4299
9.5571965462e-01 -1.4482894550e+00 2.4500693436e+00
169 149 124
3 17 9517 748.3000 -521.8500 25 8502 1003.4199 -808.2400 11 7398 685.3101 1020.5400
3.4104305697e-01 -1.5102517560e+00 2.6506262493e+00
144 126 106
3 17 9520 -159.5000 -520.3600 25 8490 233.1700 -836.7200 11 7412 -344.2700 1037.0901
6.7603150652e-01 -1.4424995892e+00 2.5713431560e+00
61 48 31
3 17 6554 320.2100 -505.3000 25 8503 633.7700 -802.6500 11 7414 204.4000 1040.1499
7.9577166076e-01 -1.5719820189e+00 2.5531462641e+00
153 132 110
3 17 9402 492.4500 -684.3700 25 8445 799.8899 -966.5400 11 10374 373.9700 845.1300
3.0073110799e-01 -1.6150123195e+00 2.6966574540e+00
161 143 128
3 17 13625 -253.0900 -662.2900 25 11918 170.9700 -972.1200 11 15168 -447.3500 882.4100
8.2304667166e-01 -1.5069575757e+00 2.5017688689e+00
134 120 107
3 17 19807 553.3201 -579.3800 25 15557 845.6899 -872.1000 11 15327 453.3199 962.9199
5.1411983614e-01 -1.4529211762e+00 2.6520832559e+00
100 78 54
3 17 13810 69.7900 -518.8800 25 15559 419.9800 -821.1899 11 15434 -78.4900 1025.9099
1.5689754974e+00 1.9198263553e-01 2.6441570252e+00
90 74 59
2 17 75 889.9199 284.6899 25 77 999.8899 55.1400
-6.2036409708e-01 -1.3541076420e-01 3.2376569609e+00
188 172 157
2 17 79 -917.6300 339.1400 25 76 -621.3800 42.7900
4.6351243791e-01 -1.5128379277e+00 2.6662278010e+00
65 55 45
3 17 120 -5.0500 -579.4700 25 157 363.8400 -879.3900 23 240 -83.5600 154.1000
1.7227198452e+00 -7.6158629178e-02 2.6375726717e+00
179 165 150
2 17 139 1043.7900 126.2000 25 122 1151.1201 -96.9000
4.6954907333e-01 -1.4542507814e+00 2.6511918041e+00
118 100 78
3 17 214 14.8600 -505.7400 25 162 374.4700 -807.6600 23 244 -76.9900 175.3000
1.1282306429e+00 -1.4014002781e+00 2.3683832290e+00
199 183 169
2 17 218 1004.5601 -467.4900 25 255 1225.8601 -757.5500
6.7134455659e-01 -1.3831825535e+00 2.5591280700e+00
189 171 157
3 17 219 317.2100 -430.0100 25 166 627.0500 -734.4100 23 250 9.5300 193.1700
5.4057390481e-01 -1.3767267450e+00 2.6138500569e+00
76 61 42
2 17 220 128.9200 -418.3600 25 167 459.6400 -726.5800
2.0800556475e+00 4.6230786568e-01 2.3700490311e+00
209 200 195
2 17 261 1292.1299 429.6200 25 354 1358.2700 205.5100
9.3784772359e-01 -9.7143231504e-01 2.5129743361e+00
62 53 42
2 17 366 607.2100 -115.9100 25 288 829.1001 -408.5500
1.1408207049e+00 -9.3386975229e-01 2.4348759878e+00
41 36 30
2 17 371 849.9900 -96.2300 25 500 1041.8899 -382.2900
1.0676031715e+00 -4.5615693446e-01 2.5201046001e+00
211 198 190
2 17 407 659.3101 180.5300 25 201 834.1201 -97.4000
2.0084814885e+00 2.4198267007e-01 2.4943822957e+00
188 174 161
2 17 418 1238.1599 285.6799 25 342 1313.4600 65.3401
8.3971411305e-01 -1.5154100380e+00 2.5077077984e+00
81 68 52
2 17 487 571.2900 -598.8199 25 640 862.7100 -888.5200
4.3009456584e-01 -1.4662101768e+00 2.6649815874e+00
151 131 107
3 17 491 -41.2100 -512.8400 25 431 323.7100 -820.8600 23 721 -93.1700 173.0600
-1.0275450653e+00 -1.0556847748e-01 3.3550234266e+00
194 180 169
2 17 623 -1250.8600 385.5400 25 574 -927.5400 79.6200
-1.2445459668e+00 1.0291327067e-01 3.3740515824e+00
181 168 159
2 17 631 -1351.6899 515.4600 25 588 -1032.5500 207.9399
2.1150549081e+00 1.2803937614e+00 2.4026800556e+00
161 154 140
2 17 643 1135.0701 668.7700 25 614 1190.1899 458.1899
1.7817777475e+00 2.8608991373e+00 2.7375861304e+00
173 163 154
2 17 658 707.3799 915.7800 25 626 757.1899 729.9299
1.9121806791e+00 2.6917750047e+00 2.5441597503e+00
112 103 95
2 17 663 822.6001 948.5100 25 627 869.1399 756.4000
1.9121806791e+00 2.6917750047e+00 2.5441597503e+00
112 103 95
2 17 664 822.6001 948.5100 25 628 869.1399 756.4000
7.3777683169e-01 -1.5315686568e+00 2.5979092232e+00
53 46 36
2 17 739 385.3199 -648.4399 25 638 699.5801 -932.2300
5.4620523805e-01 -1.4267171929e+00 2.6394008683e+00
85 72 56
2 17 746 119.9600 -493.6500 25 651 458.6100 -792.9000
7.3710032171e-01 -1.3699432286e+00 2.5323709052e+00
206 190 177
2 17 748 412.7900 -419.8700 25 655 707.5300 -721.0800
8.4684364973e-01 -9.8927111029e-01 2.5534236916e+00
168 145 118
2 17 816 493.3700 -130.4500 25 1117 731.2800 -423.6000
8.4684364973e-01 -9.8927111029e-01 2.5534236916e+00
168 145 118
2 17 817 493.3700 -130.4500 25 1118 731.2800 -423.6000
5.5359059580e-01 -1.0296871650e+00 2.6359061300e+00
36 31 25
2 17 821 146.3199 -126.2700 25 1109 431.2000 -432.0000
1.0317392099e+00 7.2953352516e-03 2.6027251088e+00
196 182 168
2 17 978 549.2700 368.3900 25 880 705.1599 104.0200
8.5386411417e-01 3.0867582982e-01 2.8583686690e+00
187 170 155
2 17 980 319.4600 382.9399 25 883 476.6899 137.6500
-1.0621369719e+00 -8.1823563042e-02 3.3400038213e+00
82 72 56
2 17 988 -1271.5701 413.8101 25 1365 -945.4100 107.1899
-5.4183769465e-01 3.9775697539e-02 3.1938862077e+00
192 176 163
2 17 992 -803.1400 421.9299 25 882 -528.9100 130.4500
-8.8240252013e-01 1.6856226208e-01 3.2913799571e+00
190 176 165
2 17 1011 -1040.3700 500.2300 25 584 -756.0600 203.1899
-8.8240252013e-01 1.6856226208e-01 3.2913799571e+00
190 176 165
2 17 1012 -1040.3700 500.2300 25 585 -756.0600 203.1899
2.1566448666e+00 5.9463251634e-01 2.2935554095e+00
255 255 255
2 17 1013 1345.3000 505.3201 25 1408 1402.6499 279.8900
1.8698618585e+00 1.0867474710e+00 2.5719483418e+00
133 121 108
2 17 1026 969.5400 576.3401 25 948 1041.7700 364.5000
-1.1532625566e+00 6.9283553216e-01 3.3847245321e+00
152 137 123
2 17 1044 -1092.3101 687.2600 25 1471 -836.8500 402.3201
1.7070088331e+00 2.5721803708e+00 2.8054519301e+00
76 67 58
2 17 1056 678.4600 847.4700 25 988 735.5500 659.4399
6.1698699770e-01 -1.5104062282e+00 2.6566957822e+00
110 89 70
2 17 1145 197.5100 -624.5100 25 1591 533.8400 -910.4000
8.6875810020e-01 -1.5257031881e+00 2.5044095734e+00
92 76 60
2 17 1146 611.9900 -619.1500 25 1592 898.7200 -905.7700
5.6827214709e-01 -1.3388413313e+00 2.5845813976e+00
155 137 117
2 17 1169 177.9399 -367.8101 25 1628 500.3300 -677.5699
5.4428731338e-01 -1.3406041314e+00 2.5926905142e+00
153 133 109
2 17 1171 144.6200 -367.1600 25 1629 471.4900 -678.0500
-3.4458830316e-02 -1.4245903873e+00 2.7492363338e+00
109 94 74
2 17 1173 -669.8600 -362.6000 25 1041 -220.0500 -704.9100
-2.9810434071e-02 -1.4051763634e+00 2.7435452842e+00
153 140 124
2 17 1189 -655.3500 -339.9700 25 1042 -210.1400 -682.7300
1.3725052160e+00 -1.1870391204e+00 2.3439582764e+00
152 140 128
2 17 1197 1224.8799 -319.9800 25 1663 1392.5200 -597.4500
8.0552493537e-01 -1.2180712388e+00 2.5157133300e+00
168 144 120
2 17 1207 490.5900 -282.3199 25 1667 755.5901 -583.5800
-4.1189999119e-01 -1.2239587858e+00 2.9013103065e+00
19 19 17
2 17 1237 -1090.0500 -156.6400 25 1083 -628.6800 -509.4700
1.0047361373e+00 -9.8505210924e-01 2.5124343237e+00
41 38 29
2 17 1238 676.8201 -148.8700 25 1711 891.4700 -434.9900
9.5449641727e-01 -9.8338981846e-01 2.5231937371e+00
32 28 25
2 17 1242 620.1399 -138.4200 25 1113 840.4399 -428.2700
7.2479860239e-01 -1.0341114153e+00 2.5680745231e+00
61 55 44
2 17 1243 361.6400 -135.5699 25 1105 620.2500 -438.1200
1.0556175414e+00 -9.6370397525e-01 2.4816948309e+00
47 40 32
2 17 1245 742.3999 -126.1500 25 1133 948.4900 -412.3600
1.2474000828e+00 -9.5725847469e-01 2.3926391695e+00
171 153 134
2 17 1249 989.1499 -117.5300 25 1137 1165.1101 -402.0601
1.2474000828e+00 -9.5725847469e-01 2.3926391695e+00
171 153 134
2 17 1250 989.1499 -117.5300 25 1138 1165.1101 -402.0601
1.1008639643e+00 -9.7494355430e-01 2.4361933051e+00
173 154 139
2 17 1251 818.5400 -115.1400 25 1134 1016.4299 -405.6100
2.0555402458e+00 -7.5451440569e-02 2.5073496028e+00
174 158 135
2 17 1416 1342.0300 119.4600 25 1301 1420.0100 -98.2400
2.8015747349e-01 -1.6312297073e-01 3.1294195230e+00
207 196 186
2 17 1442 -189.1801 158.0200 25 1300 38.4100 -98.8000
1.9385746659e+00 1.8755484419e-01 2.5575379712e+00
125 108 88
2 17 1474 1174.3000 242.7100 25 1335 1256.7500 23.6899
-9.8266600650e-01 -1.3126734966e-01 3.3395574485e+00
96 88 72
2 17 1543 -1222.9200 371.7500 25 1348 -898.9600 67.0200
8.4000252284e-03 7.2258579007e-02 3.0538156104e+00
183 170 154
2 17 1546 -351.6100 380.3000 25 1362 -118.8101 106.0400
8.4000252284e-03 7.2258579007e-02 3.0538156104e+00
183 170 154
2 17 1547 -351.6100 380.3000 25 1363 -118.8101 106.0400
-1.1319719900e+00 -1.5802829665e-01 3.3505975067e+00
117 100 82
2 17 1556 -1360.3900 392.8301 25 1352 -1019.3000 80.7200
-1.0995833009e+00 -1.1817445966e-01 3.3461029707e+00
106 94 76
2 17 1559 -1316.8000 404.5300 25 1359 -983.6500 94.7900
-9.9337457255e-01 -3.7012984562e-02 3.3147788353e+00
97 84 67
2 17 1568 -1197.7500 430.8101 25 2183 -881.6800 126.6000
9.2404888248e-01 4.4358823931e-01 2.8069329874e+00
92 82 73
2 17 1570 379.1801 447.7700 25 1394 525.3700 203.5000
-1.2761363459e+00 5.5869129188e-02 3.4149929034e+00
163 150 134
2 17 1591 -1394.1000 480.1400 25 1386 -1070.7800 171.3201
-1.3162643764e+00 1.1207381836e-01 3.3991182822e+00
174 162 150
2 17 1604 -1405.2300 522.4700 25 1398 -1083.4299 212.3800
1.9524066381e+00 1.1133375725e+00 2.5869861233e+00
57 54 49
2 17 1613 1005.1799 558.6699 25 1441 1073.4299 351.3201
8.6137461731e-01 9.9108758913e-01 2.8881422017e+00
168 152 136
2 17 1628 305.4500 599.1899 25 1446 434.1801 366.7400
1.9972706430e+00 1.0292559064e+00 2.4180173588e+00
179 165 150
2 17 1632 1107.5100 613.9100 25 1460 1172.1001 396.6200
1.8489617272e+00 1.4979008943e+00 2.4179739685e+00
93 86 78
2 17 1685 957.6399 774.9399 25 1527 1020.4800 557.6400
1.6192007200e+00 2.5519127081e+00 2.8717219889e+00
115 103 92
2 17 1697 625.6399 829.7700 25 1535 687.7800 642.7500
-9.2884092188e-01 2.4486659128e+00 3.5693878167e+00
138 123 106
2 17 1725 -642.2800 947.2700 25 1548 -494.7300 720.9000
8.1337207343e-01 -1.5670037745e+00 2.5531925004e+00
61 54 37
2 17 1870 513.3700 -685.4900 25 2507 817.3101 -966.6400
7.7584262795e-01 -1.5447090497e+00 2.5619296001e+00
168 151 136
2 17 1876 457.1300 -651.3700 25 2517 765.9199 -936.2800
4.7200500820e-01 -1.5413526212e+00 2.6992433042e+00
49 43 30
3 17 1879 -11.6500 -639.9200 25 1582 357.6600 -931.7900 23 3446 -85.8000 139.7300
4.7303409744e-01 -1.5393853240e+00 2.7020426315e+00
49 43 30
2 17 1880 -11.6500 -639.9200 25 1583 357.6600 -931.7900
7.5980645767e-01 -1.4626051742e+00 2.5291921007e+00
77 65 51
2 17 1901 450.3700 -525.3000 25 1603 751.3701 -822.1899
6.2676593487e-01 -1.4366868144e+00 2.6000292058e+00
135 117 96
2 17 1903 240.6100 -503.4800 25 1606 565.7100 -800.9399
3.4322604361e-01 -1.4852115382e+00 2.6471835544e+00
85 72 55
3 17 1904 -150.0400 -488.0400 25 2550 238.9500 -808.0900 23 3469 -124.8800 175.3700
5.9106879266e-01 -1.3808561767e+00 2.5892201778e+00
72 59 43
3 17 1912 202.6801 -421.8199 25 2564 526.3400 -729.2100 23 3481 -22.3200 197.6900
9.5680097340e-01 -1.3144964069e+00 2.4841382750e+00
120 102 80
2 17 1917 697.1599 -404.1500 25 1625 944.1299 -694.7900
4.9556459187e-01 -1.3519169302e+00 2.6072583678e+00
171 156 143
3 17 1927 77.3000 -371.6500 25 1627 414.5900 -686.2200 23 2453 -57.6300 214.3300
1.0385820540e+00 -1.1459707172e+00 2.4656163564e+00
180 162 148
2 17 1983 768.8101 -259.4700 25 1684 988.3101 -549.0200
1.4562970072e+00 -1.0363073635e+00 2.3597642028e+00
177 159 142
2 17 1991 1243.6599 -227.1400 25 2688 1394.5801 -497.6700
9.3760278860e-01 -1.1111650380e+00 2.5054473538e+00
182 160 139
2 17 1993 629.8601 -224.7700 25 1687 863.0601 -517.3900
1.4345492779e+00 -9.7100614632e-01 2.3842340736e+00
165 148 133
2 17 2004 1182.1399 -184.4000 25 2722 1334.5300 -454.1000
1.4631461717e+00 -9.4019737005e-01 2.3761816516e+00
176 163 146
2 17 2013 1205.5000 -163.3600 25 1713 1352.6101 -432.3500
2.6780358780e-01 -1.1094375491e+00 2.7057909591e+00
64 52 40
2 17 2019 -203.7900 -146.4200 25 2713 134.1200 -467.3101
2.6829335725e-01 -1.0951335307e+00 2.6962495722e+00
182 166 151
2 17 2034 -197.1801 -126.7800 25 2729 137.7800 -450.3900
1.0848560866e+00 -9.6947554467e-01 2.4469848060e+00
53 45 34
2 17 2039 793.9399 -114.1400 25 2759 995.3999 -403.3101
1.3128841007e+00 -8.9687045096e-01 2.3968979476e+00
173 156 134
2 17 2048 1034.3201 -95.9600 25 1730 1199.0200 -374.7500
1.0765521627e+00 -9.4405904349e-01 2.4320245802e+00
74 61 45
2 17 2053 791.0200 -79.3400 25 2766 989.1899 -373.3800
7.6655107747e-01 -8.9843701174e-01 2.5460926307e+00
87 69 47
2 17 2066 408.8500 -28.5500 25 1749 649.2400 -330.4399
3.1507379719e-01 -9.7715707776e-01 2.6663575768e+00
66 54 39
2 17 2068 -118.3800 -26.7200 25 1744 193.9600 -350.1500
-3.3974386205e-01 -1.0564377662e+00 2.8646838738e+00
56 46 34
2 17 2075 -924.1400 -17.2900 25 1736 -506.3100 -365.9900
1.0901049442e+00 -6.7780910071e-01 2.4642361768e+00
177 160 144
2 17 2154 739.0400 79.6899 25 1886 921.2100 -207.0100
1.0901049442e+00 -6.7780910071e-01 2.4642361768e+00
177 160 144
2 17 2155 739.0400 79.6899 25 1887 921.2100 -207.0100
1.6277799788e+00 -1.0354963405e-01 2.6491966607e+00
80 69 52
2 17 2206 977.2800 130.1100 25 1957 1091.3899 -97.8500
-1.4929863358e-01 -7.9604626505e-01 2.8269871469e+00
66 59 43
2 17 2207 -619.3800 131.4299 25 2876 -271.5800 -201.5900
-2.2429954807e-01 -8.1976842687e-01 2.8254881951e+00
191 174 158
2 17 2212 -705.2200 141.9900 25 1901 -343.1899 -197.6400
2.0888868074e+00 -3.9908256782e-02 2.4706002167e+00
181 167 150
2 17 2221 1375.3201 150.3000 25 1972 1449.2800 -68.7200
1.0732747022e+00 -3.9440397809e-01 2.5994804946e+00
159 142 122
2 17 2224 620.6399 159.1699 25 1952 791.4299 -109.1700
3.1759520814e-01 -1.4367578705e-01 3.1199366851e+00
185 174 168
2 17 2225 -156.1600 163.6699 25 1962 66.9500 -91.8800
2.0447052287e+00 2.2644536532e-02 2.5007435605e+00
92 83 68
2 17 2229 1312.4900 174.1000 25 1995 1388.7900 -44.9600
2.0447052287e+00 2.2644536532e-02 2.5007435605e+00
92 83 68
2 17 2230 1312.4900 174.1000 25 1996 1388.7900 -44.9600
7.7972474790e-01 1.1245818318e-01 2.9765208056e+00
133 112 91
2 17 2266 233.5900 250.4800 25 3062 406.6300 9.5200
1.9740862816e+00 1.7739082570e-01 2.5110474294e+00
89 82 70
2 17 2270 1222.3000 256.3600 25 3082 1301.5801 35.4099
-1.0769672825e+00 -3.4380454910e-01 3.3990367254e+00
83 70 53
2 17 2273 -1389.0699 259.1899 25 3006 -1031.9100 -49.8101
1.7488067810e+00 2.4007027745e-01 2.6293069372e+00
89 77 61
2 17 2278 1006.8999 269.9800 25 2096 1103.6399 48.5200
1.9730490269e+00 3.0925018609e-01 2.5208134216e+00
84 72 60
2 17 2300 1186.9600 306.9500 25 2144 1265.8401 88.3401
2.0788562670e+00 3.4033504334e-01 2.4788654661e+00
30 35 34
2 17 2305 1267.2400 318.4099 25 2159 1337.6599 101.6000
2.0788562670e+00 3.4033504334e-01 2.4788654661e+00
30 35 34
2 17 2306 1267.2400 318.4099 25 2160 1337.6599 101.6000
2.0077547100e+00 4.0927360015e-01 2.5180941874e+00
89 83 71
2 17 2314 1189.4099 341.1000 25 2181 1263.2800 124.0100
8.4285717711e-01 1.9336689400e-01 2.8531807093e+00
183 171 157
2 17 2315 315.9100 342.1400 25 2147 478.6600 93.6899
2.0144349856e+00 4.3977019694e-01 2.5042582072e+00
172 155 137
2 17 2325 1193.0100 359.1300 25 2193 1266.7200 142.0901
9.0610408094e-01 3.2223569120e-01 2.8481974915e+00
111 105 93
2 17 2336 358.2500 381.9099 25 2191 510.1500 137.6599
3.1726275876e-02 1.0327535311e-01 3.0503660371e+00
182 166 150
2 17 2345 -328.9301 389.5300 25 2178 -100.4700 116.5901
3.1726275876e-02 1.0327535311e-01 3.0503660371e+00
182 166 150
2 17 2346 -328.9301 389.5300 25 2179 -100.4700 116.5901
6.3292088551e-01 3.0141708028e-01 2.9148938403e+00
175 161 148
2 17 2350 152.0000 401.2600 25 3205 323.8900 149.0901
5.9870765458e-01 3.1592989178e-01 2.9270633178e+00
176 163 146
2 17 2359 125.3800 408.1300 25 2204 298.8800 155.5801
6.8976921748e-01 3.2943907082e-01 2.8850780102e+00
194 176 162
2 17 2361 199.7000 415.7000 25 2209 366.6600 164.5701
1.7969093885e-01 2.3141286637e-01 3.0211748591e+00
169 156 143
2 17 2366 -198.5400 422.2200 25 2205 9.4399 156.0300
4.4175936305e-01 3.2155498772e-01 2.9636355823e+00
175 162 153
2 17 2367 7.4800 427.1400 25 2213 191.3700 170.1500
2.1376931473e-01 2.5077641468e-01 3.0136102455e+00
170 159 147
2 17 2369 -170.5200 425.9000 25 2206 33.8400 161.1400
-6.2020935861e-01 3.1846236494e-02 3.2068330758e+00
53 46 32
2 17 2375 -868.1000 431.1300 25 3190 -587.6800 136.1200
-1.1911409091e+00 -2.2923630850e-02 3.3643525314e+00
76 66 55
2 17 2392 -1355.6200 458.4099 25 2198 -1027.9900 146.6400
-1.1911409091e+00 -2.2923630850e-02 3.3643525314e+00
76 66 55
2 17 2393 -1355.6200 458.4099 25 2199 -1027.9900 146.6400
1.7318234507e+00 1.0408274692e+00 2.7106600007e+00
7 16 23
2 17 2421 850.8999 519.8101 25 2272 932.1201 310.3700
1.7520702965e+00 1.0059129229e+00 2.6172899417e+00
54 49 44
2 17 2428 898.6899 553.3201 25 2278 979.0601 338.8900
1.9912579567e+00 1.0872461074e+00 2.4817064152e+00
139 123 110
2 17 2453 1070.3401 598.3401 25 2302 1134.1299 384.9800
1.9677723751e+00 1.2245533442e+00 2.4876366845e+00
47 42 36
2 17 2478 1033.9700 640.0800 25 2337 1097.0400 427.9199
6.3240147064e-01 1.0943960335e+00 2.9373968031e+00
63 59 51
2 17 2481 159.4900 652.7900 25 2329 296.3700 416.3600
6.3240147064e-01 1.0943960335e+00 2.9373968031e+00
63 59 51
2 17 2482 159.4900 652.7900 25 2330 296.3700 416.3600
-1.0162095223e+00 8.5111345600e-01 3.3530512572e+00
164 149 131
2 17 2511 -957.0400 720.3700 25 2348 -721.7300 442.5200
2.1229288142e+00 1.3675491986e+00 2.3412424805e+00
96 92 81
2 17 2513 1148.9600 723.8900 25 2383 1199.5200 509.9299
-5.8972609381e-01 1.0486734402e+00 3.2235898537e+00
145 137 124
2 17 2524 -631.5400 752.2600 25 2375 -430.9600 486.6100
1.6847327853e+00 2.5844307588e+00 2.8749253874e+00
77 69 58
2 17 2543 650.7300 823.2100 25 2441 710.8000 638.6500
6.9980440727e-01 2.4095948461e+00 3.0005488403e+00
171 158 145
2 17 2575 195.3199 908.9299 25 2449 288.2500 698.7800
1.2408705318e+00 2.8714626474e+00 2.9532845347e+00
162 144 132
2 17 2576 435.4000 917.0000 25 2456 502.8400 726.1899
1.0937387881e+00 2.7953168256e+00 2.9618508991e+00
175 157 145
2 17 2580 372.4800 924.5100 25 2459 447.9500 730.8400
1.7868411764e+00 2.9995653407e+00 2.7092807427e+00
171 154 143
2 17 2586 706.7500 950.0801 25 2470 754.8601 765.0701
9.0222381335e-01 -1.5579347463e+00 2.4860406774e+00
93 77 61
2 17 2858 673.5400 -656.3500 25 2515 956.7000 -941.0601
5.2960753795e-01 -1.5071933754e+00 2.6838292155e+00
142 125 107
2 17 2882 72.6300 -609.7300 25 3684 425.6400 -900.0699
5.2960753795e-01 -1.5071933754e+00 2.6838292155e+00
142 125 107
2 17 2883 72.6300 -609.7300 25 3685 425.6400 -900.0699
5.4454663790e-01 -1.4911110731e+00 2.6819548853e+00
44 35 25
2 17 2886 93.8300 -595.1700 25 2531 440.7700 -885.5699
4.9393711406e-01 -1.4560449608e+00 2.6494081237e+00
89 76 60
3 17 2901 47.7900 -513.8500 25 2549 400.2900 -816.4301 23 3468 -68.2200 173.0500
3.6574106125e-01 -1.4659857233e+00 2.6396969613e+00
77 64 48
2 17 2907 -114.2400 -469.2700 25 3719 266.0800 -788.6700
1.4367120944e+00 -1.2506180914e+00 2.3511912569e+00
154 137 117
2 17 2917 1312.8401 -408.5000 25 3785 1473.1799 -677.5400
5.6624968785e-01 -1.3729732117e+00 2.5954356711e+00
75 61 48
3 17 2918 168.9301 -409.6899 25 2568 496.4900 -718.3400 23 3484 -31.5900 202.0600
6.9688384861e-01 -1.3279996132e+00 2.5532959056e+00
155 138 122
3 17 2939 349.9301 -378.0100 25 2599 646.7800 -682.7600 23 3490 21.9300 211.0200
7.7178637901e-02 -1.4014063036e+00 2.7135635348e+00
168 152 129
2 17 2952 -505.2200 -352.1300 25 2590 -80.5500 -689.1400
1.4795020385e+00 -1.0662308357e+00 2.3519732274e+00
126 113 96
2 17 2989 1284.2300 -254.2300 25 2678 1431.5601 -524.1300
1.4688792150e+00 -1.0397580568e+00 2.3488383019e+00
89 74 59
2 17 2996 1266.4700 -225.7200 25 3933 1413.7400 -497.6899
1.4602215657e+00 -1.0240650430e+00 2.3523396729e+00
65 52 35
2 17 3002 1249.0601 -212.5699 25 3944 1398.1499 -484.3700
6.5883217849e-01 -1.1545819650e+00 2.5656479191e+00
187 166 147
3 17 3007 293.4399 -211.9800 25 3922 577.3899 -520.6200 23 3610 15.6200 275.7100
1.3370858454e+00 -9.9663250708e-01 2.3900325587e+00
76 60 45
2 17 3025 1090.8201 -176.9301 25 2724 1256.4900 -454.0200
4.8013862837e-01 -1.1114904305e+00 2.6437477752e+00
55 46 31
3 17 3034 59.9100 -173.8500 25 2695 363.2400 -484.9600 23 3627 -55.3900 297.7200
1.4727508388e+00 -9.2589606778e-01 2.3708366788e+00
39 31 25
2 17 3051 1214.5400 -150.9700 25 4006 1358.1399 -421.0300
1.1031088898e+00 -9.7607720026e-01 2.4739775049e+00
131 114 96
2 17 3056 797.2900 -145.6100 25 3993 996.7800 -429.4600
7.6716051581e-01 -9.9383909683e-01 2.5646401293e+00
95 79 59
2 17 3077 405.6899 -115.4900 25 4022 654.7600 -414.4399
7.7164184775e-01 -9.7880281904e-01 2.5573214849e+00
175 155 133
2 17 3093 413.7300 -99.2000 25 2760 659.5300 -399.9500
1.0018814966e+00 -9.3011493777e-01 2.4907881256e+00
45 38 28
2 17 3099 678.4800 -88.7800 25 4057 888.4700 -379.2300
4.6861277572e-01 -9.1667283052e-01 2.6230198185e+00
73 60 45
2 17 3162 67.3000 -0.4900 25 4167 350.6500 -316.6400
-5.7683133363e-01 -1.0665784288e+00 2.9293395607e+00
122 105 88
2 17 3167 -1212.9299 6.5601 25 4089 -760.3600 -352.9399
6.2638416031e-02 -9.6179521563e-01 2.7292328827e+00
81 65 54
2 17 3181 -411.5400 22.0900 25 4192 -65.0601 -312.8500
-5.2407182212e-02 -9.7549043604e-01 2.7593447215e+00
76 64 48
2 17 3182 -550.0800 27.9000 25 4193 -185.3400 -312.3600
1.2098581124e+00 -6.3811669996e-01 2.4548256793e+00
184 167 150
2 17 3214 846.1799 74.6600 25 2869 1011.2100 -204.8101
1.1951888558e+00 -6.5663618625e-01 2.4247357605e+00
73 69 57
2 17 3222 852.5901 88.8700 25 4339 1021.1899 -194.7200
1.8164055503e+00 -5.9917061353e-02 2.6283651464e+00
54 44 31
2 17 3234 1110.0500 116.2200 25 4424 1209.7200 -102.9100
2.1047761208e+00 -9.3768757772e-02 2.4615882046e+00
178 161 143
2 17 3240 1406.6001 124.7400 25 4434 1480.1001 -94.1300
6.8045149963e-02 -2.4145240368e-01 3.1626880115e+00
187 169 155
2 17 3261 -372.4399 154.3000 25 2942 -122.6200 -113.3101
2.0635321642e+00 -1.5411926051e-02 2.4884722582e+00
71 63 44
2 17 3263 1340.9700 157.8500 25 4481 1418.0500 -60.3800
2.0644678402e+00 6.2459345140e-03 2.4780988855e+00
175 160 144
2 17 3275 1341.4800 174.2200 25 4506 1417.6699 -44.8900
2.0801510545e+00 2.7258770278e-02 2.4704244993e+00
71 62 53
2 17 3284 1351.1499 185.1000 25 3028 1424.5200 -34.3900
1.8053759165e+00 4.6052278445e-02 2.5957519185e+00
91 82 67
2 17 3286 1096.4399 188.8401 25 2005 1193.3899 -33.4399
2.0355781234e+00 3.1317975699e-02 2.4814240638e+00
184 169 149
2 17 3293 1313.4600 191.4500 25 3038 1391.4800 -28.7600
9.4881165937e-02 -1.1830777619e-01 3.1699625945e+00
163 145 121
2 17 3303 -334.7300 202.9299 25 2995 -97.4301 -60.6700
2.0446090933e+00 9.3169682825e-02 2.4867971513e+00
69 61 50
2 17 3308 1301.6899 215.2800 25 3055 1376.4900 -4.7300
2.0062751335e+00 1.5017801299e-01 2.5032652901e+00
88 78 66
2 17 3323 1254.0901 241.0901 25 3069 1330.6299 20.5300
1.9196911845e+00 1.8553453472e-01 2.5285169167e+00
178 161 147
2 17 3348 1175.5901 262.8101 25 3085 1260.1799 41.3800
1.5510514087e+00 2.1300747753e-01 2.6750328926e+00
62 52 39
2 17 3363 861.5701 279.9900 25 3098 973.3999 52.6899
1.8924419026e+00 2.3805339478e-01 2.5384422976e+00
89 77 63
2 17 3366 1142.6799 286.8401 25 4626 1226.6599 64.3101
7.5289076918e-01 1.5686249120e-01 2.9427786066e+00
128 111 95
2 17 3374 224.8199 295.6400 25 3094 397.7400 51.2300
1.8665433138e+00 2.5598266105e-01 2.5444157893e+00
78 69 54
2 17 3376 1119.1101 297.1599 25 4643 1205.1899 74.3101
1.7840986586e+00 2.4908874639e-01 2.5639603477e+00
160 147 124
2 17 3380 1056.6699 302.4199 25 3135 1151.1399 78.4399
1.5216199576e+00 2.6843579652e-01 2.6553982821e+00
178 159 135
2 17 3405 842.5400 321.9199 25 3152 954.2000 91.9500
1.5216199576e+00 2.6843579652e-01 2.6553982821e+00
178 159 135
2 17 3406 842.5400 321.9199 25 3153 954.2000 91.9500
2.0808451801e+00 3.9286539032e-01 2.4869834936e+00
32 33 32
2 17 3413 1252.7700 334.7000 25 3177 1322.1799 118.7800
8.9412254198e-01 1.7373338356e-01 2.8314273733e+00
72 63 51
2 17 3418 359.3500 334.1500 25 3143 519.0601 85.9800
2.0798803271e+00 3.6703517315e-01 2.4630202512e+00
160 148 132
2 17 3424 1269.3501 338.1200 25 3178 1338.9600 120.3401
2.5770500039e-02 2.2422660848e-02 3.0709383462e+00
82 71 57
2 17 3436 -348.2300 344.4600 25 4639 -114.4800 70.5400
2.5770500039e-02 2.2422660848e-02 3.0709383462e+00
82 71 57
2 17 3437 -348.2300 344.4600 25 4640 -114.4800 70.5400
8.3482043276e-01 2.2781509370e-01 2.8524137129e+00
91 79 67
2 17 3454 310.1500 358.9600 25 4696 471.4100 110.2300
7.7691824450e-01 2.4481590364e-01 2.8757525374e+00
187 173 160
2 17 3462 262.5699 366.3700 25 3176 427.2300 117.0601
-1.2307758218e+00 -2.2261232048e-01 3.3546312972e+00
66 54 40
2 17 3478 -1473.7500 389.0901 25 3125 -1115.3600 68.5300
2.0403040855e-01 2.0678228844e-01 3.0458556174e+00
59 51 40
2 17 3480 -188.7200 391.5701 25 4739 18.6200 128.0901
-7.2495976615e-01 -1.0203047729e-02 3.2770728064e+00
59 53 41
2 17 3486 -969.1800 396.0901 25 3161 -678.1900 101.8500
6.7121890395e-03 1.0737467313e-01 3.0487795042e+00
88 80 62
2 17 3489 -346.5699 398.8800 25 4725 -117.0500 124.0400
-1.1884347840e+00 -1.6973044034e-01 3.3603675689e+00
180 167 151
2 17 3491 -1413.0100 397.7200 25 3137 -1067.2900 80.8301
-1.2132981526e+00 -1.9242726899e-01 3.3510066116e+00
65 56 44
2 17 3496 -1445.0500 400.3101 25 3139 -1092.5000 81.1500
-9.4759832081e-01 -2.5464064158e-02 3.3393652234e+00
73 64 49
2 17 3505 -1156.7100 408.1599 25 3169 -847.7300 108.4000
5.7380754327e-01 3.0034584193e-01 2.9231232857e+00
157 141 126
2 17 3507 108.4600 410.2100 25 3213 285.2400 156.4299
-5.5521844875e-01 -1.1353894093e-02 3.1841439911e+00
56 51 39
2 17 3508 -825.8100 410.2700 25 3175 -545.3200 115.6799
-1.0819843179e+00 -1.0062017120e-01 3.3414574543e+00
152 137 118
2 17 3509 -1295.2700 410.2400 25 4683 -965.3300 101.8800
-1.1968708495e+00 -1.5725216127e-01 3.3489508693e+00
58 51 38
2 17 3512 -1415.6300 412.7500 25 4675 -1069.3500 95.3401
-5.8757909459e-01 1.5191504614e-02 3.1980526191e+00
50 44 31
2 17 3518 -845.8500 421.2200 25 3182 -566.1000 126.6699
-1.1211658317e+00 -9.5388700177e-02 3.3401632498e+00
176 162 147
2 17 3523 -1325.8900 424.4199 25 3174 -993.7500 112.8600
1.8909487399e-01 2.5957513672e-01 3.0118080472e+00
71 63 51
2 17 3533 -186.9200 436.6100 25 3233 18.5800 170.5801
2.2350082434e-01 2.7233679239e-01 3.0016935188e+00
95 86 71
2 17 3536 -159.1000 438.9299 25 4805 43.6600 174.3500
-8.2238921195e-01 4.5695610713e-02 3.2842521242e+00
82 71 53
2 17 3540 -1030.8000 439.8500 25 3200 -737.2200 143.4000
-1.1189349458e+00 -8.5116375303e-02 3.3215058855e+00
75 66 53
2 17 3541 -1320.4100 440.0200 25 3183 -987.8800 127.9199
-4.6709496784e-01 1.0900174573e-01 3.1745301894e+00
95 81 66
2 17 3542 -726.5600 442.6899 25 3214 -463.2200 155.7800
-1.1540882968e+00 -7.4054997973e-02 3.3367261236e+00
175 159 144
2 17 3545 -1345.3201 444.7000 25 3187 -1012.5500 131.5601
3.5741452379e-02 2.6114836630e-01 3.0415978326e+00
201 184 176
2 17 3557 -303.8300 457.0100 25 2223 -86.7300 187.0500
1.3310693840e-01 3.0135929937e-01 3.0242304821e+00
92 79 63
2 17 3558 -225.4100 459.0400 25 3244 -18.5800 192.4199
-6.9848419827e-01 1.0049322726e-01 3.2330568625e+00
195 182 171
2 17 3562 -913.4500 462.5801 25 3230 -633.9900 168.3101
-8.2648242795e-01 6.7998316183e-02 3.2651720286e+00
170 153 135
2 17 3563 -1026.0701 462.1699 25 3224 -733.8000 164.1100
1.1247118495e+00 4.7444176002e-01 2.6260258823e+00
57 48 31
2 17 3603 570.4199 517.5200 25 4987 700.1201 267.8700
2.3444269561e+00 1.0645923119e+00 2.4290135594e+00
254 254 254
2 17 3624 1288.4099 542.9800 25 2277 1333.3601 339.3201
1.9966403696e+00 1.0811942602e+00 2.5808232177e+00
46 42 31
2 17 3626 1036.5300 542.9000 25 3334 1102.4299 336.1699
2.3943410583e+00 1.1371768932e+00 2.4127835380e+00
141 132 124
2 17 3640 1306.1399 562.3800 25 3351 1349.9199 361.3301
1.8564962928e+00 1.1340929814e+00 2.5973772032e+00
131 113 99
2 17 3653 946.7100 580.0000 25 3361 1018.9299 369.6500
2.0759375804e+00 1.0527548443e+00 2.4028320799e+00
177 167 157
2 17 3677 1153.7800 611.9500 25 3382 1212.8701 396.6300
-6.3539119849e-01 9.9277632989e-01 3.2313939073e+00
164 150 137
2 17 3754 -671.3200 742.4900 25 3435 -463.9301 475.2300
1.7762749984e+00 2.2375093944e+00 2.7871391246e+00
103 97 85
2 17 3778 736.4199 776.8800 25 5361 797.0100 586.8500
1.7762749984e+00 2.2375093944e+00 2.7871391246e+00
103 97 85
2 17 3779 736.4199 776.8800 25 5362 797.0100 586.8500
-3.2836608562e-01 9.7148424609e-01 3.0308782293e+00
178 161 151
2 17 3783 -453.2900 782.8800 25 3464 -260.8000 510.6700
1.6844032595e+00 2.5264053167e+00 2.8937095993e+00
178 166 153
2 17 3794 649.8799 804.2900 25 3543 710.4700 619.5601
1.4301952729e+00 2.7341537335e+00 2.8789252224e+00
94 86 75
2 17 3852 534.3800 892.3300 25 3577 599.8899 702.9700
-9.1728585708e-01 2.1360323320e+00 3.5606676070e+00
179 170 160
2 17 3855 -678.1600 892.1100 25 3562 -519.7000 659.3400
1.5017729932e+00 2.8042554444e+00 2.8652243411e+00
80 75 65
2 17 3860 564.7800 898.6100 25 3581 626.0100 710.7800
1.3052530423e+00 2.7575400866e+00 2.9163287079e+00
173 160 149
2 17 3867 473.5500 902.2400 25 3580 540.7900 710.2500
-1.4743225916e+00 1.6633164804e+00 3.5521042949e+00
85 77 67
2 17 3871 -1059.1600 908.6300 25 5405 -854.9900 648.4100
1.1252462551e+00 2.7631704955e+00 2.9679475799e+00
75 66 56
2 17 3873 385.8400 911.3500 25 5472 459.8800 717.6100
-1.4053926509e+00 1.9988087320e+00 3.6248018165e+00
171 162 151
2 17 3884 -955.4200 926.1899 25 5439 -772.9600 679.6300
-9.5569325455e-01 2.3676520248e+00 3.5581357341e+00
81 71 61
2 17 3899 -664.9600 942.8501 25 3584 -513.4700 713.7300
-8.6968710814e-01 2.6123897110e+00 3.4747470522e+00
45 47 42
2 17 3941 -585.4900 1007.5200 25 3612 -445.4500 780.9500
-8.5374090689e-01 2.6453997792e+00 3.4516620696e+00
172 159 147
2 17 3946 -572.0400 1020.5300 25 3615 -433.5100 793.9200
-1.3076193492e+00 2.5710767467e+00 3.5881679445e+00
63 60 52
2 17 3952 -806.4500 1026.7000 25 5540 -651.3900 792.6799
-1.5655900636e+00 1.9678429229e+00 3.4745140520e+00
183 174 167
2 17 3953 -1040.7000 1027.3201 25 5520 -848.2700 765.6899
3.9838886093e-01 -1.5536116427e+00 2.6652018635e+00
54 43 27
3 17 4290 -94.8199 -601.7700 25 5616 293.9800 -908.0200 23 6927 -110.0500 144.1000
6.6969827642e-01 -1.4708653028e+00 2.5968165071e+00
92 81 63
2 17 4298 297.1400 -553.6801 25 3706 617.3401 -847.1100
5.1149027553e-01 -1.4750161810e+00 2.6552405513e+00
55 45 32
3 17 4302 65.6899 -545.6500 25 3708 417.8900 -844.4301 23 5018 -63.3700 164.5000
7.6232398133e-01 -1.4746650829e+00 2.5306910713e+00
134 116 95
2 17 4303 453.7000 -540.9301 25 3710 755.6399 -836.8500
6.0453264055e-01 -1.4591322746e+00 2.6058880895e+00
165 150 131
2 17 4310 210.1801 -523.7000 25 3713 541.1600 -823.3700
3.6993018863e-01 -1.4893116239e+00 2.6575417667e+00
78 63 41
2 17 4312 -120.2100 -511.1600 25 5655 263.4500 -825.0100
5.1640067425e-01 -1.3906427932e+00 2.6150313983e+00
113 97 81
2 17 4324 96.9399 -425.6100 25 5679 435.9100 -734.2300
6.2216237157e-01 -1.3817333780e+00 2.5753443048e+00
195 177 163
