# Bundle file v0.3
90 5955
0 0 0
0 0 0
0 0 0
0 0 0
0 0 0
0 0 0
0 0 0
0 0 0
0 0 0
0 0 0
0 0 0
0 0 0
0 0 0
0 0 0
0 0 0
6.2399186283e+02 -1.0924352603e-01 -2.4738404220e-02
7.9886899622e-01 -2.0262158728e-01 -5.6635043855e-01
1.0183121046e-01 9.7352267578e-01 -2.0465581916e-01
5.9282268129e-01 1.0582103812e-01 7.9835028430e-01
6.0132304100e+00 -2.7339134600e+00 -1.0873478663e+01
0 0 0
0 0 0
0 0 0
0 0 0
0 0 0
0 0 0
0 0 0
0 0 0
0 0 0
0 0 0
0 0 0
0 0 0
0 0 0
0 0 0
0 0 0
0 0 0
0 0 0
0 0 0
0 0 0
0 0 0
0 0 0
0 0 0
0 0 0
0 0 0
0 0 0
0 0 0
0 0 0
0 0 0
0 0 0
0 0 0
7.2884249848e+02 3.6084984782e-01 -4.7579958980e-01
-9.5840600520e-01 -3.7698922483e-02 -2.8290761820e-01
-1.4101956590e-01 -7.9923918031e-01 5.8423472568e-01
-2.4813587251e-01 5.9982957905e-01 7.6067934431e-01
2.5456318593e+00 9.9732102320e+00 1.4243867201e+01
-1.4596037986e+03 5.4524321993e-01 -5.2624101906e-01
9.7065609289e-01 7.3483060848e-02 2.2896940647e-01
-1.0364990891e-01 9.8702496298e-01 1.2263123111e-01
-2.1698720172e-01 -1.4276540978e-01 9.6567830671e-01
-1.0417049209e+00 -6.1576406869e-01 5.4672891294e+00
0 0 0
0 0 0
0 0 0
0 0 0
0 0 0
0 0 0
0 0 0
0 0 0
0 0 0
0 0 0
0 0 0
0 0 0
0 0 0
0 0 0
0 0 0
0 0 0
0 0 0
0 0 0
0 0 0
0 0 0
0 0 0
0 0 0
0 0 0
0 0 0
0 0 0
3.8700551448e+03 1.4156479347e-01 1.6818189028e-01
-8.6814224901e-01 4.0329967966e-03 -4.9629907356e-01
-1.3740442324e-01 -9.6283472716e-01 2.3252809001e-01
-4.7691619804e-01 2.7006114698e-01 8.3643165706e-01
7.7322811340e-01 6.6680408467e+00 1.5078306427e+01
0 0 0
0 0 0
0 0 0
0 0 0
0 0 0
0 0 0
0 0 0
0 0 0
0 0 0
0 0 0
0 0 0
0 0 0
0 0 0
0 0 0
0 0 0
0 0 0
0 0 0
0 0 0
0 0 0
0 0 0
5.8025558820e+04 7.8501567319e-04 2.2185229993e-07
9.4351713714e-01 -7.6707721634e-02 3.2232179163e-01
1.3337381940e-03 9.7370184684e-01 2.2782215564e-01
-3.3132104228e-01 -2.1452421518e-01 9.1880668698e-01
1.7160098892e+01 -1.1380555249e+01 -2.4228226247e+03
0 0 0
0 0 0
0 0 0
0 0 0
0 0 0
0 0 0
0 0 0
0 0 0
0 0 0
0 0 0
3.0008194634e+03 1.2931772072e+00 2.5316410494e-01
-8.1786338827e-01 -7.8827968169e-02 -5.6998739421e-01
-2.6705490367e-01 -8.2542618028e-01 4.9734625698e-01
-5.0968731253e-01 5.5897922353e-01 6.5403445713e-01
-9.1061328743e-01 7.9124852630e+00 1.6232582717e+01
0 0 0
0 0 0
0 0 0
0 0 0
0 0 0
7.1036623981e+02 -3.0904831997e-01 7.9408415820e-01
-9.8166084783e-01 -1.4475074962e-01 -1.2405321572e-01
1.3717187725e-01 -9.8823486249e-01 6.7644162041e-02
-1.3238525574e-01 4.9387012981e-02 9.8996720502e-01
-4.4385647974e+00 -4.0862558194e+00 1.1933516684e+01
0 0 0
0 0 0
0 0 0
0 0 0
0 0 0
6.1800878609e+02 1.1709262887e-02 -1.5246012827e-01
-9.0592696561e-01 -7.5910734710e-02 -4.1657399503e-01
-1.4447528405e-01 -8.6934854463e-01 4.7260977587e-01
-3.9802415162e-01 4.8833458643e-01 7.7659906414e-01
1.1759658648e+00 7.5848560742e+00 1.0729624048e+01
0 0 0
0 0 0
0 0 0
0 0 0
0 0 0
0 0 0
0 0 0
0 0 0
0 0 0
0 0 0
0 0 0
0 0 0
0 0 0
0 0 0
0 0 0
0 0 0
0 0 0
0 0 0
0 0 0
0 0 0
-4.9505107607e+03 -8.8705833878e-01 7.5973874348e-02
9.3015297941e-01 6.3294944632e-02 3.6167552430e-01
-1.1468296638e-01 9.8583077897e-01 1.2241524604e-01
-3.4880259764e-01 -1.5534292782e-01 9.2423228826e-01
-1.0564981875e+00 -2.2855032083e+00 2.3068894659e+01
0 0 0
0 0 0
0 0 0
0 0 0
0 0 0
0 0 0
0 0 0
0 0 0
0 0 0
0 0 0
0 0 0
0 0 0
0 0 0
0 0 0
0 0 0
0 0 0
0 0 0
0 0 0
0 0 0
0 0 0
6.3358260593e+04 8.0940895941e-03 5.0171289374e-06
9.5246213612e-01 8.5251824640e-02 2.9248590678e-01
5.6665745659e-02 8.9372353010e-01 -4.4502499370e-01
-2.9934072983e-01 4.4044338812e-01 8.4640696436e-01
-1.2238078118e+00 6.7941757513e-01 -4.6988725494e+01
0 0 0
0 0 0
0 0 0
0 0 0
0 0 0
7.5774911954e+02 -2.2159954294e-01 1.4167736425e-01
-9.7858680142e-01 -3.0219279485e-02 -2.0360419259e-01
8.5622109046e-02 -9.5928512226e-01 -2.6914848810e-01
-1.8718099940e-01 -2.8081817845e-01 9.4133119789e-01
6.9149453474e-01 -1.7517441435e-01 3.4984228112e+00
0 0 0
0 0 0
0 0 0
0 0 0
0 0 0
0 0 0
0 0 0
0 0 0
0 0 0
0 0 0
0 0 0
0 0 0
0 0 0
0 0 0
0 0 0
0 0 0
0 0 0
0 0 0
0 0 0
0 0 0
0 0 0
0 0 0
0 0 0
0 0 0
0 0 0
0 0 0
0 0 0
0 0 0
0 0 0
0 0 0
0 0 0
0 0 0
0 0 0
0 0 0
0 0 0
0 0 0
0 0 0
0 0 0
0 0 0
0 0 0
5.9105080546e+02 -9.5392714041e-02 -1.4882848367e-02
8.9613515247e-01 1.9755768545e-01 3.9738237181e-01
6.8563751321e-03 8.8917620059e-01 -4.5751357840e-01
-4.4372827116e-01 4.1271860295e-01 7.9546752049e-01
-2.7946411585e+00 3.7074106918e+00 -1.0686879801e+01
5.4242453747e+02 1.9198290181e-01 -1.9939327754e-01
9.7607725747e-01 -4.5858268427e-02 -2.1253283669e-01
8.5907826803e-02 9.7930846581e-01 1.8323420554e-01
1.9973240285e-01 -1.9710897494e-01 9.5982030571e-01
-1.7622366790e-01 -1.3640494623e+01 -1.7671405459e+01
0 0 0
0 0 0
0 0 0
0 0 0
0 0 0
0 0 0
0 0 0
0 0 0
0 0 0
0 0 0
6.6118733275e+03 -8.4966175957e-01 -1.0398636744e-01
9.9721666695e-01 6.8488291830e-02 2.9466473141e-02
-7.4043412740e-02 9.5606814023e-01 2.8363935599e-01
-8.7459811876e-03 -2.8503169143e-01 9.5847819104e-01
-3.7540962141e-01 -2.5013017904e+00 -2.6919991673e+01
0 0 0
0 0 0
0 0 0
0 0 0
0 0 0
0 0 0
0 0 0
0 0 0
0 0 0
0 0 0
0 0 0
0 0 0
0 0 0
0 0 0
0 0 0
1.1695970930e+03 -3.1017646431e-01 6.3180058469e-01
9.5371223581e-01 1.8462727283e-01 2.3737257927e-01
-5.3169778307e-02 8.8043612850e-01 -4.7117427594e-01
-2.9598301630e-01 4.3674362474e-01 8.4949929977e-01
-7.7933009264e-01 3.7381276190e+00 -1.1111978977e+01
4.9183179399e+04 8.8801440119e-03 1.7263407780e-05
8.7565050863e-01 9.2598986304e-02 4.7398482515e-01
-1.3004438486e-01 9.9040500727e-01 4.6758737558e-02
-4.6510713250e-01 -1.0258337735e-01 8.7929062658e-01
-3.1735766190e+00 1.8297508600e+01 -8.9432277563e+02
0 0 0
0 0 0
0 0 0
0 0 0
0 0 0
0 0 0
0 0 0
0 0 0
0 0 0
0 0 0
0 0 0
0 0 0
0 0 0
0 0 0
0 0 0
0 0 0
0 0 0
0 0 0
0 0 0
0 0 0
2.5872968637e+02 -1.4716740920e-01 1.2692075643e-02
9.9923838139e-01 3.3156655594e-02 -2.0574093908e-02
-3.6413617821e-02 9.8182939511e-01 -1.8623932810e-01
1.4025176916e-02 1.8684666196e-01 9.8228896936e-01
-1.6433918764e-01 -8.7229071128e-01 -5.5373785986e+00
0 0 0
0 0 0
0 0 0
0 0 0
0 0 0
0 0 0
0 0 0
0 0 0
0 0 0
0 0 0
0 0 0
0 0 0
0 0 0
0 0 0
0 0 0
0 0 0
0 0 0
0 0 0
0 0 0
0 0 0
0 0 0
0 0 0
0 0 0
0 0 0
0 0 0
0 0 0
0 0 0
0 0 0
0 0 0
0 0 0
5.5801706603e+02 1.2034708866e-01 -3.2670253308e-02
9.6526809676e-01 -1.0073623157e-01 2.4105956322e-01
3.1600515949e-02 9.6091883900e-01 2.7502071238e-01
-2.5934322579e-01 -2.5785111304e-01 9.3072761576e-01
3.1245870231e+00 -9.8535938165e+00 -7.1497587200e+00
0 0 0
0 0 0
0 0 0
0 0 0
0 0 0
0 0 0
0 0 0
0 0 0
0 0 0
0 0 0
0 0 0
0 0 0
0 0 0
0 0 0
0 0 0
0 0 0
0 0 0
0 0 0
0 0 0
0 0 0
1.1026479121e+03 1.6954974328e+00 6.0369840777e-01
-9.8410772973e-01 7.7208542328e-02 -1.5990877798e-01
3.3407105228e-02 -8.0394690598e-01 -5.9376202109e-01
-1.7440166743e-01 -5.8966788395e-01 7.8859105057e-01
-2.3239770814e-01 7.7390636324e+00 1.2032296689e+01
6.2220810021e+02 -2.5729623616e-01 7.3662249537e-02
9.9332248515e-01 5.6279104894e-02 -1.0071297262e-01
-1.6064237656e-02 9.3191510390e-01 3.6232054785e-01
1.1424701646e-01 -3.5828326988e-01 9.2659630787e-01
3.2363451410e+00 -1.3354270555e+01 -1.6609708139e+01
0 0 0
0 0 0
0 0 0
0 0 0
0 0 0
0 0 0
0 0 0
0 0 0
0 0 0
0 0 0
0 0 0
0 0 0
0 0 0
0 0 0
0 0 0
0 0 0
0 0 0
0 0 0
0 0 0
0 0 0
0 0 0
0 0 0
0 0 0
0 0 0
0 0 0
0 0 0
0 0 0
0 0 0
0 0 0
0 0 0
0 0 0
0 0 0
0 0 0
0 0 0
0 0 0
0 0 0
0 0 0
0 0 0
0 0 0
0 0 0
0 0 0
0 0 0
0 0 0
0 0 0
0 0 0
0 0 0
0 0 0
0 0 0
0 0 0
0 0 0
0 0 0
0 0 0
0 0 0
0 0 0
0 0 0
0 0 0
0 0 0
0 0 0
0 0 0
0 0 0
-2.4397366266e+00 5.1245174694e+00 2.9826514128e+00
218 219 224
6 11 706 -477.6900 1031.3201 34 576 -361.8500 635.8700 17 742 -273.4301 -530.5900 22 17368 359.6801 -134.7100 25 645 144.3900 -853.5000 77 2412 33.8600 -265.9399
1.6283929404e+00 1.2276958190e+00 2.4271985632e+00
189 184 179
6 11 45 241.6300 147.2100 34 40 282.3700 -197.2700 50 101 -10.0400 239.6200 64 56 132.8500 -9.4000 27 735 311.9900 244.5300 77 493 177.4900 -404.0699
1.9985294418e+00 -1.2698705209e+00 2.9491778243e+00
170 174 173
11 11 220 279.8800 -315.4800 34 185 348.0200 -654.0000 50 383 -4.7900 75.8800 41 325 214.3300 -61.4100 51 3492 45.4200 -538.3300 3 1112 442.4301 -314.3300 10 2109 3.6100 -614.9800 22 9561 480.6801 -295.6000 27 2386 311.6300 120.1500 29 3776 83.9900 -484.3600 77 1590 180.6700 -506.1300
-8.1981108559e-01 -1.6014972852e+00 2.7876018334e+00
161 161 159
7 11 221 -229.4700 -311.1899 34 24 -171.8900 -640.6500 41 187 -108.7800 -58.3199 51 2459 -54.6400 -534.7700 3 693 258.7000 -312.4200 10 2112 -122.8100 -611.8101 22 5896 414.4500 -295.2500
3.0204524366e+00 5.7117801012e-01 3.2415161244e+00
73 61 44
3 11 242 525.0601 6.4800 34 98 577.6300 -326.2600 77 1608 226.9000 -446.9600
-2.9588147625e+00 4.5955398423e+00 2.9698830482e+00
150 139 119
4 11 157 -575.2600 915.1000 34 74 -455.0000 545.9000 17 205 -363.6700 -640.3500 22 6197 349.5900 -152.9200
-1.3265849296e+00 -1.7353802919e+00 2.8050366493e+00
185 187 186
9 11 564 -314.9100 -320.4301 34 187 -260.1400 -648.9100 41 479 -159.0900 -66.9800 51 4888 -71.4100 -536.2700 59 4793 -172.2500 932.9500 3 1795 229.2900 -315.7000 10 4347 -142.5600 -614.9600 22 9562 404.4700 -296.2700 29 5769 -59.6100 -484.2100
-3.0332730223e+00 -3.5400914866e-01 2.7461097756e+00
89 78 67
5 11 397 -596.5900 -53.3600 34 201 -533.6400 -356.1500 64 409 -230.5600 -117.8900 51 4964 -124.2600 -490.7700 22 9676 364.1200 -268.0200
2.9348812796e+00 9.4539999483e-01 3.2457527564e+00
91 80 57
6 11 413 515.8500 79.7000 34 314 567.5601 -251.3600 50 430 85.6000 199.0000 3 1874 524.9000 -179.8500 27 3656 376.6600 208.3101 77 1613 225.0100 -432.6100
3.2368997385e+00 6.5417544755e-01 3.4080039662e+00
168 166 154
5 11 608 571.8999 21.1300 34 311 627.0699 -308.7900 50 648 101.3900 176.7200 3 3796 541.2600 -205.9700 27 5318 386.9800 191.3600
-1.1008542240e+00 9.4479334710e-01 1.8883344253e+00
172 166 150
3 11 421 -325.7600 132.5601 34 214 -263.5300 -195.4400 29 2578 -63.8400 -357.5699
1.8707992355e+00 1.6683276940e+00 2.5860553079e+00
68 55 39
4 11 271 305.6500 238.2500 34 114 344.5200 -107.3100 54 116 444.9200 -83.3000 22 6077 484.2200 -214.9600
-2.0809164513e-01 -1.0823029736e+00 2.7146777159e+00
177 177 175
7 11 574 -126.1801 -240.1600 34 292 -62.2700 -564.7000 64 607 -35.1500 -185.3800 51 4913 -33.7400 -521.1600 59 4815 -121.3400 956.0601 3 1805 296.2700 -287.3900 22 16387 427.6100 -285.5400
2.0979738331e+00 -1.7330807979e-01 2.7980906454e+00
181 181 174
7 11 830 313.5601 -126.5900 34 440 371.1000 -460.6899 50 1036 10.1000 139.2700 58 163 224.1200 260.1600 64 625 152.6200 -134.9700 3 1833 459.4600 -240.8100 10 4381 16.1500 -563.8101
1.7799145662e+00 8.7118431067e-01 2.5066571550e+00
132 127 122
4 11 615 267.2700 75.3400 34 462 311.3000 -264.8800 50 664 -1.5200 211.8500 58 89 206.7700 399.5200
-1.6651566104e+00 4.8825815595e+00 2.9353306336e+00
198 195 190
6 11 487 -335.2100 982.3999 34 395 -235.2200 583.8700 17 490 -155.0699 -567.1200 71 169 202.4900 -506.4900 22 10101 378.7500 -134.3300 25 430 238.9500 -876.4100
-1.8509877242e+00 -1.8197147654e+00 3.0684388944e+00
137 134 128
6 11 1142 -379.5800 -309.9100 34 603 -326.5500 -637.1300 41 1041 -200.3400 -57.9000 59 16909 -190.7500 937.0200 22 27313 396.1700 -294.5100 29 13337 -75.3800 -480.8600
-1.8105510814e+00 -1.6183138398e+00 2.9579985313e+00
175 177 176
6 11 808 -381.4700 -283.0200 34 422 -327.7600 -608.5200 41 724 -199.0700 -42.0000 59 10843 -190.9900 945.0200 10 6418 -158.1200 -604.4199 22 27336 395.8000 -291.1000
-2.3815410234e+00 -1.3117543189e+00 3.4144675729e+00
168 170 171
2 11 820 -431.5000 -199.2100 34 431 -378.6400 -518.1200
1.8700348333e-01 -1.4160377091e+00 2.5611570952e+00
115 112 103
8 11 1141 -69.6600 -314.9900 34 416 -6.5300 -646.0601 50 978 -114.6900 83.7100 41 1038 -9.0000 -63.1600 59 16896 -106.5800 933.3701 10 14131 -83.6300 -614.7400 22 40402 435.2500 -295.5601 77 4764 115.6700 -506.2400
-3.2555878020e+00 -1.4105016257e+00 3.1927187731e+00
86 77 61
3 11 1176 -592.6700 -210.7900 34 633 -534.7600 -516.6700 22 40460 366.6000 -289.6200
-2.5447891143e+00 -1.3960857930e+00 3.4657720792e+00
106 100 88
3 11 1174 -453.4000 -208.0400 34 628 -400.8800 -529.2900 41 1063 -245.6300 5.9099
2.1211655993e+00 -4.6507240307e-01 2.8685808415e+00
97 89 78
8 11 1189 313.3800 -180.0300 34 635 374.2800 -513.7500 50 1015 8.6700 121.1100 58 275 219.8300 225.7900 64 1276 152.4200 -158.7500 59 17060 4.7000 975.6001 3 4850 460.8400 -262.0100 29 20546 96.6500 -447.5200
-4.2219153694e+00 -5.6777142943e-01 3.1963615995e+00
171 170 165
2 11 841 -743.6100 -56.5900 34 453 -678.5800 -347.0900
6.1698296450e-01 1.5608920369e-01 2.4420168415e+00
30 29 26
6 11 1857 24.2400 -43.1600 34 1054 80.0400 -372.3700 50 1679 -83.0400 176.3800 51 15784 -1.9100 -477.7200 3 4891 352.0699 -208.3900 22 40765 446.9500 -256.4301
-2.0250428883e-01 -1.5525614993e+00 2.5480523990e+00
173 173 171
5 11 1709 -140.7100 -330.1200 34 953 -79.5800 -661.3000 41 1531 -50.8600 -72.6500 22 40384 426.0000 -297.6100 77 6852 102.2400 -508.9700
-1.6594123299e-01 -1.5422252053e+00 2.8176314365e+00
79 76 64
6 11 1714 -116.8000 -314.7900 34 956 -53.9600 -644.6801 41 1535 -39.5600 -63.8900 3 5852 298.9200 -315.3700 10 14132 -95.4301 -614.7900 29 20408 -13.1200 -483.5800
-2.2692129463e+00 -8.0101730880e-01 2.9439276265e+00
95 85 68
3 11 2750 -449.5800 -134.2600 34 1568 -395.5200 -453.8900 59 28291 -211.0400 992.0300
-7.9287940341e-01 -1.4553024908e+00 2.6912316859e+00
185 185 183
8 11 569 -229.1801 -293.6801 34 284 -169.8600 -621.2200 41 481 -112.3900 -43.8600 51 4901 -54.9900 -530.9800 59 7257 -153.8700 944.5300 10 6416 -124.9300 -605.5500 22 16345 414.1600 -292.2200 29 8898 -43.2300 -474.6899
-5.8687078155e-01 1.2379067082e+00 1.9460600532e+00
95 86 69
6 11 1286 -219.2700 181.6400 34 726 -161.7100 -153.3500 51 10390 -50.1801 -423.3300 10 9630 -116.1900 -471.0300 29 13665 -35.7500 -342.7600 77 4877 85.2700 -400.2700
-2.0568493745e+00 -2.6195375979e+00 3.7133438903e+00
124 123 119
5 11 1127 -366.9500 -395.5500 34 584 -319.3900 -731.1600 41 1509 -186.5400 -110.4700 10 14090 -153.7500 -632.2000 22 40299 398.9000 -305.4900
-2.3513722169e+00 -2.6911654429e+00 4.0904986639e+00
75 74 71
3 11 1689 -384.0400 -380.5900 34 934 -336.1200 -715.6700 10 14099 -158.2400 -629.1599
1.1326991314e+00 -1.5843693209e+00 2.9908925839e+00
53 48 44
5 11 1703 116.0800 -345.3800 34 945 184.1000 -681.1100 64 1776 63.7400 -230.4500 41 1526 111.8600 -80.5900 10 14115 -36.8101 -622.3899
-1.3333555455e-01 2.6797820229e-01 2.3048459677e+00
115 109 98
6 11 1880 -121.1801 -11.2500 34 1070 -63.2000 -337.9301 58 463 -39.6300 367.0900 59 28485 -120.2600 1033.0801 10 14405 -93.7900 -530.8900 29 20716 -11.8700 -400.9100
-6.5574422192e-01 4.9888173503e-01 2.1421754483e+00
83 76 70
7 11 2869 -227.8800 37.9900 34 1659 -169.6000 -288.7400 41 1640 -108.7900 180.3000 51 15910 -53.3300 -457.9700 59 28568 -151.1200 1051.2500 10 14446 -120.1600 -515.9800 77 11324 84.1700 -432.3700
-3.6326562021e-01 5.0891915023e-01 2.3040937176e+00
64 57 48
6 11 2872 -159.2500 39.6400 34 1658 -102.1500 -288.5699 58 476 -62.7000 405.2800 10 14451 -103.0600 -515.7100 27 11832 210.5601 212.2500 29 20759 -22.0300 -386.3101
9.2464927596e-01 5.3963484934e+00 3.2740797156e+00
85 72 55
5 11 2288 214.8400 1087.0300 34 1386 257.3700 647.5601 71 1704 450.2400 -398.6700 25 2554 640.3701 -770.5500 27 12447 320.7600 451.1000
7.4152255591e-01 5.4610746487e+00 3.2393297770e+00
96 78 65
5 11 2293 175.6899 1104.2000 34 2071 222.4900 662.6600 71 1705 428.0400 -393.5900 25 2557 608.3401 -757.4200 27 12454 311.0800 456.3600
-2.1003728696e-01 -1.4448316462e+00 2.4881667609e+00
96 88 73
8 11 2625 -145.8400 -313.4100 34 1456 -84.0700 -643.6700 41 3254 -54.0600 -62.3700 59 27922 -127.6800 934.2100 10 21948 -102.3000 -613.9600 27 37441 214.9700 120.6899 29 32842 -19.6600 -483.0400 77 11133 101.4700 -506.0000
-2.0648470744e+00 -1.7826464734e+00 3.2053456883e+00
111 100 91
5 11 2639 -402.2400 -291.4700 34 1473 -350.5900 -617.4800 41 2286 -211.5400 -48.5800 10 21979 -163.7800 -606.5300 29 49751 -81.5500 -475.3900
-1.3753865639e-01 -1.2363398908e+00 2.4616411271e+00
99 88 70
7 11 1730 -132.5500 -280.1300 34 967 -70.5900 -607.8900 50 2420 -135.2800 96.8900 59 27972 -124.3900 943.6499 10 21980 -98.3600 -606.2300 29 32885 -18.2600 -474.5699 77 11155 104.5700 -499.7200
6.1442025330e-01 -3.5518626119e-01 2.5944404832e+00
116 112 102
6 11 2749 23.3400 -134.1899 34 1561 83.4900 -462.3101 50 2514 -83.1300 143.7500 64 2886 28.5100 -139.3800 10 22166 -59.1899 -565.5500 29 33099 22.8300 -434.7600
6.7963914128e-01 -4.6109685305e-02 2.4691055925e+00
186 181 175
8 11 2784 33.3101 -82.3199 34 1587 90.1000 -411.8800 50 3686 -80.3700 162.3600 41 2401 63.3900 97.7400 51 26827 -0.0800 -485.4500 59 47175 -75.3101 1008.7700 10 22254 -54.5100 -549.7200 77 11283 134.9700 -456.8400
9.0938414623e-02 4.0955628227e+00 2.7110840717e+00
185 179 172
5 11 2236 -4.6899 805.9800 34 2006 53.6100 410.1899 17 2838 135.1899 -708.5000 76 639 36.1200 -294.6100 41 1861 11.6800 691.3201
4.1306778526e-01 4.0227075659e+00 2.7612146993e+00
199 196 188
5 11 7185 61.7100 788.5601 34 4291 115.2200 394.9800 54 4285 102.4399 542.1200 17 6438 199.6300 -726.6899 41 2739 56.5000 672.4000
1.8193227263e+00 5.1434506446e+00 3.4637730568e+00
180 180 182
5 11 10592 407.6200 1015.7500 34 6528 436.2600 585.0500 71 4857 559.0300 -418.2900 25 8495 802.2300 -826.3300 27 40896 368.3700 428.2300
-4.7884736232e+00 2.6459545462e+00 3.0818348260e+00
166 163 158
2 11 56 -865.3500 522.6500 34 14 -755.4700 219.9400
3.4795812181e+00 3.5042148958e+00 3.8335741368e+00
161 153 149
2 11 58 720.7700 609.0100 34 59 735.3800 243.8600
-3.3567485137e+00 3.8149767175e+00 2.9248307211e+00
173 167 156
2 11 61 -650.2800 749.8800 34 18 -532.7900 409.4399
5.3090499483e-01 9.9549788968e-02 2.4252209489e+00
112 107 102
2 11 103 7.3400 -53.5900 34 32 62.4800 -381.3600
2.8954062316e+00 2.5458401801e-01 3.1995017034e+00
189 182 172
2 11 104 489.5000 -51.5900 34 30 547.8000 -386.2100
-2.3987117430e+00 6.3665374140e-02 2.4464185075e+00
161 159 146
2 11 106 -516.0100 2.1899 34 36 -451.1700 -311.4800
-4.6716168301e+00 1.5117115124e+00 3.0875322391e+00
182 178 175
2 11 120 -837.7700 307.2200 34 43 -744.1300 20.2800
3.6001931722e+00 2.6164808266e+00 3.7662309053e+00
189 186 181
3 11 128 710.9600 418.2600 34 46 743.8199 69.0100 54 45 945.4399 213.8500
-5.1774283478e+00 2.3390392274e+00 3.2277022574e+00
183 182 178
2 11 132 -910.4000 460.4399 34 52 -797.2600 179.0800
-2.7390394367e+00 2.6064152878e+00 2.6086491385e+00
141 140 137
2 11 134 -565.4700 499.5500 34 50 -472.1200 172.1600
-3.4408128651e+00 2.8921921197e+00 2.8340982616e+00
186 185 180
2 11 142 -669.7800 560.4900 34 58 -563.3200 241.1700
3.1216285266e+00 3.8494308832e+00 3.7229632422e+00
211 203 189
2 11 147 654.8899 693.7400 34 153 670.5100 314.7800
3.1216285266e+00 3.8494308832e+00 3.7229632422e+00
211 203 189
2 11 148 654.8899 693.7400 34 154 670.5100 314.7800
-2.7361040029e+00 3.8707429662e+00 2.8187362017e+00
135 128 113
3 11 149 -550.4900 761.2100 34 67 -437.1100 409.4200 17 115 -350.3000 -778.9900
-1.5595258256e+00 4.1358337985e+00 2.7487200273e+00
154 147 136
2 11 151 -334.6400 820.3400 34 163 -241.5700 443.4800
-3.6046575496e+00 4.2339555008e+00 3.0037578713e+00
93 79 66
4 11 154 -687.2000 835.7500 34 69 -560.8000 488.6000 17 200 -461.7400 -719.6000 22 6162 338.4301 -166.2700
3.5469834012e+00 1.0108005134e+00 3.5881629030e+00
194 188 172
3 11 252 647.3701 86.6899 34 101 699.6100 -241.1800 50 268 128.4500 193.6300
4.0154963027e+00 1.1522609625e+00 3.9733125336e+00
182 177 174
2 11 254 744.7100 113.1300 34 39 802.0300 -213.8200
-4.3556536973e+00 5.3182264507e-01 3.0083971478e+00
183 179 170
2 11 256 -790.5700 127.9000 34 108 -709.4000 -159.6900
-4.4327967620e+00 5.0901092448e-01 3.1187270650e+00
183 179 170
3 11 257 -790.5700 127.9000 34 109 -709.4000 -159.6900 64 261 -309.5900 -56.3400
-1.7256084428e+00 8.9502549968e-01 2.0889620970e+00
70 58 46
2 11 258 -426.2300 139.4299 34 105 -359.4700 -184.4900
3.6862064368e+00 1.3187235625e+00 3.6287352190e+00
65 57 44
3 11 259 689.4600 147.4900 34 102 735.7000 -187.3000 54 110 948.1201 -130.9800
3.6862064368e+00 1.3187235625e+00 3.6287352190e+00
65 57 44
3 11 260 689.4600 147.4900 34 103 735.7000 -187.3000 54 111 948.1201 -130.9800
9.7494419661e-01 1.2751124135e+00 2.2664629970e+00
185 174 152
2 11 263 105.4301 165.7600 34 106 150.1700 -172.5500
9.7677786160e-01 1.2769702850e+00 2.2468728683e+00
185 174 152
3 11 264 105.4301 165.7600 34 107 150.1700 -172.5500 50 282 -54.5100 251.9500
3.1349680273e+00 1.6338546333e+00 3.3689596594e+00
164 160 151
2 11 268 580.4299 216.6100 34 110 624.1600 -121.1100
3.1349680273e+00 1.6338546333e+00 3.3689596594e+00
164 160 151
2 11 269 580.4299 216.6100 34 111 624.1600 -121.1100
1.8710983917e+00 1.6709207581e+00 2.5711465413e+00
68 55 39
4 11 270 305.6500 238.2500 34 113 344.5200 -107.3100 54 115 444.9200 -83.3000 50 288 17.4900 266.8200
2.6484377538e+00 2.2181988998e+00 3.1554828707e+00
156 152 143
4 11 278 494.1899 344.6100 34 121 529.9500 -2.5200 54 124 672.1100 84.7600 50 293 88.3300 290.9900
6.0933715989e-01 2.0917950752e+00 2.1042521497e+00
173 162 144
3 11 279 38.8101 349.6300 34 120 82.1200 -8.4300 54 119 113.4100 13.4900
-3.2201754342e+00 2.0904800513e+00 2.6235260047e+00
159 157 151
3 11 282 -648.9700 398.5901 34 125 -555.0300 89.4500 64 287 -257.8400 62.0900
2.3511400313e+00 2.5391079047e+00 3.0398349772e+00
185 177 165
2 11 284 441.1000 418.3401 34 124 475.1801 64.4500
-4.0617779952e+00 2.3222700434e+00 2.9325336563e+00
174 173 168
2 11 285 -761.5100 452.4399 34 131 -658.3000 149.8600
-1.6431531825e+00 2.5305963329e+00 2.3498793011e+00
144 134 125
2 11 286 -387.2700 473.1100 34 129 -304.8300 133.0100
-1.6431531825e+00 2.5305963329e+00 2.3498793011e+00
144 134 125
2 11 287 -387.2700 473.1100 34 130 -304.8300 133.0100
2.3040594024e+00 2.8687982945e+00 3.0749351620e+00
87 75 66
2 11 289 441.2400 493.4299 34 240 474.0800 129.7200
-2.2908064707e+00 2.7060345548e+00 2.5463187889e+00
58 49 39
2 11 290 -491.1800 514.6500 34 137 -398.7100 182.3700
-2.2908064707e+00 2.7060345548e+00 2.5463187889e+00
58 49 39
2 11 291 -491.1800 514.6500 34 138 -398.7100 182.3700
-1.6767683893e+00 3.1394838584e+00 2.4859933237e+00
59 48 31
2 11 297 -382.4600 604.5801 34 143 -292.7000 252.6200
5.7160232585e-01 3.5581202558e+00 2.6240964551e+00
150 143 115
2 11 304 80.0500 677.9700 34 151 130.0000 294.3400
9.1122927957e-01 3.8566071929e+00 2.8292179292e+00
154 151 134
3 11 308 164.7300 738.7600 34 157 209.0000 349.2100 54 147 230.8300 499.3201
-1.1773889018e+00 4.0376166097e+00 2.6827928621e+00
86 72 57
2 11 315 -266.3500 799.3700 34 162 -179.6800 418.5900
2.9107960155e-01 4.5824647148e+00 2.9401943668e+00
194 185 181
3 11 318 54.5300 910.5400 34 268 109.5699 502.1200 25 428 524.8400 -903.7400
-1.3786924763e+00 4.5417924846e+00 2.8368439617e+00
89 75 70
2 11 319 -290.1801 910.2500 34 170 -198.7800 518.4299
1.5361210956e+00 1.3771432388e-01 2.6040518295e+00
194 190 183
5 11 393 206.2000 -61.3199 34 200 260.4200 -393.9100 50 418 -23.7400 165.3500 58 58 161.5900 310.9600 64 415 108.7900 -105.0300
-3.1149132604e+00 -3.8246335598e-01 2.8762075660e+00
89 78 67
2 11 398 -596.5900 -53.3600 34 202 -533.6400 -356.1500
-6.0358552032e+00 -8.3181855096e-01 3.7257465662e+00
190 187 178
2 11 399 -955.3800 -54.7500 34 206 -893.5200 -325.8900
-6.0358552032e+00 -8.3181855096e-01 3.7257465662e+00
190 187 178
2 11 400 -955.3800 -54.7500 34 207 -893.5200 -325.8900
-4.0106671072e+00 -2.1848615242e-01 3.0781978888e+00
169 163 141
4 11 406 -724.0000 -3.9000 34 210 -654.5900 -295.8700 64 416 -282.4300 -104.9300 22 16537 347.8000 -266.4000
-4.0140751343e+00 -2.1753100853e-01 3.0821880039e+00
169 163 141
3 11 407 -724.0000 -3.9000 34 211 -654.5900 -295.8700 64 417 -282.4300 -104.9300
2.6778769644e-01 4.6505756175e-01 2.3862124043e+00
173 172 168
5 11 408 -39.6700 19.6700 34 208 18.8800 -309.0601 50 434 -102.7000 202.0400 64 430 4.0500 -70.0700 59 3240 -95.9399 1044.8799
3.1377949612e+00 8.7452584531e-01 3.3399941393e+00
170 166 155
3 11 410 557.4500 64.9000 34 212 609.6700 -267.8400 50 428 98.3000 190.7900
-2.9616512437e+00 3.9190557146e-01 2.5842940109e+00
179 174 155
2 11 416 -601.2600 73.5699 34 320 -528.7200 -231.3800
6.3305889403e-01 9.1612101629e-01 2.2936986368e+00
179 175 164
2 11 417 32.3500 99.8600 34 213 83.8199 -233.9600
-1.1421565004e+00 9.2816999900e-01 1.9825341462e+00
172 166 150
2 11 422 -325.7600 132.5601 34 215 -263.5300 -195.4400
3.8161751245e+00 1.5547175298e+00 3.7776644684e+00
186 182 173
3 11 426 721.2100 191.5200 34 221 767.5400 -136.5700 50 437 156.5200 224.0300
2.7598912067e+00 1.4816943069e+00 3.0738999796e+00
166 158 146
2 11 427 496.2800 188.5400 34 218 537.1899 -150.2300
-2.5474473813e+00 1.1150463176e+00 2.4034403149e+00
175 167 153
2 11 428 -546.6000 199.7600 34 225 -471.0100 -114.4500
2.3747460774e+00 1.9588502403e+00 2.9145196671e+00
165 159 145
2 11 437 427.1300 293.2300 34 230 464.2100 -53.1300
1.7871629963e+00 1.9223941138e+00 2.6076089305e+00
150 147 140
2 11 438 296.4399 292.7400 34 231 335.1100 -55.0900
-6.6958790223e-01 2.4010236563e+00 2.0903707790e+00
146 135 109
2 11 449 -217.6801 437.3201 34 350 -153.7300 82.4200
-1.4629202201e+00 2.3690142846e+00 2.2845689767e+00
155 149 137
2 11 450 -357.3600 436.8301 34 351 -281.2300 96.8800
7.6998561668e-01 2.5939551849e+00 2.3461151950e+00
120 113 98
2 11 454 92.1801 456.6899 34 237 135.1801 94.8600
-1.9733162395e+00 2.5185733074e+00 2.4030291025e+00
187 186 181
3 11 459 -444.8500 471.8101 34 244 -359.7500 139.2400 64 294 -175.3600 107.8200
-1.2349957263e+00 2.6023835819e+00 2.2770863754e+00
153 144 124
2 11 463 -313.7600 485.2800 34 354 -238.8200 137.2000
-1.2349957263e+00 2.6023835819e+00 2.2770863754e+00
153 144 124
2 11 464 -313.7600 485.2800 34 355 -238.8200 137.2000
1.3780731713e+00 2.7957560987e+00 2.6284348163e+00
140 133 123
2 11 466 232.9301 492.0500 34 241 272.1100 126.8800
1.3780731713e+00 2.7957560987e+00 2.6284348163e+00
140 133 123
2 11 468 232.9301 492.0500 34 242 272.1100 126.8800
1.1277522803e+00 2.9044513561e+00 2.5682305350e+00
142 133 118
2 11 470 181.7500 520.0500 34 357 221.5699 153.3100
8.5746445552e-01 3.0837851808e+00 2.5057530913e+00
139 132 122
2 11 472 125.8700 567.4099 34 245 169.8900 192.8200
1.2479626352e+00 3.3152138964e+00 2.7629199066e+00
183 177 168
2 11 475 221.3199 610.6599 34 248 263.6600 234.3800
7.6194693511e-01 3.3071400924e+00 2.5921440668e+00
77 64 55
2 11 477 112.8700 617.8500 34 250 161.2200 240.1000
-5.5390403350e-01 3.2350440950e+00 2.3692359512e+00
75 60 45
3 11 480 -168.3600 620.0100 34 253 -100.6800 250.5300 54 258 -165.0900 335.1100
-2.0249782023e-01 -1.0764594922e+00 2.7055337284e+00
177 177 175
3 11 573 -126.1801 -240.1600 34 291 -62.2700 -564.7000 64 606 -35.1500 -185.3800
6.4824616039e-01 -6.4133798839e-01 2.6405544479e+00
181 182 179
5 11 580 24.3500 -187.5000 34 195 90.7200 -514.0800 50 406 -82.3800 125.6200 58 57 47.7800 239.5000 64 399 26.3700 -163.4100
9.1973152002e-01 -5.5763885319e-01 2.6600673366e+00
171 172 166
2 11 581 77.7800 -176.7200 34 294 140.8300 -503.9200
-4.0603361559e+00 -1.2559209745e+00 3.3364799801e+00
148 148 148
2 11 583 -703.6200 -167.9100 34 300 -645.0400 -460.6400
-3.4422131415e+00 -9.6330598526e-01 3.0610619509e+00
189 186 181
2 11 590 -634.1500 -138.5300 34 198 -572.4300 -441.6200
-4.2854232708e+00 -9.1155734613e-01 3.2708389702e+00
176 174 161
2 11 593 -745.7300 -108.3600 34 305 -683.1700 -401.7300
-5.5862257569e+00 -8.3157547938e-01 3.6211339722e+00
186 187 190
2 11 600 -903.2300 -68.3900 34 310 -839.8500 -337.3600
-4.7840178118e+00 -9.4969496895e-02 3.2531986786e+00
167 164 155
2 11 609 -827.1600 31.7800 34 315 -755.0500 -250.0700
-4.7840178118e+00 -9.4969496895e-02 3.2531986786e+00
167 164 155
2 11 610 -827.1600 31.7800 34 316 -755.0500 -250.0700
-2.0440874216e+00 5.0131892217e-01 2.2751982876e+00
111 102 88
2 11 613 -468.0000 71.8500 34 317 -402.0400 -244.6900
-2.1068675191e+00 7.9316422555e-01 2.3116450991e+00
146 140 126
2 11 620 -475.2900 128.4800 34 321 -406.8300 -187.2500
2.7453014984e+00 1.2469582341e+00 3.1116560902e+00
77 61 53
4 11 622 484.2900 141.6300 34 476 531.3199 -193.1000 54 323 684.7000 -170.7100 50 669 76.4600 221.9700
3.3773403872e+00 1.3214640933e+00 3.4833109404e+00
184 178 166
3 11 623 622.5701 149.5300 34 322 668.4800 -181.4100 54 324 864.4900 -135.8500
-3.4333872764e+00 7.9088655749e-01 2.7389854501e+00
182 175 165
2 11 626 -667.0900 155.3101 34 327 -587.8400 -142.5400
7.4065503347e-01 1.2558992431e+00 2.1556118787e+00
177 171 166
3 11 627 50.6700 165.0901 34 323 101.1899 -174.1600 51 3588 5.1700 -429.7300
-2.0136371057e+00 9.9301230685e-01 2.2461193610e+00
157 147 127
2 11 628 -465.3400 164.4299 34 325 -393.8300 -153.5900
2.5499035723e+00 1.5121304020e+00 3.0057003547e+00
104 88 72
4 11 629 450.8700 197.3201 34 328 492.3600 -142.4000 54 327 633.1700 -104.3300 50 445 66.5700 242.2400
-4.9900553499e+00 1.0721943812e+00 3.2140878129e+00
171 166 159
3 11 632 -870.5100 234.0601 34 336 -782.3200 -46.0900 64 660 -342.9600 -19.8200
2.1582276799e+00 1.9924811106e+00 2.7882550963e+00
100 85 63
2 11 644 380.4200 303.5300 34 334 417.0200 -45.1500
2.1582276799e+00 1.9924811106e+00 2.7882550963e+00
100 85 63
2 11 645 380.4200 303.5300 34 335 417.0200 -45.1500
3.8878130421e+00 2.3653828092e+00 3.8852188909e+00
163 156 148
3 11 655 764.0701 358.7900 34 341 800.0900 17.7400 50 691 178.7200 277.9900
1.2918189644e+00 2.2487769591e+00 2.4145751066e+00
87 74 58
2 11 657 194.8800 373.0000 34 343 235.2000 14.8600
-2.3384056550e+00 2.2405665928e+00 2.4283098160e+00
174 164 137
3 11 662 -510.5100 418.7300 34 352 -422.2200 94.0400 64 690 -201.7300 82.0400
-6.1788728861e+00 2.4308345476e+00 3.3782431078e+00
191 194 200
2 11 669 -1041.6100 486.3201 34 363 -927.5900 210.1600
4.5720919613e+00 3.0815116893e+00 4.4193191189e+00
129 117 105
2 11 670 924.4399 496.3800 34 356 949.1500 147.2100
-2.0100031380e+00 3.0870433070e+00 2.5815269465e+00
187 187 187
2 11 673 -436.2600 592.2500 34 369 -343.6600 249.9000
2.2885788692e+00 3.4292095499e+00 3.2539695591e+00
74 62 50
2 11 676 457.1801 615.9299 34 368 488.1300 243.3900
9.6712429672e-01 3.4021098066e+00 2.6868105197e+00
168 158 133
2 11 677 162.3700 635.4299 34 370 206.3600 256.6100
9.6712429672e-01 3.4021098066e+00 2.6868105197e+00
168 158 133
2 11 678 162.3700 635.4299 34 371 206.3600 256.6100
-4.6817725516e+00 3.5910451526e+00 3.1275246970e+00
164 156 143
2 11 685 -851.3700 701.4399 34 556 -722.7800 388.1799
-1.2754522428e+00 3.7666252256e+00 2.6095042179e+00
172 161 147
2 11 689 -290.8700 739.9299 34 551 -207.7500 367.5400
-6.9790633935e-02 4.6669593247e+00 2.8734284711e+00
143 131 117
3 11 700 -22.2000 939.0901 34 571 41.5500 525.9399 17 741 117.7500 -592.3500
1.7801498315e+00 5.0167810015e+00 3.4370875917e+00
121 112 98
2 11 704 396.0699 986.8201 34 394 423.6300 561.8101
-6.6052554173e+00 -3.6976433512e+00 4.8122604523e+00
42 38 35
2 11 789 -904.4700 -405.1700 34 278 -879.2000 -711.0200
-6.5378394452e+00 -2.9889044052e+00 4.4261101646e+00
163 166 170
2 11 804 -937.6600 -333.6500 34 285 -902.7200 -621.1000
6.7013885719e-01 -1.0571817601e+00 2.6297027947e+00
182 181 177
3 11 810 23.9301 -261.1801 34 286 86.5300 -591.3500 50 613 -83.1200 98.8400
-2.3961024426e+00 -1.6675240234e+00 3.4898334532e+00
172 173 168
2 11 811 -430.9800 -253.0200 34 289 -377.5900 -573.6400
-3.3592542919e+00 -1.7018095313e+00 3.4469085840e+00
184 176 163
2 11 813 -585.0900 -242.5500 34 426 -531.2800 -553.9200
-2.0803368850e+00 -1.2008482297e+00 3.3693785851e+00
167 168 163
2 11 822 -387.4700 -187.5100 34 432 -332.3800 -510.6500
1.5582943521e+00 -5.1466332299e-01 2.7751852429e+00
183 182 178
3 11 824 201.9100 -179.8800 34 433 264.2700 -509.0500 50 1019 -24.7000 123.7900
1.1169854070e+00 -3.8725907424e-01 2.6714683912e+00
137 133 123
4 11 827 116.5000 -148.8700 34 435 180.0300 -478.7600 50 1028 -51.9500 135.4000 58 162 105.5000 257.3400
9.7249973227e-01 -2.4397066523e-01 2.6079935005e+00
200 200 197
4 11 836 90.6400 -120.4900 34 663 152.4200 -451.3199 50 1044 -61.7600 146.8500 58 174 88.2800 278.1400
7.2950566825e-01 -2.6157442580e-01 2.5886402269e+00
193 193 191
3 11 837 45.8600 -119.2400 34 442 105.9000 -448.4600 64 626 37.3900 -132.7200
-4.4199257366e+00 -5.6684650896e-01 3.2165547552e+00
134 126 123
2 11 842 -773.6200 -54.2100 34 455 -705.9100 -339.2800
3.2398906794e+00 3.0635702494e-01 3.4135340686e+00
110 101 94
3 11 843 562.3301 -45.9500 34 449 622.5400 -374.2900 50 1050 95.9300 155.0300
-3.3504119784e+00 -3.5883470550e-01 2.8765896696e+00
172 166 152
2 11 844 -636.4800 -44.4700 34 452 -570.8800 -346.1801
2.7294259231e-01 2.5400042730e-01 2.3303717786e+00
173 168 161
5 11 846 -45.6600 -20.4301 34 451 10.6700 -349.8400 50 653 -106.0100 186.7300 58 179 8.8400 357.4600 39 9 -366.3800 -162.1500
-1.5165904428e+00 2.5049396556e-01 2.0082365942e+00
179 170 154
3 11 849 -396.4800 7.5400 34 460 -336.6400 -314.2200 50 663 -228.8600 209.0000
-3.1568400896e+00 4.1497972603e-02 2.7476053073e+00
167 164 156
2 11 850 -616.9900 17.5800 34 461 -548.6500 -284.2600
-3.8834863650e+00 1.8506538638e-02 2.9759999010e+00
178 174 162
2 11 853 -714.0500 30.8800 34 463 -643.2500 -262.2000
2.6037611682e+00 9.3177808182e-01 2.9241527470e+00
163 154 137
2 11 861 445.9200 80.0300 34 697 491.8000 -260.1400
-1.3557390407e+00 6.4943086984e-01 1.9946216388e+00
153 153 146
2 11 862 -365.7100 82.1500 34 468 -304.8300 -243.2900
1.9157415258e+00 9.4940945600e-01 2.5180334597e+00
180 179 175
3 11 864 297.5699 89.6600 34 465 338.6000 -253.6500 50 1099 8.5900 215.2400
-2.4664170651e+00 1.2653252554e+00 2.4188831720e+00
164 161 146
2 11 885 -531.1100 226.2400 34 482 -453.6300 -87.1400
3.4526767881e+00 1.8128570309e+00 3.6292505522e+00
209 209 211
2 11 890 652.6201 248.6100 34 483 696.9200 -85.2900
3.4526767881e+00 1.8128570309e+00 3.6292505522e+00
209 209 211
2 11 891 652.6201 248.6100 34 484 696.9200 -85.2900
-1.9914183988e+00 1.6341088113e+00 2.3096218580e+00
76 55 39
2 11 897 -454.8500 291.1100 34 488 -378.6600 -31.5100
1.5847259376e+00 1.9918680771e+00 2.5343687071e+00
86 73 56
4 11 900 254.4800 310.4900 34 487 293.2700 -42.1300 54 486 371.8900 2.5000 50 697 2.5200 296.1600
-1.4052325846e+00 1.7793459390e+00 2.1795156992e+00
136 123 104
2 11 901 -356.3900 311.5000 34 492 -285.1400 -20.1400
-1.4052325846e+00 1.7793459390e+00 2.1795156992e+00
136 123 104
2 11 902 -356.3900 311.5000 34 493 -285.1400 -20.1400
1.3662024939e+00 2.0671578796e+00 2.4379494658e+00
150 143 127
2 11 907 207.1200 330.7300 34 758 247.6100 -21.8400
1.3662024939e+00 2.0671578796e+00 2.4379494658e+00
150 143 127
2 11 908 207.1200 330.7300 34 759 247.6100 -21.8400
-4.3321453915e+00 1.7083308526e+00 2.9983909753e+00
62 52 43
2 11 911 -794.7000 338.1400 34 503 -698.5100 47.1200
-9.5296957409e-01 2.0215526496e+00 2.0961365612e+00
82 66 48
2 11 914 -274.5200 356.7900 34 497 -209.3900 14.4900
1.9144649769e+00 2.2476300146e+00 2.7506911266e+00
101 88 69
3 11 915 334.5100 361.4800 34 496 372.1000 8.1300 50 699 33.8900 307.8700
1.4757010520e+00 2.2421809401e+00 2.4662815117e+00
131 119 102
2 11 916 235.8400 368.7800 34 773 272.6300 11.2000
4.2580862625e+00 2.5239478464e+00 4.2401700790e+00
76 63 59
2 11 923 839.8101 384.7600 34 779 878.7900 45.9800
1.0602596269e+00 2.2896142836e+00 2.3672281140e+00
165 158 151
2 11 924 146.4600 384.1300 34 499 187.9399 27.9100
-7.0975931609e-01 2.2209917603e+00 2.0971831529e+00
81 64 49
2 11 929 -225.6200 396.7300 34 502 -162.9400 48.1400
1.7075315556e+00 2.4450713729e+00 2.6831789035e+00
110 94 78
2 11 933 295.2400 408.0000 34 504 332.3000 51.8100
-4.9516783794e+00 2.2032931199e+00 3.1877843303e+00
182 180 181
2 11 936 -876.6400 434.9299 34 518 -770.5500 149.5200
1.4514806860e+00 2.6195381796e+00 2.6034336527e+00
99 83 64
2 11 939 243.6801 451.3401 34 509 281.6500 90.0900
-5.7679716151e-01 2.4823953635e+00 2.1338451147e+00
150 136 119
3 11 940 -197.5100 451.4299 34 789 -131.6700 98.8200 54 794 -184.1000 134.5100
-1.9271186134e+00 2.4729595885e+00 2.4344901987e+00
184 184 176
2 11 942 -433.6600 462.0400 34 515 -347.2200 129.4300
1.2214807929e+00 2.7561385517e+00 2.5458815769e+00
93 79 66
2 11 947 197.0000 485.8401 34 512 236.2700 121.1300
-2.2109305208e+00 2.6694646827e+00 2.4541456007e+00
65 53 42
3 11 955 -485.7900 506.6000 34 525 -394.7300 174.0100 64 1013 -193.2500 119.0700
-1.2400103938e+00 2.8324903361e+00 2.3807788993e+00
99 86 69
2 11 964 -306.4200 532.9800 34 823 -227.8300 183.7400
-1.8123197831e+00 3.0550593333e+00 2.5364827633e+00
109 94 76
2 11 970 -403.4200 584.3700 34 534 -312.9800 239.7200
5.9522323952e-01 3.3049197026e+00 2.5324781829e+00
75 58 42
2 11 976 76.4301 620.5800 34 536 124.9200 242.6100
5.9522323952e-01 3.3049197026e+00 2.5324781829e+00
75 58 42
2 11 977 76.4301 620.5800 34 537 124.9200 242.6100
-1.2498113796e+00 3.4491296013e+00 2.5055314024e+00
105 91 78
4 11 981 -299.3500 667.4299 34 543 -213.9700 304.9200 17 711 -130.9301 -854.5601 64 1040 -116.7900 197.7600
3.7410799802e+00 3.8450046324e+00 4.0434070847e+00
162 153 132
2 11 982 784.0300 678.6100 34 542 797.9301 303.6100
3.2498002125e-01 3.5709401728e+00 2.5511353865e+00
162 153 142
3 11 983 25.1000 686.1200 34 847 79.6899 301.8300 54 853 69.2400 415.9900
3.1362556872e+00 3.8837041312e+00 3.7462571275e+00
207 199 176
2 11 984 658.1201 701.1400 34 849 675.4200 320.5100
-2.0594077429e+00 3.7265681905e+00 2.7133391452e+00
197 195 189
2 11 989 -434.6100 730.7200 34 552 -334.5400 373.1899
-4.4219987457e+00 3.7671994383e+00 3.0924599501e+00
140 132 121
2 11 991 -814.0700 737.1000 34 561 -684.6600 415.8900
8.2167478618e-01 3.8568681618e+00 2.7958923170e+00
183 182 174
3 11 992 145.6700 741.5500 34 549 192.2900 350.9000 54 543 204.6899 497.2100
1.9297893659e+00 4.2183107150e+00 3.3294244212e+00
88 79 62
3 11 1001 404.3600 799.5500 34 559 433.5400 403.8201 54 556 508.2000 611.4700
-1.4712634845e+00 4.0629149889e+00 2.7336360214e+00
169 163 163
3 11 1002 -318.7900 802.0300 34 870 -226.3500 427.8000 17 724 -146.2800 -727.8600
-3.8477491457e+00 4.1895396811e+00 3.0273554599e+00
64 55 48
3 11 1003 -726.8900 825.3201 34 566 -596.2000 484.1500 17 1133 -498.8200 -732.4399
3.0298227829e+00 4.4924482690e+00 3.8038357008e+00
216 220 223
2 11 1006 654.7200 839.6100 34 873 666.2700 439.5100
1.7747807208e+00 4.4556021490e+00 3.3334626604e+00
173 168 164
2 11 1010 377.3101 856.8101 34 876 410.4800 453.4299
2.6616631347e+00 4.5849528136e+00 3.6574039475e+00
147 137 127
3 11 1012 577.8401 869.9700 34 879 593.3101 463.8700 71 730 674.0800 -480.6899
-2.7189072873e+00 4.6636760979e+00 2.9537191891e+00
185 181 169
2 11 1020 -534.7800 931.8301 34 890 -415.8200 557.5300
-2.7189072873e+00 4.6636760979e+00 2.9537191891e+00
185 181 169
2 11 1021 -534.7800 931.8301 34 891 -415.8200 557.5300
-2.6623242860e-03 5.2909525131e+00 2.9980405328e+00
193 189 185
4 11 1032 7.7500 1084.4600 34 1387 70.6899 647.0900 17 1157 142.6899 -467.4399 71 742 342.1300 -414.5400
-5.6051995121e+00 -3.0618640316e+00 4.3346474506e+00
153 154 158
2 11 1133 -824.5200 -363.9600 34 415 -787.1900 -664.4700
1.4653178135e+00 -1.2930615265e+00 2.9288986278e+00
96 92 83
2 11 1143 176.4200 -308.7900 34 602 244.7200 -644.7000
1.2745209447e+00 -1.2021271484e+00 2.8757793236e+00
189 191 190
4 11 1144 142.2700 -290.7700 34 419 208.7500 -624.7100 50 983 -47.0100 87.6400 64 844 75.2200 -206.6800
-3.9308963353e+00 -2.0053415885e+00 3.6826986172e+00
179 179 171
2 11 1146 -649.9800 -269.8800 34 614 -600.2600 -576.4200
-3.9308963353e+00 -2.0053415885e+00 3.6826986172e+00
179 179 171
2 11 1147 -649.9800 -269.8800 34 615 -600.2600 -576.4200
2.1017316030e+00 -9.2149176212e-01 2.9809555967e+00
186 185 181
2 11 1152 304.2600 -258.2200 34 612 369.2100 -592.7100
1.1013322882e+00 -1.0130956638e+00 2.8043354141e+00
191 190 185
6 11 1153 111.6899 -256.6400 34 613 177.5500 -586.8101 50 2425 -56.3000 100.3900 64 1841 60.6300 -192.4700 51 15479 12.1000 -526.0200 59 16961 -57.4600 950.4299
1.7814653926e+00 -7.8020639679e-01 2.8922614312e+00
158 151 145
4 11 1164 242.5800 -227.8700 34 425 309.7400 -560.8600 50 1003 -12.6000 106.0700 64 1250 119.1400 -180.4600
7.0329227301e-01 -8.7156363439e-01 2.7434753420e+00
99 96 88
3 11 1166 37.3300 -224.2700 34 619 102.8400 -551.6801 51 10102 -1.5300 -519.6700
-3.2629880800e+00 -1.4140095230e+00 3.2044418744e+00
86 77 61
