# Bundle file v0.3
90 9671
0 0 0
0 0 0
0 0 0
0 0 0
0 0 0
2.2895876437e+04 -2.6730504966e-02 -6.9343921849e-05
-8.5128434443e-01 4.9030517095e-02 -5.2240881820e-01
-3.2739587044e-03 -9.9610149871e-01 -8.8153760365e-02
-5.2469443120e-01 -7.3333571203e-02 8.4812613520e-01
1.1162573848e+01 1.9033906137e+01 8.1273910832e+02
1.8153126978e+03 -1.9328889473e-01 5.9713166164e-01
9.6987363341e-01 2.4941011599e-02 2.4232845716e-01
-1.1406273625e-01 9.2546104151e-01 3.6126382720e-01
-2.1525526105e-01 -3.7802090760e-01 9.0042510294e-01
2.2365326791e-02 -1.7530866991e+01 -6.4179368153e+01
1.5187710983e+03 -3.3728843409e-04 -7.7255540999e-02
9.9351613063e-01 4.8709037252e-02 1.0272841804e-01
-6.8192381101e-02 9.7830135928e-01 1.9564316905e-01
-9.0969760596e-02 -2.0137993973e-01 9.7527976629e-01
3.4079453076e+00 -3.9047084806e+00 -2.3065747517e+01
2.4812112127e+03 3.3363876553e-01 -6.8276495829e-01
9.2509171557e-01 6.0844787324e-02 3.7483760434e-01
-2.5263244816e-01 8.3556515996e-01 4.8786033821e-01
-2.8351748431e-01 -5.4601169888e-01 7.8834577488e-01
-1.3998248580e+01 -3.8620267407e+01 -9.3643131132e+01
0 0 0
0 0 0
0 0 0
0 0 0
0 0 0
1.3955220410e+04 2.3234038238e+00 3.1427432114e-02
9.2148271575e-01 -3.2873249710e-02 3.8702577953e-01
5.6011586466e-04 9.9652358395e-01 8.3309260609e-02
-3.8841896302e-01 -7.6551264434e-02 9.1829767128e-01
5.3235417996e+00 5.9763774883e+00 -3.3578379795e+02
0 0 0
0 0 0
0 0 0
0 0 0
0 0 0
0 0 0
0 0 0
0 0 0
0 0 0
0 0 0
0 0 0
0 0 0
0 0 0
0 0 0
0 0 0
5.8392621722e+02 2.9024767942e-02 -6.8331555475e-02
-7.9414871848e-01 1.1955740616e-01 -5.9584716125e-01
-1.8410626746e-01 -9.8171417414e-01 4.8395894107e-02
-5.7916551625e-01 1.4813273412e-01 8.0163832111e-01
3.2921170879e+00 1.1959922153e+01 1.0964753908e+01
-1.5471818461e+03 6.3425357872e-01 -6.3283152954e-01
8.1777804564e-01 -8.2180869522e-02 5.6963617577e-01
-3.2070853661e-01 7.5677580408e-01 5.6959320299e-01
-4.7789653965e-01 -6.4848800069e-01 5.9251853165e-01
-1.9554877266e+00 -1.2944483994e+00 8.1965169978e+00
0 0 0
0 0 0
0 0 0
0 0 0
0 0 0
5.0500608011e+03 -6.1484679306e-02 4.0085675513e-02
9.0842707030e-01 -2.6145206949e-02 4.1722498259e-01
-1.8712056289e-01 8.6704722405e-01 4.6175210472e-01
-3.7382636729e-01 -4.9753948529e-01 7.8275686372e-01
-1.4835712929e+01 -2.9466066816e+01 -6.7795931914e+01
0 0 0
0 0 0
0 0 0
0 0 0
0 0 0
2.7687615826e+03 -1.1017851224e-01 -2.8224611590e-01
9.4849792686e-01 3.1429054063e-02 3.1522039481e-01
-1.3327775507e-01 9.4230506645e-01 3.0708012268e-01
-2.8738253730e-01 -3.3327672631e-01 8.9796319577e-01
-4.3481117818e+00 -1.7218990422e+01 -7.8537510691e+01
0 0 0
0 0 0
0 0 0
0 0 0
0 0 0
3.9958718018e+03 1.3703187942e-01 1.2186074389e-01
-6.6403662852e-01 2.9124725729e-01 -6.8864387829e-01
-8.6831424220e-03 -9.2395795926e-01 -3.8239546618e-01
-7.4764962317e-01 -2.4794500325e-01 6.1607086958e-01
9.4703366431e-01 8.3312256937e+00 1.7606760580e+01
0 0 0
0 0 0
0 0 0
0 0 0
0 0 0
0 0 0
0 0 0
0 0 0
0 0 0
0 0 0
0 0 0
0 0 0
0 0 0
0 0 0
0 0 0
0 0 0
0 0 0
0 0 0
0 0 0
0 0 0
5.9858952182e+04 -9.3241133613e-02 -4.2275997488e-05
9.4600313412e-01 -1.5006069993e-02 3.2380995676e-01
-5.1527917526e-02 9.7926536325e-01 1.9591891705e-01
-3.2003584791e-01 -2.0202516231e-01 9.2561487123e-01
1.5983678727e+01 -1.1279653521e+01 -2.4287058761e+03
0 0 0
0 0 0
0 0 0
0 0 0
0 0 0
0 0 0
0 0 0
0 0 0
0 0 0
0 0 0
2.9967320624e+03 1.2225449683e+00 2.6395204896e-01
-5.6575935142e-01 2.7113908214e-01 -7.7871686409e-01
-2.3616223333e-01 -9.5811057258e-01 -1.6202323990e-01
-7.9002769307e-01 9.2237350637e-02 6.0609282732e-01
-8.3842479742e-01 1.0117010055e+01 1.7430032429e+01
0 0 0
0 0 0
0 0 0
0 0 0
0 0 0
6.9919653211e+02 -3.3094067547e-01 6.5135978675e-01
-8.2847939515e-01 -1.3159726978e-02 -5.5986490639e-01
3.1222603485e-01 -8.4078358989e-01 -4.4226446628e-01
-4.6490514622e-01 -5.4121139729e-01 7.0068068937e-01
-3.1376302827e+00 -3.0108557750e+00 1.3430339071e+01
0 0 0
0 0 0
0 0 0
0 0 0
0 0 0
2.1252402706e+03 -2.5934088917e-02 -2.3376894632e-03
-9.3999611006e-01 -3.9640613003e-02 -3.3887451197e-01
9.2527166156e-03 -9.9582407666e-01 9.0822880235e-02
-3.4105967264e-01 8.2237644298e-02 9.3643754173e-01
1.4250944096e+00 8.7993608719e+00 4.2019569385e+01
2.7908822149e+03 -9.1640670852e-02 2.1087776866e-02
9.0997837812e-01 -7.1773937721e-03 4.1459357975e-01
-1.2862463518e-01 9.4564420019e-01 2.9868503458e-01
-3.9420179423e-01 -3.2512387128e-01 8.5959258591e-01
-6.7957778043e+00 -2.4033865164e+01 -1.5595486023e+02
0 0 0
0 0 0
0 0 0
0 0 0
0 0 0
0 0 0
0 0 0
0 0 0
0 0 0
0 0 0
0 0 0
0 0 0
0 0 0
0 0 0
0 0 0
-4.4060765770e+03 -4.5042918294e-01 -4.0625587508e-02
7.4844795355e-01 -1.5722255883e-01 6.4428776787e-01
-3.2605125964e-01 7.5874235753e-01 5.6391542893e-01
-5.7750864662e-01 -6.3213218704e-01 5.1661655141e-01
-1.6557397276e+00 -2.9616028636e+00 2.2748167387e+01
0 0 0
0 0 0
0 0 0
0 0 0
0 0 0
0 0 0
0 0 0
0 0 0
0 0 0
0 0 0
0 0 0
0 0 0
0 0 0
0 0 0
0 0 0
0 0 0
0 0 0
0 0 0
0 0 0
0 0 0
8.7560673346e+04 5.0128305186e-03 1.6085625804e-06
7.8542329712e-01 -1.0393336646e-01 6.1017054966e-01
4.0336509017e-02 9.9230045961e-01 1.1710151111e-01
-6.1764327114e-01 -6.7362105077e-02 7.8356820789e-01
-2.0008757482e+00 -1.1433605692e+00 -6.2860378445e+01
0 0 0
0 0 0
0 0 0
0 0 0
0 0 0
7.0359665147e+02 -2.6894568023e-01 1.3708095064e-01
-8.6717601733e-01 7.3398303829e-02 -4.9256313702e-01
3.3987182363e-01 -6.3570418814e-01 -6.9308536897e-01
-3.6399573962e-01 -7.6843534157e-01 5.2632141070e-01
1.5852627273e+00 2.4904744330e-01 5.2155022533e+00
0 0 0
0 0 0
0 0 0
0 0 0
0 0 0
0 0 0
0 0 0
0 0 0
0 0 0
0 0 0
0 0 0
0 0 0
0 0 0
0 0 0
0 0 0
0 0 0
0 0 0
0 0 0
0 0 0
0 0 0
5.7930123189e+03 7.1604455362e-02 -1.3907136639e-02
9.1134979522e-01 -3.1385335601e-02 4.1043453980e-01
-2.2744428680e-01 7.9266467986e-01 5.6564282167e-01
-3.4308985288e-01 -6.0884946088e-01 7.1525637840e-01
-1.4613700704e+01 -3.9864724436e+01 -7.5728806489e+01
0 0 0
0 0 0
0 0 0
0 0 0
0 0 0
0 0 0
0 0 0
0 0 0
0 0 0
0 0 0
0 0 0
0 0 0
0 0 0
0 0 0
0 0 0
8.4232465397e+02 1.4752594203e-01 -4.8566542826e-01
6.9833770643e-01 -5.4757453797e-02 7.1367084082e-01
-1.0354541079e-01 9.7885273711e-01 1.7642467788e-01
-7.0823922207e-01 -1.9710134529e-01 6.7789989232e-01
-3.4307220726e+00 1.9319681386e+00 -1.3161142422e+01
1.4247944604e+03 4.0044088745e-01 -1.4351067048e+00
9.7479360705e-01 5.4460442139e-02 2.1635961708e-01
-1.2914501225e-01 9.2850510259e-01 3.4813767432e-01
-1.8193127678e-01 -3.6730414469e-01 9.1213413258e-01
-1.8059553974e+00 -1.3615059359e+01 -3.9658134242e+01
8.7520694262e+02 5.0117603717e-02 -1.4313228010e-01
9.9081777862e-01 4.6799957802e-02 1.2684594401e-01
-9.0491774988e-02 9.2660916107e-01 3.6497493240e-01
-1.0045580233e-01 -3.7310216639e-01 9.2233584188e-01
-9.2183152213e-02 -1.1996716491e+01 -3.8136208070e+01
0 0 0
0 0 0
0 0 0
0 0 0
0 0 0
6.4445341039e+03 -7.2462886912e-01 -8.4810144569e-02
9.0014362985e-01 1.2029101642e-02 4.3542708499e-01
-3.4353897848e-01 6.3418784557e-01 6.9266640369e-01
-2.6781041036e-01 -7.7308542688e-01 5.7499261461e-01
-1.6951872153e+00 -2.8704669467e+00 -2.4243510224e+01
8.2233269732e+02 -9.3968174897e-02 -4.6983175672e-01
9.6246042863e-01 3.8134722345e-02 2.6872972718e-01
-1.1307277050e-01 9.5640922715e-01 2.6925069880e-01
-2.4674779005e-01 -2.8952915774e-01 9.2481803341e-01
-1.5812259403e+00 -1.0283457494e+01 -5.9437334902e+01
0 0 0
0 0 0
0 0 0
0 0 0
0 0 0
0 0 0
0 0 0
0 0 0
0 0 0
0 0 0
1.8197630820e+03 -9.0060294436e-02 1.1109489863e-01
7.5570402694e-01 5.8664263442e-03 6.5488701981e-01
-1.6841869784e-01 9.6807038040e-01 1.8567412532e-01
-6.3288748280e-01 -2.5060990331e-01 7.3256270071e-01
-1.7880286675e+00 1.9560968477e+00 -1.4797442652e+01
5.1568341133e+04 1.5171706984e-01 2.0219928327e-04
8.5583639771e-01 -3.8833647213e-03 5.1723203674e-01
-6.1164644427e-02 9.9219600786e-01 1.0865527256e-01
-5.1361751004e-01 -1.2462745067e-01 8.4891993257e-01
-3.3840097729e+00 1.6485524235e+01 -8.6861240020e+02
0 0 0
0 0 0
0 0 0
0 0 0
0 0 0
0 0 0
0 0 0
0 0 0
0 0 0
0 0 0
0 0 0
0 0 0
0 0 0
0 0 0
0 0 0
0 0 0
0 0 0
0 0 0
0 0 0
0 0 0
2.4649743988e+02 -1.3461380583e-01 9.8171714983e-03
9.4156947998e-01 4.4240525701e-02 3.3390071915e-01
-1.6670834030e-01 9.2260570784e-01 3.4786065764e-01
-2.9266917098e-01 -3.8319901324e-01 8.7607264117e-01
-1.4981863385e+00 -2.1914354473e+00 -3.8792124594e+00
0 0 0
0 0 0
0 0 0
0 0 0
0 0 0
0 0 0
0 0 0
0 0 0
0 0 0
0 0 0
6.4483272135e+03 8.5596573715e-01 2.5023053875e-02
7.8417807502e-01 1.4878352785e-03 6.2053407078e-01
-1.1280818893e-01 9.8367606261e-01 1.4019884579e-01
-6.1019591867e-01 -1.7994218571e-01 7.7154504123e-01
-3.1727602965e+01 -8.8827528201e+00 -3.1653993774e+02
1.1555020702e+03 -1.0974461398e-01 1.3660143397e-01
9.7773866043e-01 3.4685195082e-02 2.0693972344e-01
-1.2117834619e-01 8.9848813758e-01 4.2194179106e-01
-1.7129775337e-01 -4.3762541502e-01 8.8268968263e-01
-1.2708057394e+00 -1.7068930346e+01 -4.3083032055e+01
0 0 0
0 0 0
0 0 0
0 0 0
0 0 0
0 0 0
0 0 0
0 0 0
0 0 0
0 0 0
6.0412966926e+02 1.6894226237e-01 -5.4737411260e-02
8.4031053845e-01 -2.3869485342e-01 4.8672678776e-01
-2.4368971355e-01 6.3569335588e-01 7.3246793841e-01
-4.8424531230e-01 -7.3411083921e-01 4.7601234571e-01
2.4277251518e+00 -1.0387388858e+01 -5.2798784592e+00
4.6125471638e+04 4.5579644408e-03 7.9786632856e-07
8.0207534075e-01 2.5205631812e-01 5.4142659729e-01
-5.7400042294e-01 5.7569689146e-01 5.8232001823e-01
-1.6492016925e-01 -7.7784362288e-01 6.0643271360e-01
-6.0089768993e+00 2.5016919288e+00 -2.3399846856e+02
0 0 0
0 0 0
0 0 0
0 0 0
0 0 0
0 0 0
0 0 0
0 0 0
0 0 0
0 0 0
0 0 0
0 0 0
0 0 0
0 0 0
0 0 0
5.8993527028e+02 2.9875784628e-01 1.2065757893e+00
-9.0129920039e-01 1.4142346878e-01 -4.0946202982e-01
3.3432243637e-01 -3.7399344235e-01 -8.6507653628e-01
-2.7547823857e-01 -9.1658513383e-01 2.8979895190e-01
6.2197802095e-01 7.6394629604e+00 8.7195320069e+00
1.3582296695e+03 8.0111892955e-02 -3.5730548134e-01
9.8718161537e-01 4.2025597325e-02 1.5396852742e-01
-1.1243792182e-01 8.6779097329e-01 4.8404187878e-01
-1.1327034918e-01 -4.9514914505e-01 8.6139256565e-01
2.0694257459e+00 -1.3815162640e+01 -3.9033111442e+01
0 0 0
0 0 0
0 0 0
0 0 0
0 0 0
0 0 0
0 0 0
0 0 0
0 0 0
0 0 0
0 0 0
0 0 0
0 0 0
0 0 0
0 0 0
0 0 0
0 0 0
0 0 0
0 0 0
0 0 0
3.8970751204e+03 -2.8614762497e-01 2.1507994709e-03
9.2794261063e-01 -1.3452099419e-02 3.7248027116e-01
-8.1922768666e-02 9.6754934212e-01 2.3903332515e-01
-3.6360854137e-01 -2.5232382285e-01 8.9672822921e-01
-3.5469654424e+00 -1.5128363160e+01 -1.4762411444e+02
4.5311069572e+03 3.1257016091e-01 2.0886713722e-02
9.0420261284e-01 -2.9131898337e-02 4.2610910273e-01
-8.3136678345e-02 9.6658304867e-01 2.4249845926e-01
-4.1893427605e-01 -2.5469303589e-01 8.7156498887e-01
-3.9705041048e+00 -2.0986884540e+01 -2.4456010504e+02
0 0 0
0 0 0
0 0 0
0 0 0
0 0 0
0 0 0
0 0 0
0 0 0
0 0 0
0 0 0
0 0 0
0 0 0
0 0 0
0 0 0
0 0 0
0 0 0
0 0 0
0 0 0
0 0 0
0 0 0
0 0 0
0 0 0
0 0 0
0 0 0
0 0 0
0 0 0
0 0 0
0 0 0
0 0 0
0 0 0
3.9808349433e-01 -7.8685758063e-01 5.1542745583e-01
161 161 159
12 11 221 -229.4700 -311.1899 34 24 -171.8900 -640.6500 41 187 -108.7800 -58.3199 51 2459 -54.6400 -534.7700 3 693 258.7000 -312.4200 10 2112 -122.8100 -611.8101 22 5896 414.4500 -295.2500 52 1842 6.4900 -295.5100 2 1931 13.1600 -508.4800 68 1801 -22.6500 -471.8600 82 2829 -71.3400 -416.1801 55 1527 -15.5100 -151.7600
-3.0277896424e-01 1.5618595248e+00 1.2015125693e+00
172 166 150
3 11 421 -325.7600 132.5601 34 214 -263.5300 -195.4400 29 2578 -63.8400 -357.5699
2.7282991582e+00 2.0988411024e-01 2.3806052350e+00
181 181 174
7 11 830 313.5601 -126.5900 34 440 371.1000 -460.6899 50 1036 10.1000 139.2700 58 163 224.1200 260.1600 64 625 152.6200 -134.9700 3 1833 459.4600 -240.8100 10 4381 16.1500 -563.8101
2.3287097103e+00 1.2347677872e+00 2.5898449464e+00
132 127 122
4 11 615 267.2700 75.3400 34 462 311.3000 -264.8800 50 664 -1.5200 211.8500 58 89 206.7700 399.5200
-1.6638587123e+00 -1.3086242227e+00 8.2034057345e-01
168 170 171
2 11 820 -431.5000 -199.2100 34 431 -378.6400 -518.1200
1.2111306419e+00 -7.4650535451e-01 9.1991036600e-01
115 112 103
8 11 1141 -69.6600 -314.9900 34 416 -6.5300 -646.0601 50 978 -114.6900 83.7100 41 1038 -9.0000 -63.1600 59 16896 -106.5800 933.3701 10 14131 -83.6300 -614.7400 22 40402 435.2500 -295.5601 77 4764 115.6700 -506.2400
-2.0284806116e+00 -1.6512631296e+00 8.8279890757e-01
106 100 88
3 11 1174 -453.4000 -208.0400 34 628 -400.8800 -529.2900 41 1063 -245.6300 5.9099
2.7726934170e+00 -7.8984458993e-02 2.2936788171e+00
97 89 78
8 11 1189 313.3800 -180.0300 34 635 374.2800 -513.7500 50 1015 8.6700 121.1100 58 275 219.8300 225.7900 64 1276 152.4200 -158.7500 59 17060 4.7000 975.6001 3 4850 460.8400 -262.0100 29 20546 96.6500 -447.5200
-3.4536080778e+00 -4.8698530453e-01 3.5179101504e-01
171 170 165
2 11 841 -743.6100 -56.5900 34 453 -678.5800 -347.0900
1.3901157168e+00 6.7938003565e-01 1.7575147061e+00
30 29 26
6 11 1857 24.2400 -43.1600 34 1054 80.0400 -372.3700 50 1679 -83.0400 176.3800 51 15784 -1.9100 -477.7200 3 4891 352.0699 -208.3900 22 40765 446.9500 -256.4301
8.7793714878e-01 -8.4142338109e-01 6.9060903464e-01
173 173 171
5 11 1709 -140.7100 -330.1200 34 953 -79.5800 -661.3000 41 1531 -50.8600 -72.6500 22 40384 426.0000 -297.6100 77 6852 102.2400 -508.9700
9.4002198805e-01 -8.1430435226e-01 8.2403579954e-01
79 76 64
6 11 1714 -116.8000 -314.7900 34 956 -53.9600 -644.6801 41 1535 -39.5600 -63.8900 3 5852 298.9200 -315.3700 10 14132 -95.4301 -614.7900 29 20408 -13.1200 -483.5800
-1.7572905466e+00 -3.0959808738e+00 7.4849361652e-01
75 74 71
3 11 1689 -384.0400 -380.5900 34 934 -336.1200 -715.6700 10 14099 -158.2400 -629.1599
2.0182261422e+00 -1.0984594635e+00 1.4794422027e+00
53 48 44
5 11 1703 116.0800 -345.3800 34 945 184.1000 -681.1100 64 1776 63.7400 -230.4500 41 1526 111.8600 -80.5900 10 14115 -36.8101 -622.3899
6.6696773578e-01 8.0048128282e-01 1.4781564408e+00
115 109 98
6 11 1880 -121.1801 -11.2500 34 1070 -63.2000 -337.9301 58 463 -39.6300 367.0900 59 28485 -120.2600 1033.0801 10 14405 -93.7900 -530.8900 29 20716 -11.8700 -400.9100
1.9484048587e-01 1.1013176889e+00 1.2738378567e+00
83 76 70
8 11 2869 -227.8800 37.9900 34 1659 -169.6000 -288.7400 41 1640 -108.7900 180.3000 51 15910 -53.3300 -457.9700 59 28568 -151.1200 1051.2500 10 14446 -120.1600 -515.9800 77 11324 84.1700 -432.3700 68 12779 -22.9900 -416.3101
4.4008935237e-01 1.0472403214e+00 1.4843968963e+00
64 57 48
7 11 2872 -159.2500 39.6400 34 1658 -102.1500 -288.5699 58 476 -62.7000 405.2800 10 14451 -103.0600 -515.7100 27 11832 210.5601 212.2500 29 20759 -22.0300 -386.3101 68 12781 -12.9100 -415.9700
3.7711291318e-01 4.5236838649e+00 5.3030711872e+00
85 72 55
5 11 2288 214.8400 1087.0300 34 1386 257.3700 647.5601 71 1704 450.2400 -398.6700 25 2554 640.3701 -770.5500 27 12447 320.7600 451.1000
2.0377680313e-01 4.5987835827e+00 5.2448484088e+00
96 78 65
5 11 2293 175.6899 1104.2000 34 2071 222.4900 662.6600 71 1705 428.0400 -393.5900 25 2557 608.3401 -757.4200 27 12454 311.0800 456.3600
8.7536506072e-01 -5.7388037763e-01 8.4279939071e-01
99 88 70
7 11 1730 -132.5500 -280.1300 34 967 -70.5900 -607.8900 50 2420 -135.2800 96.8900 59 27972 -124.3900 943.6499 10 21980 -98.3600 -606.2300 29 32885 -18.2600 -474.5699 77 11155 104.5700 -499.7200
1.4151437369e+00 1.3766248580e-01 1.6309726344e+00
116 112 102
6 11 2749 23.3400 -134.1899 34 1561 83.4900 -462.3101 50 2514 -83.1300 143.7500 64 2886 28.5100 -139.3800 10 22166 -59.1899 -565.5500 29 33099 22.8300 -434.7600
1.4304396169e+00 4.3036859686e-01 1.7401417395e+00
186 181 175
8 11 2784 33.3101 -82.3199 34 1587 90.1000 -411.8800 50 3686 -80.3700 162.3600 41 2401 63.3900 97.7400 51 26827 -0.0800 -485.4500 59 47175 -75.3101 1008.7700 10 22254 -54.5100 -549.7200 77 11283 134.9700 -456.8400
1.9077069822e-02 3.7833640820e+00 3.8879419977e+00
185 179 172
5 11 2236 -4.6899 805.9800 34 2006 53.6100 410.1899 17 2838 135.1899 -708.5000 76 639 36.1200 -294.6100 41 1861 11.6800 691.3201
3.5041844514e-01 3.7068703747e+00 3.9707169278e+00
199 196 188
5 11 7185 61.7100 788.5601 34 4291 115.2200 394.9800 54 4285 102.4399 542.1200 17 6438 199.6300 -726.6899 41 2739 56.5000 672.4000
1.2056634335e+00 4.1958780968e+00 5.6333830858e+00
180 180 182
5 11 10592 407.6200 1015.7500 34 6528 436.2600 585.0500 71 4857 559.0300 -418.2900 25 8495 802.2300 -826.3300 27 40896 368.3700 428.2300
-4.5434908271e+00 2.3272488229e+00 1.7447636007e+00
166 163 158
2 11 56 -865.3500 522.6500 34 14 -755.4700 219.9400
2.9570130003e+00 2.6073544312e+00 5.6517986291e+00
161 153 149
2 11 58 720.7700 609.0100 34 59 735.3800 243.8600
-3.3074139334e+00 3.4213247009e+00 2.7202206591e+00
173 167 156
2 11 61 -650.2800 749.8800 34 18 -532.7900 409.4399
1.3191945986e+00 6.3207753549e-01 1.6923753532e+00
112 107 102
2 11 103 7.3400 -53.5900 34 32 62.4800 -381.3600
3.2476301951e+00 2.9856622464e-01 3.2279287268e+00
189 182 172
2 11 104 489.5000 -51.5900 34 30 547.8000 -386.2100
-1.4812142990e+00 5.7128442993e-01 6.7440559020e-01
161 159 146
2 11 106 -516.0100 2.1899 34 36 -451.1700 -311.4800
-4.2251161825e+00 1.3613540487e+00 1.1918859607e+00
182 178 175
2 11 120 -837.7700 307.2200 34 43 -744.1300 20.2800
3.2639976511e+00 1.9120382471e+00 5.1743840912e+00
189 186 181
3 11 128 710.9600 418.2600 34 46 743.8199 69.0100 54 45 945.4399 213.8500
-4.9326515261e+00 1.9682423368e+00 1.5756277211e+00
183 182 178
2 11 132 -910.4000 460.4399 34 52 -797.2600 179.0800
-2.3576145562e+00 2.6061600524e+00 2.0270308812e+00
141 140 137
2 11 134 -565.4700 499.5500 34 50 -472.1200 172.1600
-3.1808031996e+00 2.7017719308e+00 2.1274351931e+00
186 185 180
2 11 142 -669.7800 560.4900 34 58 -563.3200 241.1700
2.5943684075e+00 2.9628364963e+00 5.6176604952e+00
211 203 189
2 11 147 654.8899 693.7400 34 153 670.5100 314.7800
2.5943684075e+00 2.9628364963e+00 5.6176604952e+00
211 203 189
2 11 148 654.8899 693.7400 34 154 670.5100 314.7800
-2.6764076932e+00 3.5356685202e+00 2.8739323762e+00
135 128 113
3 11 149 -550.4900 761.2100 34 67 -437.1100 409.4200 17 115 -350.3000 -778.9900
-1.5609042970e+00 3.8067458731e+00 3.3530482982e+00
154 147 136
2 11 151 -334.6400 820.3400 34 163 -241.5700 443.4800
3.5800931475e+00 6.8922105796e-01 4.1670556284e+00
194 188 172
3 11 252 647.3701 86.6899 34 101 699.6100 -241.1800 50 268 128.4500 193.6300
3.8551684763e+00 5.6685348301e-01 4.7276155781e+00
182 177 174
2 11 254 744.7100 113.1300 34 39 802.0300 -213.8200
-3.7047330043e+00 5.7846560297e-01 7.2037636548e-01
183 179 170
2 11 256 -790.5700 127.9000 34 108 -709.4000 -159.6900
-3.8459446444e+00 4.7029463175e-01 7.8629373229e-01
183 179 170
3 11 257 -790.5700 127.9000 34 109 -709.4000 -159.6900 64 261 -309.5900 -56.3400
-8.6917403671e-01 1.4866606635e+00 1.0527724957e+00
70 58 46
2 11 258 -426.2300 139.4299 34 105 -359.4700 -184.4900
3.6413392275e+00 9.2261629421e-01 4.4052716789e+00
65 57 44
3 11 259 689.4600 147.4900 34 102 735.7000 -187.3000 54 110 948.1201 -130.9800
3.6413392275e+00 9.2261629421e-01 4.4052716789e+00
65 57 44
3 11 260 689.4600 147.4900 34 103 735.7000 -187.3000 54 111 948.1201 -130.9800
1.5768971012e+00 1.7145037215e+00 2.3240595582e+00
185 174 152
2 11 263 105.4301 165.7600 34 106 150.1700 -172.5500
1.5852880150e+00 1.7284885041e+00 2.3083893061e+00
185 174 152
3 11 264 105.4301 165.7600 34 107 150.1700 -172.5500 50 282 -54.5100 251.9500
3.1538838909e+00 1.3385235189e+00 4.1723066232e+00
164 160 151
2 11 268 580.4299 216.6100 34 110 624.1600 -121.1100
3.1538838909e+00 1.3385235189e+00 4.1723066232e+00
164 160 151
2 11 269 580.4299 216.6100 34 111 624.1600 -121.1100
2.2386045071e+00 1.8564505022e+00 3.0967887809e+00
68 55 39
4 11 270 305.6500 238.2500 34 113 344.5200 -107.3100 54 115 444.9200 -83.3000 50 288 17.4900 266.8200
2.6595872087e+00 1.9512179090e+00 4.1387390120e+00
156 152 143
4 11 278 494.1899 344.6100 34 121 529.9500 -2.5200 54 124 672.1100 84.7600 50 293 88.3300 290.9900
1.1303974217e+00 2.4898160367e+00 2.4956857124e+00
173 162 144
3 11 279 38.8101 349.6300 34 120 82.1200 -8.4300 54 119 113.4100 13.4900
-2.7218404101e+00 2.1658609019e+00 1.5973126500e+00
159 157 151
3 11 282 -648.9700 398.5901 34 125 -555.0300 89.4500 64 287 -257.8400 62.0900
2.3635402576e+00 2.2953106789e+00 4.0994787026e+00
185 177 165
2 11 284 441.1000 418.3401 34 124 475.1801 64.4500
-3.7178536258e+00 2.1534839416e+00 1.6974308907e+00
174 173 168
2 11 285 -761.5100 452.4399 34 131 -658.3000 149.8600
-1.1891175266e+00 2.7062764265e+00 2.1478036279e+00
144 134 125
2 11 286 -387.2700 473.1100 34 129 -304.8300 133.0100
-1.1891175266e+00 2.7062764265e+00 2.1478036279e+00
144 134 125
2 11 287 -387.2700 473.1100 34 130 -304.8300 133.0100
2.2445388133e+00 2.5488100269e+00 4.2838714852e+00
87 75 66
2 11 289 441.2400 493.4299 34 240 474.0800 129.7200
-1.9204308484e+00 2.7302815972e+00 2.1816997060e+00
58 49 39
2 11 290 -491.1800 514.6500 34 137 -398.7100 182.3700
-1.9204308484e+00 2.7302815972e+00 2.1816997060e+00
58 49 39
2 11 291 -491.1800 514.6500 34 138 -398.7100 182.3700
-1.3865359065e+00 3.1339514535e+00 2.5686792310e+00
59 48 31
2 11 297 -382.4600 604.5801 34 143 -292.7000 252.6200
6.3568283239e-01 3.4017149218e+00 3.6725431080e+00
150 143 115
2 11 304 80.0500 677.9700 34 151 130.0000 294.3400
8.2809118540e-01 3.5246980169e+00 4.1163342191e+00
154 151 134
3 11 308 164.7300 738.7600 34 157 209.0000 349.2100 54 147 230.8300 499.3201
-1.1497129958e+00 3.7657678849e+00 3.3760868299e+00
86 72 57
2 11 315 -266.3500 799.3700 34 162 -179.6800 418.5900
5.4474983254e-02 4.0587726416e+00 4.3824857754e+00
194 185 181
3 11 318 54.5300 910.5400 34 268 109.5699 502.1200 25 428 524.8400 -903.7400
-1.4975102679e+00 4.0906711153e+00 3.7030587729e+00
89 75 70
2 11 319 -290.1801 910.2500 34 170 -198.7800 518.4299
2.1991300315e+00 5.5971124004e-01 2.2071968493e+00
194 190 183
5 11 393 206.2000 -61.3199 34 200 260.4200 -393.9100 50 418 -23.7400 165.3500 58 58 161.5900 310.9600 64 415 108.7900 -105.0300
-2.2765825719e+00 -1.0505277881e-01 5.6217243722e-01
89 78 67
2 11 398 -596.5900 -53.3600 34 202 -533.6400 -356.1500
-5.3911022918e+00 -1.0740734934e+00 2.6085820926e-02
190 187 178
2 11 399 -955.3800 -54.7500 34 206 -893.5200 -325.8900
-5.3911022918e+00 -1.0740734934e+00 2.6085820926e-02
190 187 178
2 11 400 -955.3800 -54.7500 34 207 -893.5200 -325.8900
-3.2626353420e+00 -1.0519906871e-01 5.0789062584e-01
169 163 141
3 11 407 -724.0000 -3.9000 34 211 -654.5900 -295.8700 64 417 -282.4300 -104.9300
1.0058021031e+00 9.4626180930e-01 1.7637541278e+00
173 172 168
5 11 408 -39.6700 19.6700 34 208 18.8800 -309.0601 50 434 -102.7000 202.0400 64 430 4.0500 -70.0700 59 3240 -95.9399 1044.8799
3.3101151604e+00 7.2796808957e-01 3.7497650630e+00
170 166 155
3 11 410 557.4500 64.9000 34 212 609.6700 -267.8400 50 428 98.3000 190.7900
-2.1525866524e+00 7.4509768922e-01 7.7277356504e-01
179 174 155
2 11 416 -601.2600 73.5699 34 320 -528.7200 -231.3800
1.3119047563e+00 1.3983772014e+00 2.0409851669e+00
179 175 164
2 11 417 32.3500 99.8600 34 213 83.8199 -233.9600
-2.8712120671e-01 1.5737696269e+00 1.1915189115e+00
172 166 150
2 11 422 -325.7600 132.5601 34 215 -263.5300 -195.4400
3.6621730581e+00 1.0217112577e+00 4.7030845884e+00
186 182 173
3 11 426 721.2100 191.5200 34 221 767.5400 -136.5700 50 437 156.5200 224.0300
2.9347513886e+00 1.3940193168e+00 3.7168226338e+00
166 158 146
2 11 427 496.2800 188.5400 34 218 537.1899 -150.2300
-1.8149379844e+00 1.4760068947e+00 1.1409665865e+00
175 167 153
2 11 428 -546.6000 199.7600 34 225 -471.0100 -114.4500
2.5398355788e+00 1.8893146407e+00 3.6996924809e+00
165 159 145
2 11 437 427.1300 293.2300 34 230 464.2100 -53.1300
2.1024520665e+00 2.0476594822e+00 3.2222043627e+00
150 147 140
2 11 438 296.4399 292.7400 34 231 335.1100 -55.0900
-1.3620397363e-01 2.7584237661e+00 2.1989793646e+00
146 135 109
2 11 449 -217.6801 437.3201 34 350 -153.7300 82.4200
-9.6102809660e-01 2.6114272988e+00 2.0706227401e+00
155 149 137
2 11 450 -357.3600 436.8301 34 351 -281.2300 96.8800
1.1070125471e+00 2.7670067573e+00 3.0048950651e+00
120 113 98
2 11 454 92.1801 456.6899 34 237 135.1801 94.8600
-1.5276800900e+00 2.6602519949e+00 2.0746470093e+00
187 186 181
3 11 459 -444.8500 471.8101 34 244 -359.7500 139.2400 64 294 -175.3600 107.8200
-7.8302443023e-01 2.8127157491e+00 2.2644109051e+00
153 144 124
2 11 463 -313.7600 485.2800 34 354 -238.8200 137.2000
-7.8302443023e-01 2.8127157491e+00 2.2644109051e+00
153 144 124
2 11 464 -313.7600 485.2800 34 355 -238.8200 137.2000
1.5439467466e+00 2.7629989082e+00 3.5540563951e+00
140 133 123
2 11 466 232.9301 492.0500 34 241 272.1100 126.8800
1.5439467466e+00 2.7629989082e+00 3.5540563951e+00
140 133 123
2 11 468 232.9301 492.0500 34 242 272.1100 126.8800
1.3077646302e+00 2.8903830891e+00 3.4749024311e+00
142 133 118
2 11 470 181.7500 520.0500 34 357 221.5699 153.3100
1.0402832751e+00 3.0783581655e+00 3.4230939233e+00
139 132 122
2 11 472 125.8700 567.4099 34 245 169.8900 192.8200
1.2738162476e+00 3.1137828540e+00 3.8935169842e+00
183 177 168
2 11 475 221.3199 610.6599 34 248 263.6600 234.3800
8.7602958476e-01 3.2120263093e+00 3.5795470711e+00
77 64 55
2 11 477 112.8700 617.8500 34 250 161.2200 240.1000
-2.6809043740e-01 3.2972781894e+00 2.8886130805e+00
75 60 45
3 11 480 -168.3600 620.0100 34 253 -100.6800 250.5300 54 258 -165.0900 335.1100
7.3813413393e-01 -5.3741286551e-01 1.0630403322e+00
177 177 175
3 11 573 -126.1801 -240.1600 34 291 -62.2700 -564.7000 64 606 -35.1500 -185.3800
1.7247865621e+00 -6.2910965722e-02 1.6825738589e+00
171 172 166
2 11 581 77.7800 -176.7200 34 294 140.8300 -503.9200
-3.2424297424e+00 -1.1831732958e+00 1.7412356149e-01
148 148 148
2 11 583 -703.6200 -167.9100 34 300 -645.0400 -460.6400
-2.5639714547e+00 -7.2726193153e-01 3.0268367261e-01
189 186 181
2 11 590 -634.1500 -138.5300 34 198 -572.4300 -441.6200
-3.4803046519e+00 -8.2926235284e-01 2.1192124307e-01
176 174 161
2 11 593 -745.7300 -108.3600 34 305 -683.1700 -401.7300
-4.9196462122e+00 -1.0104376169e+00 9.8766950712e-02
186 187 190
2 11 600 -903.2300 -68.3900 34 310 -839.8500 -337.3600
-4.1099992749e+00 -1.2202973462e-01 4.5053678208e-01
167 164 155
2 11 609 -827.1600 31.7800 34 315 -755.0500 -250.0700
-4.1099992749e+00 -1.2202973462e-01 4.5053678208e-01
167 164 155
2 11 610 -827.1600 31.7800 34 316 -755.0500 -250.0700
-1.1672186703e+00 1.0409097750e+00 8.8917255932e-01
111 102 88
2 11 613 -468.0000 71.8500 34 317 -402.0400 -244.6900
-1.2974528363e+00 1.2626711732e+00 1.0504458244e+00
146 140 126
2 11 620 -475.2900 128.4800 34 321 -406.8300 -187.2500
2.9537021712e+00 1.1764112357e+00 3.6189605556e+00
77 61 53
4 11 622 484.2900 141.6300 34 476 531.3199 -193.1000 54 323 684.7000 -170.7100 50 669 76.4600 221.9700
3.4016941295e+00 1.0110134867e+00 4.1828850157e+00
184 178 166
3 11 623 622.5701 149.5300 34 322 668.4800 -181.4100 54 324 864.4900 -135.8500
-2.7482156890e+00 9.7915618699e-01 9.4887453693e-01
182 175 165
2 11 626 -667.0900 155.3101 34 327 -587.8400 -142.5400
1.3823644118e+00 1.7485510573e+00 2.1579970708e+00
177 171 166
3 11 627 50.6700 165.0901 34 323 101.1899 -174.1600 51 3588 5.1700 -429.7300
-1.2232531163e+00 1.4700924522e+00 1.1343649828e+00
157 147 127
2 11 628 -465.3400 164.4299 34 325 -393.8300 -153.5900
2.7548862814e+00 1.4577046026e+00 3.6073292836e+00
104 88 72
4 11 629 450.8700 197.3201 34 328 492.3600 -142.4000 54 327 633.1700 -104.3300 50 445 66.5700 242.2400
-4.4950395110e+00 9.1224942027e-01 9.5280521145e-01
171 166 159
3 11 632 -870.5100 234.0601 34 336 -782.3200 -46.0900 64 660 -342.9600 -19.8200
2.3747064433e+00 1.9952238277e+00 3.5368668885e+00
100 85 63
2 11 644 380.4200 303.5300 34 334 417.0200 -45.1500
2.3747064433e+00 1.9952238277e+00 3.5368668885e+00
100 85 63
2 11 645 380.4200 303.5300 34 335 417.0200 -45.1500
3.5370382267e+00 1.6249190562e+00 5.2448495792e+00
163 156 148
3 11 655 764.0701 358.7900 34 341 800.0900 17.7400 50 691 178.7200 277.9900
1.6425114196e+00 2.4382790486e+00 3.0601009591e+00
87 74 58
2 11 657 194.8800 373.0000 34 343 235.2000 14.8600
-1.8357351245e+00 2.4098011187e+00 1.8238022608e+00
174 164 137
3 11 662 -510.5100 418.7300 34 352 -422.2200 94.0400 64 690 -201.7300 82.0400
-5.9886534524e+00 1.9361106800e+00 1.4116431759e+00
191 194 200
2 11 669 -1041.6100 486.3201 34 363 -927.5900 210.1600
3.8498935288e+00 1.8953944970e+00 6.2864975000e+00
129 117 105
2 11 670 924.4399 496.3800 34 356 949.1500 147.2100
-1.7341469531e+00 3.0303319345e+00 2.5072927001e+00
187 187 187
2 11 673 -436.2600 592.2500 34 369 -343.6600 249.9000
2.0590881182e+00 2.9051527457e+00 4.7222540077e+00
74 62 50
2 11 676 457.1801 615.9299 34 368 488.1300 243.3900
1.0183539993e+00 3.2329779196e+00 3.7789987675e+00
168 158 133
2 11 677 162.3700 635.4299 34 370 206.3600 256.6100
1.0183539993e+00 3.2329779196e+00 3.7789987675e+00
168 158 133
2 11 678 162.3700 635.4299 34 371 206.3600 256.6100
-4.6384058542e+00 3.0930391165e+00 2.3242272696e+00
164 156 143
2 11 685 -851.3700 701.4399 34 556 -722.7800 388.1799
-1.1648213109e+00 3.5844535256e+00 3.1383175311e+00
172 161 147
2 11 689 -290.8700 739.9299 34 551 -207.7500 367.5400
-2.7852015251e-01 4.1727700886e+00 4.2431674958e+00
143 131 117
3 11 700 -22.2000 939.0901 34 571 41.5500 525.9399 17 741 117.7500 -592.3500
1.2049422579e+00 4.1081298746e+00 5.5330319816e+00
121 112 98
2 11 704 396.0699 986.8201 34 394 423.6300 561.8101
-5.8605828376e+00 -4.2707769079e+00 -7.6751287987e-01
42 38 35
2 11 789 -904.4700 -405.1700 34 278 -879.2000 -711.0200
-5.7647159576e+00 -3.3965442648e+00 -6.9477291193e-01
163 166 170
2 11 804 -937.6600 -333.6500 34 285 -902.7200 -621.1000
1.6032963810e+00 -4.4425388294e-01 1.3010348625e+00
182 181 177
3 11 810 23.9301 -261.1801 34 286 86.5300 -591.3500 50 613 -83.1200 98.8400
-1.7031074904e+00 -1.7371753711e+00 7.2966845977e-01
172 173 168
2 11 811 -430.9800 -253.0200 34 289 -377.5900 -573.6400
-2.5296380656e+00 -1.6424377617e+00 2.8415727783e-01
184 176 163
2 11 813 -585.0900 -242.5500 34 426 -531.2800 -553.9200
-1.2886956669e+00 -1.0830911855e+00 8.9255944773e-01
167 168 163
2 11 822 -387.4700 -187.5100 34 432 -332.3800 -510.6500
2.2885951872e+00 -7.6973229594e-02 2.0093518713e+00
183 182 178
3 11 824 201.9100 -179.8800 34 433 264.2700 -509.0500 50 1019 -24.7000 123.7900
1.8858333954e+00 8.9794186810e-02 1.8378188070e+00
137 133 123
4 11 827 116.5000 -148.8700 34 435 180.0300 -478.7600 50 1028 -51.9500 135.4000 58 162 105.5000 257.3400
1.7432200486e+00 2.4418938876e-01 1.8115731374e+00
200 200 197
4 11 836 90.6400 -120.4900 34 663 152.4200 -451.3199 50 1044 -61.7600 146.8500 58 174 88.2800 278.1400
1.5084626281e+00 2.1791720224e-01 1.7178415147e+00
193 193 191
3 11 837 45.8600 -119.2400 34 442 105.9000 -448.4600 64 626 37.3900 -132.7200
-3.6591034478e+00 -5.0482173011e-01 3.0239933077e-01
134 126 123
2 11 842 -773.6200 -54.2100 34 455 -705.9100 -339.2800
3.4876709520e+00 2.1761476152e-01 3.5443764263e+00
110 101 94
3 11 843 562.3301 -45.9500 34 449 622.5400 -374.2900 50 1050 95.9300 155.0300
-2.5060019560e+00 -8.4148238652e-02 4.9132228644e-01
172 166 152
2 11 844 -636.4800 -44.4700 34 452 -570.8800 -346.1801
1.0654873571e+00 8.0185818228e-01 1.6163396606e+00
173 168 161
5 11 846 -45.6600 -20.4301 34 451 10.6700 -349.8400 50 653 -106.0100 186.7300 58 179 8.8400 357.4600 39 9 -366.3800 -162.1500
-5.7283266695e-01 9.3903833650e-01 7.6091144516e-01
179 170 154
3 11 849 -396.4800 7.5400 34 460 -336.6400 -314.2200 50 663 -228.8600 209.0000
-2.3419423725e+00 3.4079318320e-01 6.5944609267e-01
167 164 156
2 11 850 -616.9900 17.5800 34 461 -548.6500 -284.2600
-3.1380591878e+00 1.6486110419e-01 5.8841674107e-01
178 174 162
2 11 853 -714.0500 30.8800 34 463 -643.2500 -262.2000
2.9450880101e+00 1.0312979867e+00 3.2493395730e+00
163 154 137
2 11 861 445.9200 80.0300 34 697 491.8000 -260.1400
-4.4175721064e-01 1.3327857882e+00 9.8092571854e-01
153 153 146
2 11 862 -365.7100 82.1500 34 468 -304.8300 -243.2900
2.4386425723e+00 1.2947436872e+00 2.6833470434e+00
180 179 175
3 11 864 297.5699 89.6600 34 465 338.6000 -253.6500 50 1099 8.5900 215.2400
-1.7735281823e+00 1.5917707555e+00 1.2619146460e+00
164 161 146
2 11 885 -531.1100 226.2400 34 482 -453.6300 -87.1400
3.3258877896e+00 1.3263640914e+00 4.5934631195e+00
209 209 211
2 11 890 652.6201 248.6100 34 483 696.9200 -85.2900
3.3258877896e+00 1.3263640914e+00 4.5934631195e+00
209 209 211
2 11 891 652.6201 248.6100 34 484 696.9200 -85.2900
-1.3425126486e+00 1.9741522644e+00 1.5268978060e+00
76 55 39
2 11 897 -454.8500 291.1100 34 488 -378.6600 -31.5100
1.9204675665e+00 2.1463155261e+00 3.1353033463e+00
86 73 56
4 11 900 254.4800 310.4900 34 487 293.2700 -42.1300 54 486 371.8900 2.5000 50 697 2.5200 296.1600
-7.5859163295e-01 2.1787015161e+00 1.6972413770e+00
136 123 104
2 11 901 -356.3900 311.5000 34 492 -285.1400 -20.1400
-7.5859163295e-01 2.1787015161e+00 1.6972413770e+00
136 123 104
2 11 902 -356.3900 311.5000 34 493 -285.1400 -20.1400
1.7384908657e+00 2.2724185833e+00 3.0110164840e+00
150 143 127
2 11 907 207.1200 330.7300 34 758 247.6100 -21.8400
1.7384908657e+00 2.2724185833e+00 3.0110164840e+00
150 143 127
2 11 908 207.1200 330.7300 34 759 247.6100 -21.8400
-3.8955382753e+00 1.5877054847e+00 1.3375802346e+00
62 52 43
2 11 911 -794.7000 338.1400 34 503 -698.5100 47.1200
-3.3916309627e-01 2.4353942645e+00 1.9094966087e+00
82 66 48
2 11 914 -274.5200 356.7900 34 497 -209.3900 14.4900
2.1117387592e+00 2.2326124955e+00 3.5534523345e+00
101 88 69
3 11 915 334.5100 361.4800 34 496 372.1000 8.1300 50 699 33.8900 307.8700
1.7988545025e+00 2.4009696839e+00 3.1630403194e+00
131 119 102
2 11 916 235.8400 368.7800 34 773 272.6300 11.2000
3.7289744317e+00 1.5431561688e+00 5.7458852320e+00
76 63 59
2 11 923 839.8101 384.7600 34 779 878.7900 45.9800
1.4321587147e+00 2.5006303391e+00 2.9632660169e+00
165 158 151
2 11 924 146.4600 384.1300 34 499 187.9399 27.9100
-1.4371608962e-01 2.6031753247e+00 2.0973931786e+00
81 64 49
2 11 929 -225.6200 396.7300 34 502 -162.9400 48.1400
1.9018738650e+00 2.4368115434e+00 3.5303331157e+00
110 94 78
2 11 933 295.2400 408.0000 34 504 332.3000 51.8100
-4.6690604656e+00 1.8820837423e+00 1.5461441341e+00
182 180 181
2 11 936 -876.6400 434.9299 34 518 -770.5500 149.5200
1.6555904447e+00 2.6312997119e+00 3.4664922871e+00
99 83 64
2 11 939 243.6801 451.3401 34 509 281.6500 90.0900
-6.6642656566e-02 2.8089553850e+00 2.2969238555e+00
150 136 119
3 11 940 -197.5100 451.4299 34 789 -131.6700 98.8200 54 794 -184.1000 134.5100
-1.4839944837e+00 2.6044819422e+00 2.0911601982e+00
184 184 176
2 11 942 -433.6600 462.0400 34 515 -347.2200 129.4300
1.4327485569e+00 2.7804433504e+00 3.4107381198e+00
93 79 66
2 11 947 197.0000 485.8401 34 512 236.2700 121.1300
-1.7989499846e+00 2.7580681918e+00 2.1110874680e+00
65 53 42
3 11 955 -485.7900 506.6000 34 525 -394.7300 174.0100 64 1013 -193.2500 119.0700
-8.6960711358e-01 2.9424373750e+00 2.4695544770e+00
99 86 69
2 11 964 -306.4200 532.9800 34 823 -227.8300 183.7400
-1.5205571065e+00 3.0318306875e+00 2.5205125975e+00
109 94 76
2 11 970 -403.4200 584.3700 34 534 -312.9800 239.7200
7.3954374838e-01 3.2465700593e+00 3.4714018667e+00
75 58 42
2 11 976 76.4301 620.5800 34 536 124.9200 242.6100
7.3954374838e-01 3.2465700593e+00 3.4714018667e+00
75 58 42
2 11 977 76.4301 620.5800 34 537 124.9200 242.6100
-1.0356913102e+00 3.3855025527e+00 2.8891339850e+00
105 91 78
4 11 981 -299.3500 667.4299 34 543 -213.9700 304.9200 17 711 -130.9301 -854.5601 64 1040 -116.7900 197.7600
3.0610034775e+00 2.7594443194e+00 6.0921472310e+00
162 153 132
2 11 982 784.0300 678.6100 34 542 797.9301 303.6100
4.2843478132e-01 3.4591315428e+00 3.5304077263e+00
162 153 142
3 11 983 25.1000 686.1200 34 847 79.6899 301.8300 54 853 69.2400 415.9900
2.5932699657e+00 2.9769800838e+00 5.6599699777e+00
207 199 176
2 11 984 658.1201 701.1400 34 849 675.4200 320.5100
-1.9522813685e+00 3.4851713114e+00 2.9373489658e+00
197 195 189
2 11 989 -434.6100 730.7200 34 552 -334.5400 373.1899
-4.4036616737e+00 3.2656305543e+00 2.4762632272e+00
140 132 121
2 11 991 -814.0700 737.1000 34 561 -684.6600 415.8900
7.5592311728e-01 3.5462980053e+00 4.0566890881e+00
183 182 174
3 11 992 145.6700 741.5500 34 549 192.2900 350.9000 54 543 204.6899 497.2100
1.5420836392e+00 3.5155769717e+00 5.0744028385e+00
88 79 62
3 11 1001 404.3600 799.5500 34 559 433.5400 403.8201 54 556 508.2000 611.4700
-1.4564186328e+00 3.7547296505e+00 3.3325079270e+00
169 163 163
3 11 1002 -318.7900 802.0300 34 870 -226.3500 427.8000 17 724 -146.2800 -727.8600
-3.8987439904e+00 3.6643537291e+00 2.8422480435e+00
64 55 48
3 11 1003 -726.8900 825.3201 34 566 -596.2000 484.1500 17 1133 -498.8200 -732.4399
2.3535178277e+00 3.4439916663e+00 5.9894302397e+00
216 220 223
2 11 1006 654.7200 839.6100 34 873 666.2700 439.5100
1.3475942508e+00 3.7101616984e+00 5.1502391638e+00
173 168 164
2 11 1010 377.3101 856.8101 34 876 410.4800 453.4299
2.0445920008e+00 3.6158794490e+00 5.7844932458e+00
147 137 127
3 11 1012 577.8401 869.9700 34 879 593.3101 463.8700 71 730 674.0800 -480.6899
-2.8611159075e+00 4.1140282119e+00 3.4121415257e+00
185 181 169
2 11 1020 -534.7800 931.8301 34 890 -415.8200 557.5300
-2.8611159075e+00 4.1140282119e+00 3.4121415257e+00
185 181 169
2 11 1021 -534.7800 931.8301 34 891 -415.8200 557.5300
-3.8493391115e-01 4.6085193818e+00 4.7029428131e+00
193 189 185
4 11 1032 7.7500 1084.4600 34 1387 70.6899 647.0900 17 1157 142.6899 -467.4399 71 742 342.1300 -414.5400
-4.8188808438e+00 -3.4099257454e+00 -4.7788183967e-01
153 154 158
2 11 1133 -824.5200 -363.9600 34 415 -787.1900 -664.4700
2.2914726038e+00 -8.1883132775e-01 1.7006443110e+00
96 92 83
2 11 1143 176.4200 -308.7900 34 602 244.7200 -644.7000
2.1093419720e+00 -7.2023081723e-01 1.6445242029e+00
189 191 190
4 11 1144 142.2700 -290.7700 34 419 208.7500 -624.7100 50 983 -47.0100 87.6400 64 844 75.2200 -206.6800
-3.1339782583e+00 -2.0730789491e+00 1.2587862815e-01
179 179 171
2 11 1146 -649.9800 -269.8800 34 614 -600.2600 -576.4200
-3.1339782583e+00 -2.0730789491e+00 1.2587862815e-01
179 179 171
2 11 1147 -649.9800 -269.8800 34 615 -600.2600 -576.4200
2.8009180319e+00 -5.3982708410e-01 2.1577181874e+00
186 185 181
2 11 1152 304.2600 -258.2200 34 612 369.2100 -592.7100
1.9244138483e+00 -5.3418035208e-01 1.6340476674e+00
191 190 185
6 11 1153 111.6899 -256.6400 34 613 177.5500 -586.8101 50 2425 -56.3000 100.3900 64 1841 60.6300 -192.4700 51 15479 12.1000 -526.0200 59 16961 -57.4600 950.4299
2.5055086733e+00 -3.6993629325e-01 2.0471940836e+00
158 151 145
4 11 1164 242.5800 -227.8700 34 425 309.7400 -560.8600 50 1003 -12.6000 106.0700 64 1250 119.1400 -180.4600
1.5427665948e+00 -3.8634628300e-01 1.5186983246e+00
99 96 88
3 11 1166 37.3300 -224.2700 34 619 102.8400 -551.6801 51 10102 -1.5300 -519.6700
-2.3838761628e+00 -1.2257387705e+00 2.6088119142e-01
86 77 61
2 11 1175 -592.6700 -210.7900 34 632 -534.7600 -516.6700
3.7540906578e+00 -6.3580812076e-01 3.5175072452e+00
85 82 77
2 11 1186 593.0601 -183.1100 34 636 668.7100 -509.4100
1.5821975445e+00 -4.9507767420e-02 1.6046208728e+00
180 180 180
3 11 1193 46.8400 -173.3000 34 640 110.4600 -501.8600 50 1022 -74.9500 129.0000
3.1000392475e+00 -1.0373629426e-01 2.6137232740e+00
145 144 139
3 11 1194 402.5000 -167.8199 34 637 460.5900 -504.1500 50 1603 37.2000 122.3400
-3.6542174049e+00 -1.3128418772e+00 1.1979432662e-01
169 167 156
2 11 1198 -748.2000 -161.7000 34 661 -691.5100 -456.7900
3.6928466237e+00 -4.2291351298e-01 3.4447556517e+00
174 171 166
4 11 1199 578.7400 -159.9301 34 647 651.8101 -486.9399 27 7610 382.6801 145.4500 77 4797 232.7100 -483.4301
3.9593088215e+00 -6.8221197760e-01 3.9642023779e+00
176 170 158
2 11 1200 665.1699 -153.7900 34 437 747.6899 -475.8700
3.0088070469e+00 -3.9401975541e-03 2.5587012653e+00
187 186 181
3 11 1201 381.2700 -155.0699 34 648 438.4600 -489.8300 50 1625 30.5900 128.6200
-5.1531742488e+00 -1.7024977958e+00 -1.6817875449e-01
178 176 172
2 11 1203 -917.4000 -154.6801 34 665 -862.8100 -429.1000
3.1236830907e+00 3.8517811740e-02 2.7081381583e+00
180 179 177
3 11 1207 417.3600 -138.5699 34 656 472.4301 -475.6300 50 1025 42.1200 131.1800
4.6467402442e+00 -9.6794323947e-01 5.0829077755e+00
172 168 158
2 11 1211 869.1799 -113.5500 34 447 965.0500 -429.7600
4.2999224946e+00 -6.7276468769e-01 4.6053754371e+00
190 183 167
