# Bundle file v0.3
90 12552
0 0 0
0 0 0
0 0 0
0 0 0
0 0 0
2.2752451575e+04 -4.2536619475e-03 -4.4113449035e-05
-8.5282638109e-01 4.7287604991e-02 -5.2004908050e-01
-2.5938208244e-03 -9.9626272622e-01 -8.6335696227e-02
-5.2218812301e-01 -7.2280445238e-02 8.4976179099e-01
1.1233458611e+01 1.9242436406e+01 8.1436180557e+02
1.8697767272e+03 -1.7784972426e-01 4.8143535932e-01
9.6978103663e-01 2.3017310559e-02 2.4288874905e-01
-1.1288009239e-01 9.2490800705e-01 3.6304719146e-01
-2.1629337887e-01 -3.7949358611e-01 8.9955644201e-01
7.8998011405e-03 -1.7624046159e+01 -6.6612745029e+01
1.5572586774e+03 1.9775459481e-02 -9.3850668160e-02
9.9374217267e-01 4.8488611896e-02 1.0062479203e-01
-6.8640813851e-02 9.7578785065e-01 2.0766923028e-01
-8.8118856827e-02 -2.1327663971e-01 9.7300983655e-01
3.4045130678e+00 -3.9088751866e+00 -2.3732328970e+01
2.5389904320e+03 3.6998437172e-01 -6.7400122115e-01
9.2696511368e-01 6.1254789383e-02 3.7011285955e-01
-2.4972509707e-01 8.3698352563e-01 4.8692499805e-01
-2.7995187786e-01 -5.4378895594e-01 7.9115138720e-01
-1.4158086812e+01 -3.8929418757e+01 -9.7045715093e+01
1.5040843426e+03 9.4552528268e-02 2.0157034891e-02
8.5471492630e-01 -5.5264794494e-02 5.1614745688e-01
-7.5185762708e-02 9.7065200729e-01 2.2843332030e-01
-5.1362388558e-01 -2.3405230874e-01 8.2547563315e-01
-1.8098159879e+01 -1.2737422570e+01 -1.2893968294e+02
1.2266187645e+04 2.1748587384e+00 3.7322389495e-02
9.2857834403e-01 -2.8405690355e-02 3.7004780198e-01
5.8165662819e-03 9.9805812107e-01 6.2017372715e-02
-3.7109086024e-01 -5.5435581689e-02 9.2694038089e-01
5.3756576293e+00 6.1239087373e+00 -2.9995547074e+02
0 0 0
0 0 0
0 0 0
0 0 0
0 0 0
0 0 0
0 0 0
0 0 0
0 0 0
0 0 0
0 0 0
0 0 0
0 0 0
0 0 0
0 0 0
6.1274356754e+02 7.4406022948e-03 -6.8580645193e-02
-7.8858121228e-01 1.3771957526e-01 -5.9931042893e-01
-1.8843817692e-01 -9.8183120338e-01 2.2328044111e-02
-5.8534667088e-01 1.3054044073e-01 8.0020526631e-01
3.2663510110e+00 1.2016692662e+01 1.1501008797e+01
-1.5503552282e+03 6.2632558989e-01 -6.3382322146e-01
8.2195894188e-01 -1.0024031825e-01 5.6065620165e-01
-3.2271277046e-01 7.2915249500e-01 6.0348413965e-01
-4.6929731049e-01 -6.7697010099e-01 5.6698458245e-01
-1.9223628330e+00 -1.2640627648e+00 8.3913853028e+00
4.0956305007e+03 1.9439267518e+00 7.9935334815e-02
8.5630816055e-01 -1.1816621023e-01 5.0276543331e-01
-2.4077626538e-02 9.6328158766e-01 2.6741138866e-01
-5.1590367518e-01 -2.4109195267e-01 8.2202072254e-01
3.7684360849e+00 -2.3778164973e+01 -2.2175174648e+02
4.9006672367e+03 -1.3505437266e-01 5.2881981959e-02
9.1134652681e-01 -2.6144144358e-02 4.1080894803e-01
-1.8356585692e-01 8.6744527689e-01 4.6243082484e-01
-3.6844413992e-01 -4.9684522269e-01 7.8574406804e-01
-1.4960507639e+01 -2.9666737949e+01 -6.5853733374e+01
0 0 0
0 0 0
0 0 0
0 0 0
0 0 0
2.8638587617e+03 -1.6553571891e-01 -1.0138056161e-01
9.4904536232e-01 2.9516401961e-02 3.1375417492e-01
-1.3121531030e-01 9.4220842113e-01 3.0826260477e-01
-2.8652302282e-01 -3.3372454685e-01 8.9807153625e-01
-4.3705624813e+00 -1.7330473135e+01 -8.1760864015e+01
0 0 0
0 0 0
0 0 0
0 0 0
0 0 0
3.9304860302e+03 1.1933327542e-01 1.2851567871e-01
-6.7061247818e-01 3.1444576241e-01 -6.7186514019e-01
-9.1083843499e-03 -9.0913528442e-01 -4.1640133519e-01
-7.4175194064e-01 -2.7312432538e-01 6.1254155895e-01
8.8125514418e-01 8.3928633157e+00 1.7512102376e+01
0 0 0
0 0 0
0 0 0
0 0 0
0 0 0
0 0 0
0 0 0
0 0 0
0 0 0
0 0 0
0 0 0
0 0 0
0 0 0
0 0 0
0 0 0
1.1641738853e+03 -2.3622370275e+00 6.2036776988e+00
7.4889515615e-01 1.1990804093e-01 -6.5175003399e-01
2.9930854071e-01 8.1626193065e-01 4.9409600082e-01
5.9124482454e-01 -5.6510045327e-01 5.7540510527e-01
-8.7329393727e-01 -2.3016255062e+01 -3.3369879377e+01
5.9285684825e+04 -1.9593688372e-01 -9.3987209206e-05
9.4624410540e-01 -1.5297865147e-02 3.2309142408e-01
-4.9553917868e-02 9.8023266657e-01 1.9154197610e-01
-3.1963495150e-01 -1.9725591171e-01 9.2678131351e-01
1.6114476174e+01 -1.1353733058e+01 -2.4292236384e+03
0 0 0
0 0 0
0 0 0
0 0 0
0 0 0
1.9324767922e+03 -3.1239847560e-01 4.4425975246e-01
9.5676710501e-01 5.4362064587e-02 2.8572971968e-01
-1.2826358821e-01 9.6055635312e-01 2.4673861558e-01
-2.6104627695e-01 -2.7272011003e-01 9.2600139464e-01
8.7380813023e+00 -1.9594916602e+01 -9.6582154488e+01
2.9887818444e+03 1.2160207549e+00 2.6274735666e-01
-5.7256019657e-01 2.9769172390e-01 -7.6390736273e-01
-2.3279183345e-01 -9.5243151650e-01 -1.9667782961e-01
-7.8611881009e-01 6.5221498775e-02 6.1462457851e-01
-9.2708397699e-01 1.0226041730e+01 1.7615479133e+01
3.0392156151e+03 1.4532012223e-02 8.5658294321e-07
8.4182408324e-01 -2.9069131259e-02 5.3896864333e-01
-8.3787683218e-02 9.7940612831e-01 1.8369338576e-01
-5.3320899938e-01 -1.9979645002e-01 8.2205203092e-01
-6.1601106031e-01 -1.5828137514e+01 -4.7715917694e+02
7.0384840424e+02 -9.5495960343e-02 5.6100394826e-01
-8.4745231970e-01 -1.7906123005e-02 -5.3056944559e-01
3.0637275265e-01 -8.3269610931e-01 -4.6125147802e-01
-4.3354388736e-01 -5.5344065653e-01 7.1115619764e-01
-3.2327092409e+00 -3.0933936171e+00 1.4462964276e+01
2.4313598526e+03 -1.2706186520e-02 4.5578281046e-02
9.8397749398e-01 5.5295264990e-02 1.6950140118e-01
-1.5738915523e-01 7.1605271520e-01 6.8007143954e-01
-8.3767208086e-02 -6.9585267315e-01 7.1328263131e-01
-9.5032093904e-01 -2.3640080667e+01 -3.9724216507e+01
2.0975862962e+03 -7.4104093047e-02 -6.8663660005e-03
-9.5775533515e-01 -4.7191961368e-02 -2.8368580644e-01
1.1698847780e-02 -9.9202097728e-01 1.2552895122e-01
-2.8734622837e-01 1.1690722568e-01 9.5066547514e-01
1.3668667523e+00 8.7487050290e+00 4.1503692798e+01
3.0633114221e+03 1.6562767993e-01 2.2887473220e-01
9.0594832411e-01 -1.1224733697e-02 4.2323945868e-01
-1.2937828981e-01 9.4449280805e-01 3.0198442621e-01
-4.0313631957e-01 -3.2834028218e-01 8.5420943974e-01
-6.8968611038e+00 -2.4240883397e+01 -1.7337399353e+02
5.4994800149e+03 7.5199972793e-01 -4.0169867674e-03
8.2058679288e-01 -5.4367811587e-02 5.6893009801e-01
-7.7339549713e-02 9.7574504685e-01 2.0479306040e-01
-5.6626487566e-01 -2.1205127824e-01 7.9647871660e-01
-2.5852347142e+01 -2.0881211630e+01 -3.2242669498e+02
2.1566910733e+03 1.6759116544e-01 -9.9917087536e-01
9.4733795054e-01 2.2111481195e-02 3.1947126611e-01
-6.1475968678e-02 9.9161543183e-01 1.1366415716e-01
-3.1427935463e-01 -1.2731817525e-01 9.4075425564e-01
-2.1728258949e+00 3.4658792902e+00 -1.2540096803e+02
2.3850526136e+03 -3.3402811410e-01 4.4942695197e-01
4.9186930091e-01 -1.4027470677e-01 8.5929482569e-01
-1.3679126968e-01 9.6222915141e-01 2.3537886207e-01
-8.5985623180e-01 -2.3331966657e-01 4.5410262477e-01
-5.5418875728e+01 -7.2950655304e+00 -6.8275883884e+01
-4.3154482637e+03 -4.5291067957e-01 -1.3294883863e-02
7.5401564015e-01 -1.7816646511e-01 6.3223186025e-01
-3.2667321865e-01 7.3332526490e-01 5.9625385875e-01
-5.6986403872e-01 -6.5611795172e-01 4.9473650644e-01
-1.6075017867e+00 -2.9481348564e+00 2.2584470205e+01
0 0 0
0 0 0
0 0 0
0 0 0
0 0 0
0 0 0
0 0 0
0 0 0
0 0 0
0 0 0
0 0 0
0 0 0
0 0 0
0 0 0
0 0 0
2.5116782711e+03 -1.4955221098e-01 7.8085126287e-01
9.8598617725e-01 3.4352149347e-02 1.6325191609e-01
-1.5262961580e-01 5.8078624090e-01 7.9961962380e-01
-6.7345813931e-02 -8.1333097335e-01 5.7789036082e-01
-2.4180913278e+00 -1.8239337027e+01 -2.4441308012e+01
8.7889935719e+04 4.9151759601e-03 1.5558421644e-06
7.9036421504e-01 -1.2275536530e-01 6.0021290212e-01
3.9545904160e-02 9.8789926181e-01 1.4997056369e-01
-6.1135957427e-01 -9.4795404944e-02 7.8565469651e-01
-1.9634305067e+00 -1.1712462277e+00 -6.3566761595e+01
0 0 0
0 0 0
0 0 0
0 0 0
0 0 0
6.5920526958e+02 -2.5857087782e-01 9.9576326278e-02
-8.8276582356e-01 7.6585275619e-02 -4.6352906739e-01
3.3422824391e-01 -5.9100780668e-01 -7.3416704735e-01
-3.3017568312e-01 -8.0302208438e-01 4.9612453102e-01
1.5197732718e+00 2.3082677119e-01 4.9135676514e+00
0 0 0
0 0 0
0 0 0
0 0 0
0 0 0
0 0 0
0 0 0
0 0 0
0 0 0
0 0 0
1.5114461325e+03 -9.9758357755e-02 3.5827703472e-01
9.6852718881e-01 4.3234315179e-02 2.4512421041e-01
-1.4876341169e-01 8.9010380091e-01 4.3079539337e-01
-1.9956084756e-01 -4.5370256512e-01 8.6852141627e-01
-1.3728405120e+00 -1.6608474862e+01 -5.2192296966e+01
0 0 0
0 0 0
0 0 0
0 0 0
0 0 0
5.8310458808e+03 1.1446414036e-01 -9.1561182335e-03
9.1465178228e-01 -3.1641395824e-02 4.0300240600e-01
-2.2302717540e-01 7.9197422778e-01 5.6836229781e-01
-3.3715129572e-01 -6.0973407696e-01 7.1732374782e-01
-1.4726469507e+01 -4.0141210377e+01 -7.7095936448e+01
0 0 0
0 0 0
0 0 0
0 0 0
0 0 0
0 0 0
0 0 0
0 0 0
0 0 0
0 0 0
5.8285474772e+02 2.1754331959e-02 -1.1994072968e-01
9.5132510205e-01 -2.2637917320e-02 3.0735659243e-01
-1.0446810769e-01 9.1456699815e-01 3.9070912502e-01
-2.8994303697e-01 -4.0380035982e-01 8.6768560246e-01
-3.1786096043e+00 -1.5434385854e+01 -5.2696556024e+01
8.5092138341e+02 1.3690707061e-01 -4.7253524673e-01
7.0784224522e-01 -7.5693273489e-02 7.0230327084e-01
-1.1192322009e-01 9.6966355522e-01 2.1731493846e-01
-6.9744716551e-01 -2.3242873751e-01 6.7789699313e-01
-3.3973854530e+00 1.9356300360e+00 -1.3300877787e+01
1.5939088379e+03 2.6627507141e-01 -1.0355691551e+00
9.7522985285e-01 5.0409863738e-02 2.1537311751e-01
-1.3014181264e-01 9.1808555155e-01 3.7440890566e-01
-1.7885704546e-01 -3.9316378988e-01 9.0190486839e-01
-1.8111500667e+00 -1.3635730999e+01 -4.3798879135e+01
8.8430892988e+02 3.6350653169e-02 -7.0781624372e-02
9.9129665425e-01 4.5654373509e-02 1.2347721027e-01
-8.9117244961e-02 9.2307571305e-01 3.7415149957e-01
-9.6897161607e-02 -3.8189907850e-01 9.1911045795e-01
-1.1998259829e-01 -1.2026593274e+01 -3.8641412607e+01
0 0 0
0 0 0
0 0 0
0 0 0
0 0 0
6.4823832846e+03 -7.7251638525e-01 -8.7562708692e-02
9.0284876661e-01 -4.5828464445e-04 4.2995801493e-01
-3.4246463945e-01 6.0386284025e-01 7.1976915806e-01
-2.5996552723e-01 -7.9708811316e-01 5.4503987424e-01
-1.6795564062e+00 -2.8366325660e+00 -2.4505215243e+01
7.5773596151e+02 -2.9123715528e-02 -1.4608968751e-01
9.6144777591e-01 2.9538663150e-02 2.7339649151e-01
-1.1596203975e-01 9.4504116775e-01 3.0569592180e-01
-2.4934109073e-01 -3.2561427893e-01 9.1203309251e-01
-1.4909675673e+00 -1.0287041259e+01 -5.5011743777e+01
0 0 0
0 0 0
0 0 0
0 0 0
0 0 0
1.7972890067e+03 -1.1629133660e-01 4.8237141812e-01
-1.2448754585e-01 9.1514197756e-01 3.8342927879e-01
-9.6769898125e-01 -2.6597131307e-02 -2.5070156420e-01
-2.1922940636e-01 -4.0225334493e-01 8.8889297099e-01
-1.7296524214e+01 3.0767060821e-01 -6.8314316638e+01
1.7972373563e+03 -9.7524425340e-02 1.2025424199e-01
7.6447022085e-01 -1.1454105210e-02 6.4455727822e-01
-1.7324149153e-01 9.5941233992e-01 2.2252044313e-01
-6.2094497908e-01 -2.8177431656e-01 7.3145783712e-01
-1.7468404812e+00 1.9707758533e+00 -1.4673348236e+01
5.1657209611e+04 8.9254254430e-02 1.4014910501e-04
8.5076529069e-01 -1.4496520692e-02 5.2534585850e-01
-6.2191871546e-02 9.8981851615e-01 1.2802920055e-01
-5.2185303608e-01 -1.4159504217e-01 8.4120167188e-01
-3.4001983482e+00 1.6369567849e+01 -8.6404123730e+02
0 0 0
0 0 0
0 0 0
0 0 0
0 0 0
0 0 0
0 0 0
0 0 0
0 0 0
0 0 0
0 0 0
0 0 0
0 0 0
0 0 0
0 0 0
3.5311988802e+03 -7.0005441798e-01 1.7224110481e-02
8.4928508370e-01 -2.9764623657e-02 5.2709478634e-01
-6.2372650943e-02 9.8575992628e-01 1.5616344049e-01
-5.2423706376e-01 -1.6550357975e-01 8.3533470302e-01
-9.3541909540e+00 -1.0846416984e+01 -8.5945792403e+01
2.4506888437e+02 -1.3274082957e-01 9.4949047624e-03
9.4476944888e-01 3.9545188528e-02 3.2534115407e-01
-1.6982750626e-01 9.0809185729e-01 3.8278949416e-01
-2.8030217014e-01 -4.1689969631e-01 8.6465330429e-01
-1.4892050319e+00 -2.1962043458e+00 -3.8023772442e+00
0 0 0
0 0 0
0 0 0
0 0 0
0 0 0
9.4153099585e+02 1.4434682984e-02 -7.8472354655e-02
9.7852008716e-01 2.5811625776e-02 2.0452921308e-01
-1.1130527280e-01 9.0124239051e-01 4.1877594223e-01
-1.7352110902e-01 -4.3254585135e-01 8.8475675256e-01
-3.2235619226e+00 -2.1420352993e+01 -6.3034853827e+01
6.5093363324e+03 9.8640603121e-01 3.1545757206e-02
7.8951005153e-01 2.4796854130e-03 6.1373262069e-01
-1.1153469093e-01 9.8392008891e-01 1.3950366073e-01
-6.0351792952e-01 -1.7859202053e-01 7.7709137104e-01
-3.1999463884e+01 -8.9231910223e+00 -3.2349984509e+02
1.2509946235e+03 -8.0355869525e-02 1.8940245155e-01
9.7849407647e-01 3.1796041137e-02 2.0380960253e-01
-1.2103997733e-01 8.8856663871e-01 4.4249141513e-01
-1.6702893822e-01 -4.5764433826e-01 8.7330578462e-01
-1.2845395731e+00 -1.7079908604e+01 -4.6917429089e+01
0 0 0
0 0 0
0 0 0
0 0 0
0 0 0
0 0 0
0 0 0
0 0 0
0 0 0
0 0 0
6.1365632274e+02 1.8340202777e-01 -6.1102457106e-02
8.4308718078e-01 -2.5577479461e-01 4.7305735387e-01
-2.3945908555e-01 6.0908705665e-01 7.5609014262e-01
-4.8152191223e-01 -7.5072778813e-01 4.5226589101e-01
2.5011752590e+00 -1.0428789361e+01 -5.4019439000e+00
4.6911270973e+04 4.4265308557e-03 7.7577285153e-07
8.0507774109e-01 2.3605925618e-01 5.4417447420e-01
-5.7300486456e-01 5.4666717619e-01 6.1059022566e-01
-1.5334684867e-01 -8.0338722049e-01 5.7537267745e-01
-6.0313747782e+00 2.5788903306e+00 -2.4047866081e+02
1.7622381786e+03 -1.6847597762e-01 1.0745870223e+00
9.4819968541e-01 8.3592764990e-03 3.1756492107e-01
-7.2424505668e-02 9.7901631714e-01 1.9047766735e-01
-3.0930898399e-01 -2.0361034669e-01 9.2890838038e-01
-4.4553346480e+00 -8.8208537126e+00 -1.0126378551e+02
0 0 0
0 0 0
0 0 0
0 0 0
0 0 0
0 0 0
0 0 0
0 0 0
0 0 0
0 0 0
5.8192715521e+02 2.7475944753e-01 1.1810567487e+00
-9.0552108096e-01 1.5277909411e-01 -3.9584102914e-01
3.2729408521e-01 -3.4219065644e-01 -8.8078609005e-01
-2.7001880255e-01 -9.2712679987e-01 2.5985715927e-01
5.8305439091e-01 7.6437838452e+00 8.7511060319e+00
1.4112936060e+03 4.9956762004e-02 -1.6396561538e-01
9.8704381330e-01 3.8560053650e-02 1.5574862083e-01
-1.1248082042e-01 8.5852338115e-01 5.0028558750e-01
-1.1442279347e-01 -5.1132252667e-01 8.5173745841e-01
2.0719231180e+00 -1.3807229383e+01 -4.0551896593e+01
1.7163619711e+03 -1.4195284616e-02 -6.6121204498e-02
9.3302548329e-01 -1.4221812452e-02 3.5952911925e-01
-4.6520195188e-02 9.8606374307e-01 1.5973154369e-01
-3.5679030113e-01 -1.6575896555e-01 9.1936099894e-01
-4.7660131902e+00 7.5022957622e-01 -6.4676070674e+01
3.9808459303e+03 7.7035880677e-02 4.7388751939e-01
9.1897697779e-01 -1.0921090034e-02 3.9415992197e-01
-1.1572253098e-01 9.4812859317e-01 2.9607510305e-01
-3.7694775516e-01 -3.1769938718e-01 8.7004453292e-01
2.1802007091e+01 -2.4784927239e+01 -1.7598684006e+02
1.7118577997e+03 1.7325071630e+00 -2.8209966830e+00
9.9958954708e-01 2.0367777330e-02 -2.0146736900e-02
-2.0123622666e-02 9.9972247185e-01 1.2248228245e-02
2.0390614798e-02 -1.1837775593e-02 9.9972200631e-01
6.4889272951e-01 2.8878453698e+00 -6.3262732014e+01
9.5626419513e+03 3.4004023434e+00 6.3821310241e-02
8.4072915210e-01 -5.0157654675e-02 5.3912772373e-01
-4.9770724151e-02 9.8432592126e-01 1.6919029452e-01
-5.3916358170e-01 -1.6907599007e-01 8.2505511437e-01
1.3715833231e+00 -3.9979387561e+00 -4.0936993350e+02
3.9252323850e+03 -3.6290717692e-01 4.8351299760e-02
9.2810241774e-01 -1.3313316128e-02 3.7208689549e-01
-8.0005139646e-02 9.6888484933e-01 2.3422494822e-01
-3.6362766645e-01 -2.4715360477e-01 8.9815923746e-01
-3.6068538490e+00 -1.5227277385e+01 -1.4993443924e+02
4.4799268770e+03 2.9941624324e-01 2.0849709046e-02
9.0493149783e-01 -2.8576715054e-02 4.2459669757e-01
-8.1715119666e-02 9.6750751560e-01 2.3927358080e-01
-4.1763814894e-01 -2.5122216981e-01 8.7319287557e-01
-3.9965763169e+00 -2.1140426280e+01 -2.4388466548e+02
0 0 0
0 0 0
0 0 0
0 0 0
0 0 0
2.1024655916e+03 -5.2175376147e-01 -5.0205106667e-02
8.3920346070e-01 -1.6079108408e-02 5.4357981366e-01
-1.5851309968e-01 9.4892556795e-01 2.7278904618e-01
-5.2020298805e-01 -3.1509003278e-01 7.9379287126e-01
-1.2014974798e+01 -2.4082220956e+01 -1.3471860553e+02
0 0 0
0 0 0
0 0 0
0 0 0
0 0 0
1.0865295375e+03 -9.9391927463e-02 -1.4761420708e-01
9.2821806375e-01 -4.5416851705e-04 3.7203631525e-01
-8.7499334015e-02 9.7168215693e-01 2.1949408296e-01
-3.6160073656e-01 -2.3629130250e-01 9.0189319084e-01
1.9446439845e+00 -1.3340251190e+01 -1.1571541685e+02
0 0 0
0 0 0
0 0 0
0 0 0
0 0 0
0 0 0
0 0 0
0 0 0
0 0 0
0 0 0
-3.0972972740e-01 1.5443004714e+00 1.1824658183e+00
172 166 150
3 11 421 -325.7600 132.5601 34 214 -263.5300 -195.4400 29 2578 -63.8400 -357.5699
2.7896548687e+00 1.7657999914e-01 2.2781969945e+00
181 181 174
7 11 830 313.5601 -126.5900 34 440 371.1000 -460.6899 50 1036 10.1000 139.2700 58 163 224.1200 260.1600 64 625 152.6200 -134.9700 3 1833 459.4600 -240.8100 10 4381 16.1500 -563.8101
2.3790746308e+00 1.1978389906e+00 2.5349106001e+00
132 127 122
4 11 615 267.2700 75.3400 34 462 311.3000 -264.8800 50 664 -1.5200 211.8500 58 89 206.7700 399.5200
-1.6778974782e+00 -1.3620804366e+00 6.8507497246e-01
168 170 171
2 11 820 -431.5000 -199.2100 34 431 -378.6400 -518.1200
-2.1834721545e+00 -1.8753674880e+00 8.1294024957e-01
106 100 88
3 11 1174 -453.4000 -208.0400 34 628 -400.8800 -529.2900 41 1063 -245.6300 5.9099
2.8377606606e+00 -1.0895634115e-01 2.1772230547e+00
97 89 78
8 11 1189 313.3800 -180.0300 34 635 374.2800 -513.7500 50 1015 8.6700 121.1100 58 275 219.8300 225.7900 64 1276 152.4200 -158.7500 59 17060 4.7000 975.6001 3 4850 460.8400 -262.0100 29 20546 96.6500 -447.5200
-3.4909268740e+00 -5.1127692097e-01 2.4938530260e-01
171 170 165
2 11 841 -743.6100 -56.5900 34 453 -678.5800 -347.0900
1.4308625685e+00 6.6452074948e-01 1.6798990074e+00
30 29 26
6 11 1857 24.2400 -43.1600 34 1054 80.0400 -372.3700 50 1679 -83.0400 176.3800 51 15784 -1.9100 -477.7200 3 4891 352.0699 -208.3900 22 40765 446.9500 -256.4301
8.7892637439e-01 -8.7840162255e-01 5.6845089534e-01
173 173 171
6 11 1709 -140.7100 -330.1200 34 953 -79.5800 -661.3000 41 1531 -50.8600 -72.6500 22 40384 426.0000 -297.6100 77 6852 102.2400 -508.9700 44 12219 -15.6900 -502.5800
9.5584987310e-01 -8.3867391643e-01 6.9533187918e-01
79 76 64
7 11 1714 -116.8000 -314.7900 34 956 -53.9600 -644.6801 41 1535 -39.5600 -63.8900 3 5852 298.9200 -315.3700 10 14132 -95.4301 -614.7900 29 20408 -13.1200 -483.5800 44 19421 -12.0100 -499.9800
-1.7570362881e+00 -3.1671196753e+00 5.3281341745e-01
75 74 71
3 11 1689 -384.0400 -380.5900 34 934 -336.1200 -715.6700 10 14099 -158.2400 -629.1599
2.0662828848e+00 -1.1270164945e+00 1.3254605108e+00
53 48 44
5 11 1703 116.0800 -345.3800 34 945 184.1000 -681.1100 64 1776 63.7400 -230.4500 41 1526 111.8600 -80.5900 10 14115 -36.8101 -622.3899
6.9383861130e-01 7.8647310351e-01 1.4132865678e+00
115 109 98
6 11 1880 -121.1801 -11.2500 34 1070 -63.2000 -337.9301 58 463 -39.6300 367.0900 59 28485 -120.2600 1033.0801 10 14405 -93.7900 -530.8900 29 20716 -11.8700 -400.9100
2.1761667602e-01 1.1009592772e+00 1.2183217396e+00
83 76 70
8 11 2869 -227.8800 37.9900 34 1659 -169.6000 -288.7400 41 1640 -108.7900 180.3000 51 15910 -53.3300 -457.9700 59 28568 -151.1200 1051.2500 10 14446 -120.1600 -515.9800 77 11324 84.1700 -432.3700 68 12779 -22.9900 -416.3101
4.7099418257e-01 1.0442454888e+00 1.4228655557e+00
64 57 48
7 11 2872 -159.2500 39.6400 34 1658 -102.1500 -288.5699 58 476 -62.7000 405.2800 10 14451 -103.0600 -515.7100 27 11832 210.5601 212.2500 29 20759 -22.0300 -386.3101 68 12781 -12.9100 -415.9700
4.0848484821e-01 4.3920226693e+00 5.4198256214e+00
85 72 55
5 11 2288 214.8400 1087.0300 34 1386 257.3700 647.5601 71 1704 450.2400 -398.6700 25 2554 640.3701 -770.5500 27 12447 320.7600 451.1000
2.3179733275e-01 4.4686866305e+00 5.3661706138e+00
96 78 65
5 11 2293 175.6899 1104.2000 34 2071 222.4900 662.6600 71 1705 428.0400 -393.5900 25 2557 608.3401 -757.4200 27 12454 311.0800 456.3600
1.4528424381e+00 1.1496069473e-01 1.5348288416e+00
116 112 102
6 11 2749 23.3400 -134.1899 34 1561 83.4900 -462.3101 50 2514 -83.1300 143.7500 64 2886 28.5100 -139.3800 10 22166 -59.1899 -565.5500 29 33099 22.8300 -434.7600
1.4509638151e+00 3.9054199301e-01 1.6695910436e+00
186 181 175
8 11 2784 33.3101 -82.3199 34 1587 90.1000 -411.8800 50 3686 -80.3700 162.3600 41 2401 63.3900 97.7400 51 26827 -0.0800 -485.4500 59 47175 -75.3101 1008.7700 10 22254 -54.5100 -549.7200 77 11283 134.9700 -456.8400
3.9467005821e-02 3.6980456412e+00 3.9659713306e+00
185 179 172
5 11 2236 -4.6899 805.9800 34 2006 53.6100 410.1899 17 2838 135.1899 -708.5000 76 639 36.1200 -294.6100 41 1861 11.6800 691.3201
3.7664988825e-01 3.6209158910e+00 4.0419243504e+00
199 196 188
5 11 7185 61.7100 788.5601 34 4291 115.2200 394.9800 54 4285 102.4399 542.1200 17 6438 199.6300 -726.6899 41 2739 56.5000 672.4000
1.2531679511e+00 4.0541654935e+00 5.7298877090e+00
180 180 182
6 11 10592 407.6200 1015.7500 34 6528 436.2600 585.0500 71 4857 559.0300 -418.2900 25 8495 802.2300 -826.3300 27 40896 368.3700 428.2300 21 11184 -95.9800 -506.8300
-4.5977255249e+00 2.2776826432e+00 1.7810478885e+00
166 163 158
2 11 56 -865.3500 522.6500 34 14 -755.4700 219.9400
3.0270898374e+00 2.4596276982e+00 5.6777459471e+00
161 153 149
2 11 58 720.7700 609.0100 34 59 735.3800 243.8600
-3.3370642575e+00 3.3554954380e+00 2.8012393644e+00
173 167 156
2 11 61 -650.2800 749.8800 34 18 -532.7900 409.4399
1.3576291354e+00 6.1872928620e-01 1.6128288613e+00
112 107 102
2 11 103 7.3400 -53.5900 34 32 62.4800 -381.3600
3.3174239588e+00 2.3092231143e-01 3.1354789061e+00
189 182 172
2 11 104 489.5000 -51.5900 34 30 547.8000 -386.2100
-1.4828473914e+00 5.7368178364e-01 6.0355023880e-01
161 159 146
2 11 106 -516.0100 2.1899 34 36 -451.1700 -311.4800
-4.2753930054e+00 1.3229024127e+00 1.1807909997e+00
182 178 175
2 11 120 -837.7700 307.2200 34 43 -744.1300 20.2800
3.3375988428e+00 1.7787502091e+00 5.1662287447e+00
189 186 181
3 11 128 710.9600 418.2600 34 46 743.8199 69.0100 54 45 945.4399 213.8500
-4.9962771971e+00 1.9161581430e+00 1.5991878648e+00
183 182 178
2 11 132 -910.4000 460.4399 34 52 -797.2600 179.0800
-2.3725873569e+00 2.5672517920e+00 2.0598335179e+00
141 140 137
2 11 134 -565.4700 499.5500 34 50 -472.1200 172.1600
-3.2096572593e+00 2.6522548346e+00 2.1725149322e+00
186 185 180
2 11 142 -669.7800 560.4900 34 58 -563.3200 241.1700
2.6584067165e+00 2.8176000411e+00 5.6596994077e+00
211 203 189
2 11 147 654.8899 693.7400 34 153 670.5100 314.7800
2.6584067165e+00 2.8176000411e+00 5.6596994077e+00
211 203 189
2 11 148 654.8899 693.7400 34 154 670.5100 314.7800
-2.6945561139e+00 3.4701847597e+00 2.9549935972e+00
135 128 113
3 11 149 -550.4900 761.2100 34 67 -437.1100 409.4200 17 115 -350.3000 -778.9900
-1.5616008650e+00 3.7326505151e+00 3.4400192241e+00
154 147 136
2 11 151 -334.6400 820.3400 34 163 -241.5700 443.4800
3.6584668931e+00 5.9093571997e-01 4.0943956475e+00
194 188 172
3 11 252 647.3701 86.6899 34 101 699.6100 -241.1800 50 268 128.4500 193.6300
3.9403633974e+00 4.4102153744e-01 4.6584849801e+00
182 177 174
2 11 254 744.7100 113.1300 34 39 802.0300 -213.8200
-3.7454876521e+00 5.5392361522e-01 6.6750002297e-01
183 179 170
2 11 256 -790.5700 127.9000 34 108 -709.4000 -159.6900
-3.8932006521e+00 4.3633517823e-01 7.3301157564e-01
183 179 170
3 11 257 -790.5700 127.9000 34 109 -709.4000 -159.6900 64 261 -309.5900 -56.3400
-8.6173334442e-01 1.4920187972e+00 1.0172771659e+00
70 58 46
2 11 258 -426.2300 139.4299 34 105 -359.4700 -184.4900
3.7198738456e+00 8.1492816175e-01 4.3465088998e+00
65 57 44
3 11 259 689.4600 147.4900 34 102 735.7000 -187.3000 54 110 948.1201 -130.9800
3.7198738456e+00 8.1492816175e-01 4.3465088998e+00
65 57 44
3 11 260 689.4600 147.4900 34 103 735.7000 -187.3000 54 111 948.1201 -130.9800
1.6164461216e+00 1.6886707720e+00 2.2909156822e+00
185 174 152
2 11 263 105.4301 165.7600 34 106 150.1700 -172.5500
1.6234715361e+00 1.7017414578e+00 2.2771802025e+00
185 174 152
3 11 264 105.4301 165.7600 34 107 150.1700 -172.5500 50 282 -54.5100 251.9500
3.2227181697e+00 1.2413769105e+00 4.1309095624e+00
164 160 151
2 11 268 580.4299 216.6100 34 110 624.1600 -121.1100
3.2227181697e+00 1.2413769105e+00 4.1309095624e+00
164 160 151
2 11 269 580.4299 216.6100 34 111 624.1600 -121.1100
2.2883056508e+00 1.8041399778e+00 3.0714279084e+00
68 55 39
4 11 270 305.6500 238.2500 34 113 344.5200 -107.3100 54 115 444.9200 -83.3000 50 288 17.4900 266.8200
2.7193639180e+00 1.8579999004e+00 4.1248824211e+00
156 152 143
4 11 278 494.1899 344.6100 34 121 529.9500 -2.5200 54 124 672.1100 84.7600 50 293 88.3300 290.9900
1.1625228380e+00 2.4606110045e+00 2.4983681289e+00
173 162 144
3 11 279 38.8101 349.6300 34 120 82.1200 -8.4300 54 119 113.4100 13.4900
-2.7437016849e+00 2.1364285814e+00 1.6109092593e+00
159 157 151
3 11 282 -648.9700 398.5901 34 125 -555.0300 89.4500 64 287 -257.8400 62.0900
2.4184940391e+00 2.2055146281e+00 4.1002654617e+00
185 177 165
2 11 284 441.1000 418.3401 34 124 475.1801 64.4500
-3.7571604943e+00 2.1100093711e+00 1.7201919021e+00
174 173 168
2 11 285 -761.5100 452.4399 34 131 -658.3000 149.8600
-1.1864079780e+00 2.6739728526e+00 2.1755539165e+00
144 134 125
2 11 286 -387.2700 473.1100 34 129 -304.8300 133.0100
-1.1864079780e+00 2.6739728526e+00 2.1755539165e+00
144 134 125
2 11 287 -387.2700 473.1100 34 130 -304.8300 133.0100
2.2981897668e+00 2.4528739471e+00 4.2973569405e+00
87 75 66
2 11 289 441.2400 493.4299 34 240 474.0800 129.7200
-1.9285794487e+00 2.6899412300e+00 2.2174897577e+00
58 49 39
2 11 290 -491.1800 514.6500 34 137 -398.7100 182.3700
-1.9285794487e+00 2.6899412300e+00 2.2174897577e+00
58 49 39
2 11 291 -491.1800 514.6500 34 138 -398.7100 182.3700
-1.3860346477e+00 3.0868205131e+00 2.6193323659e+00
59 48 31
2 11 297 -382.4600 604.5801 34 143 -292.7000 252.6200
6.6543561016e-01 3.3276225914e+00 3.7262799043e+00
150 143 115
2 11 304 80.0500 677.9700 34 151 130.0000 294.3400
8.6172240380e-01 3.4346426067e+00 4.1777184284e+00
154 151 134
3 11 308 164.7300 738.7600 34 157 209.0000 349.2100 54 147 230.8300 499.3201
-1.1444168276e+00 3.6935546716e+00 3.4577006616e+00
86 72 57
2 11 315 -266.3500 799.3700 34 162 -179.6800 418.5900
7.8625281752e-02 3.9570416777e+00 4.4747692288e+00
194 185 181
3 11 318 54.5300 910.5400 34 268 109.5699 502.1200 25 428 524.8400 -903.7400
-1.4964908205e+00 4.0058496168e+00 3.8040969246e+00
89 75 70
2 11 319 -290.1801 910.2500 34 170 -198.7800 518.4299
2.2479995358e+00 5.2787168608e-01 2.1253140445e+00
194 190 183
5 11 393 206.2000 -61.3199 34 200 260.4200 -393.9100 50 418 -23.7400 165.3500 58 58 161.5900 310.9600 64 415 108.7900 -105.0300
-2.2925510002e+00 -1.1927599672e-01 4.6991283922e-01
89 78 67
2 11 398 -596.5900 -53.3600 34 202 -533.6400 -356.1500
-5.4707039392e+00 -1.1175361218e+00 -9.2364162943e-02
190 187 178
2 11 399 -955.3800 -54.7500 34 206 -893.5200 -325.8900
-5.4707039392e+00 -1.1175361218e+00 -9.2364162943e-02
190 187 178
2 11 400 -955.3800 -54.7500 34 207 -893.5200 -325.8900
-3.2974284097e+00 -1.2888854302e-01 4.2243973379e-01
169 163 141
3 11 407 -724.0000 -3.9000 34 211 -654.5900 -295.8700 64 417 -282.4300 -104.9300
1.0379980727e+00 9.2593503874e-01 1.7037697094e+00
173 172 168
5 11 408 -39.6700 19.6700 34 208 18.8800 -309.0601 50 434 -102.7000 202.0400 64 430 4.0500 -70.0700 59 3240 -95.9399 1044.8799
3.3820935595e+00 6.4516407738e-01 3.6771619910e+00
170 166 155
3 11 410 557.4500 64.9000 34 212 609.6700 -267.8400 50 428 98.3000 190.7900
-2.1653486942e+00 7.3780779276e-01 7.1549618344e-01
179 174 155
2 11 416 -601.2600 73.5699 34 320 -528.7200 -231.3800
1.3483621145e+00 1.3784500162e+00 1.9953399483e+00
179 175 164
2 11 417 32.3500 99.8600 34 213 83.8199 -233.9600
-2.7204920110e-01 1.5796360552e+00 1.1564094296e+00
172 166 150
2 11 422 -325.7600 132.5601 34 215 -263.5300 -195.4400
3.7431771654e+00 9.0469497650e-01 4.6484509146e+00
186 182 173
3 11 426 721.2100 191.5200 34 221 767.5400 -136.5700 50 437 156.5200 224.0300
2.9980638039e+00 1.3159142371e+00 3.6739613534e+00
166 158 146
2 11 427 496.2800 188.5400 34 218 537.1899 -150.2300
-1.8220246568e+00 1.4665310459e+00 1.1143611550e+00
175 167 153
2 11 428 -546.6000 199.7600 34 225 -471.0100 -114.4500
2.5962598089e+00 1.8140820005e+00 3.6789438609e+00
165 159 145
2 11 437 427.1300 293.2300 34 230 464.2100 -53.1300
2.1507576266e+00 1.9910780924e+00 3.2062893037e+00
150 147 140
2 11 438 296.4399 292.7400 34 231 335.1100 -55.0900
-1.1913355880e-01 2.7347456629e+00 2.2192671501e+00
146 135 109
2 11 449 -217.6801 437.3201 34 350 -153.7300 82.4200
-9.5516094949e-01 2.5835030516e+00 2.0917711447e+00
155 149 137
2 11 450 -357.3600 436.8301 34 351 -281.2300 96.8800
1.1410529322e+00 2.7190049370e+00 3.0229122055e+00
120 113 98
2 11 454 92.1801 456.6899 34 237 135.1801 94.8600
-1.5320753254e+00 2.6259520092e+00 2.1042069759e+00
187 186 181
3 11 459 -444.8500 471.8101 34 244 -359.7500 139.2400 64 294 -175.3600 107.8200
-7.7442950940e-01 2.7804787839e+00 2.2937006929e+00
153 144 124
2 11 463 -313.7600 485.2800 34 354 -238.8200 137.2000
-7.7442950940e-01 2.7804787839e+00 2.2937006929e+00
153 144 124
2 11 464 -313.7600 485.2800 34 355 -238.8200 137.2000
1.5852262252e+00 2.6948421207e+00 3.5738820710e+00
140 133 123
2 11 466 232.9301 492.0500 34 241 272.1100 126.8800
1.5852262252e+00 2.6948421207e+00 3.5738820710e+00
140 133 123
2 11 468 232.9301 492.0500 34 242 272.1100 126.8800
1.3456925500e+00 2.8250030907e+00 3.5008262061e+00
142 133 118
2 11 470 181.7500 520.0500 34 357 221.5699 153.3100
1.0745177583e+00 3.0150724313e+00 3.4579237713e+00
139 132 122
2 11 472 125.8700 567.4099 34 245 169.8900 192.8200
1.3125264856e+00 3.0323282403e+00 3.9329915718e+00
183 177 168
2 11 475 221.3199 610.6599 34 248 263.6600 234.3800
9.0859240125e-01 3.1418280574e+00 3.6228941394e+00
77 64 55
2 11 477 112.8700 617.8500 34 250 161.2200 240.1000
-2.5099489876e-01 3.2487679516e+00 2.9374133248e+00
75 60 45
3 11 480 -168.3600 620.0100 34 253 -100.6800 250.5300 54 258 -165.0900 335.1100
7.6780411911e-01 -5.5101394994e-01 9.3839231630e-01
177 177 175
3 11 573 -126.1801 -240.1600 34 291 -62.2700 -564.7000 64 606 -35.1500 -185.3800
1.7701731913e+00 -8.2168318067e-02 1.5729058118e+00
171 172 166
2 11 581 77.7800 -176.7200 34 294 140.8300 -503.9200
-3.2758839486e+00 -1.2098047509e+00 3.9331949063e-02
148 148 148
2 11 583 -703.6200 -167.9100 34 300 -645.0400 -460.6400
-2.5844890345e+00 -7.4302938207e-01 1.8345115097e-01
189 186 181
2 11 590 -634.1500 -138.5300 34 198 -572.4300 -441.6200
-3.5181725742e+00 -8.5350935649e-01 9.3622265345e-02
176 174 161
2 11 593 -745.7300 -108.3600 34 305 -683.1700 -401.7300
-4.9883979103e+00 -1.0504649981e+00 -1.8853586984e-02
186 187 190
2 11 600 -903.2300 -68.3900 34 310 -839.8500 -337.3600
-4.1599684784e+00 -1.5151539289e-01 3.6882869695e-01
167 164 155
2 11 609 -827.1600 31.7800 34 315 -755.0500 -250.0700
-4.1599684784e+00 -1.5151539289e-01 3.6882869695e-01
167 164 155
2 11 610 -827.1600 31.7800 34 316 -755.0500 -250.0700
-1.1642382597e+00 1.0438384153e+00 8.3704035508e-01
111 102 88
2 11 613 -468.0000 71.8500 34 317 -402.0400 -244.6900
-1.2968301091e+00 1.2594609089e+00 1.0103442585e+00
146 140 126
2 11 620 -475.2900 128.4800 34 321 -406.8300 -187.2500
3.0176635777e+00 1.0999999289e+00 3.5667697002e+00
77 61 53
4 11 622 484.2900 141.6300 34 476 531.3199 -193.1000 54 323 684.7000 -170.7100 50 669 76.4600 221.9700
3.4751813752e+00 9.1159749767e-01 4.1272339181e+00
184 178 166
3 11 623 622.5701 149.5300 34 322 668.4800 -181.4100 54 324 864.4900 -135.8500
-2.7713723689e+00 9.6061134678e-01 9.0804396460e-01
182 175 165
2 11 626 -667.0900 155.3101 34 327 -587.8400 -142.5400
1.4147606530e+00 1.7235116655e+00 2.1306765652e+00
177 171 166
3 11 627 50.6700 165.0901 34 323 101.1899 -174.1600 51 3588 5.1700 -429.7300
-1.2215127897e+00 1.4668877530e+00 1.1026898289e+00
157 147 127
2 11 628 -465.3400 164.4299 34 325 -393.8300 -153.5900
2.8149522062e+00 1.3829450592e+00 3.5678056432e+00
104 88 72
4 11 629 450.8700 197.3201 34 328 492.3600 -142.4000 54 327 633.1700 -104.3300 50 445 66.5700 242.2400
-4.5551155666e+00 8.7190613404e-01 9.2431247150e-01
171 166 159
3 11 632 -870.5100 234.0601 34 336 -782.3200 -46.0900 64 660 -342.9600 -19.8200
2.4279433810e+00 1.9268748933e+00 3.5197823892e+00
100 85 63
2 11 644 380.4200 303.5300 34 334 417.0200 -45.1500
2.4279433810e+00 1.9268748933e+00 3.5197823892e+00
100 85 63
2 11 645 380.4200 303.5300 34 335 417.0200 -45.1500
3.6167758769e+00 1.4899146710e+00 5.2211051888e+00
163 156 148
3 11 655 764.0701 358.7900 34 341 800.0900 17.7400 50 691 178.7200 277.9900
1.6836161155e+00 2.3890657662e+00 3.0613736777e+00
87 74 58
2 11 657 194.8800 373.0000 34 343 235.2000 14.8600
-1.8453215557e+00 2.3802816345e+00 1.8435917584e+00
174 164 137
3 11 662 -510.5100 418.7300 34 352 -422.2200 94.0400 64 690 -201.7300 82.0400
-6.0732404348e+00 1.8831527490e+00 1.4381620398e+00
191 194 200
2 11 669 -1041.6100 486.3201 34 363 -927.5900 210.1600
3.9389484998e+00 1.7192379668e+00 6.2872289270e+00
129 117 105
2 11 670 924.4399 496.3800 34 356 949.1500 147.2100
-1.7390677376e+00 2.9812109844e+00 2.5567974472e+00
187 187 187
2 11 673 -436.2600 592.2500 34 369 -343.6600 249.9000
2.1116411810e+00 2.7925017608e+00 4.7562554117e+00
74 62 50
2 11 676 457.1801 615.9299 34 368 488.1300 243.3900
1.0533610704e+00 3.1556497108e+00 3.8239928924e+00
168 158 133
2 11 677 162.3700 635.4299 34 370 206.3600 256.6100
1.0533610704e+00 3.1556497108e+00 3.8239928924e+00
168 158 133
2 11 678 162.3700 635.4299 34 371 206.3600 256.6100
-4.6928735821e+00 3.0295879319e+00 2.3986094632e+00
164 156 143
2 11 685 -851.3700 701.4399 34 556 -722.7800 388.1799
-1.1601153335e+00 3.5201535634e+00 3.2104209963e+00
172 161 147
2 11 689 -290.8700 739.9299 34 551 -207.7500 367.5400
-2.5910699487e-01 4.0757833582e+00 4.3411113484e+00
143 131 117
3 11 700 -22.2000 939.0901 34 571 41.5500 525.9399 17 741 117.7500 -592.3500
1.2484072874e+00 3.9684730293e+00 5.6294274609e+00
121 112 98
2 11 704 396.0699 986.8201 34 394 423.6300 561.8101
-5.9618234514e+00 -4.3624205242e+00 -1.0293173507e+00
42 38 35
2 11 789 -904.4700 -405.1700 34 278 -879.2000 -711.0200
-5.8591401961e+00 -3.4649395150e+00 -9.1973653718e-01
163 166 170
2 11 804 -937.6600 -333.6500 34 285 -902.7200 -621.1000
1.6509265349e+00 -4.4704976500e-01 1.1698564664e+00
182 181 177
3 11 810 23.9301 -261.1801 34 286 86.5300 -591.3500 50 613 -83.1200 98.8400
-1.7133908533e+00 -1.7905013524e+00 5.7368113113e-01
172 173 168
2 11 811 -430.9800 -253.0200 34 289 -377.5900 -573.6400
-2.5511221640e+00 -1.6768016690e+00 1.2835028472e-01
184 176 163
2 11 813 -585.0900 -242.5500 34 426 -531.2800 -553.9200
-1.3036441757e+00 -1.1399891849e+00 7.6906039607e-01
167 168 163
2 11 822 -387.4700 -187.5100 34 432 -332.3800 -510.6500
2.3433028753e+00 -1.0326002198e-01 1.8966395928e+00
183 182 178
3 11 824 201.9100 -179.8800 34 433 264.2700 -509.0500 50 1019 -24.7000 123.7900
1.9340711393e+00 6.8500972817e-02 1.7339467601e+00
137 133 123
4 11 827 116.5000 -148.8700 34 435 180.0300 -478.7600 50 1028 -51.9500 135.4000 58 162 105.5000 257.3400
1.7881997380e+00 2.2352534660e-01 1.7155346262e+00
200 200 197
4 11 836 90.6400 -120.4900 34 663 152.4200 -451.3199 50 1044 -61.7600 146.8500 58 174 88.2800 278.1400
1.5475867597e+00 1.9432965607e-01 1.6243987101e+00
193 193 191
3 11 837 45.8600 -119.2400 34 442 105.9000 -448.4600 64 626 37.3900 -132.7200
-3.7001166440e+00 -5.2911611002e-01 1.9976056223e-01
134 126 123
2 11 842 -773.6200 -54.2100 34 455 -705.9100 -339.2800
3.5639553092e+00 1.4057155276e-01 3.4472300429e+00
110 101 94
3 11 843 562.3301 -45.9500 34 449 622.5400 -374.2900 50 1050 95.9300 155.0300
-2.5253448544e+00 -9.6522335878e-02 4.0017774791e-01
172 166 152
2 11 844 -636.4800 -44.4700 34 452 -570.8800 -346.1801
1.0986406969e+00 7.8890032132e-01 1.5469408456e+00
173 168 161
5 11 846 -45.6600 -20.4301 34 451 10.6700 -349.8400 50 653 -106.0100 186.7300 58 179 8.8400 357.4600 39 9 -366.3800 -162.1500
-5.5622986860e-01 9.5828852354e-01 6.9512145686e-01
179 170 154
3 11 849 -396.4800 7.5400 34 460 -336.6400 -314.2200 50 663 -228.8600 209.0000
-2.3583980237e+00 3.2958062416e-01 5.8638652861e-01
167 164 156
2 11 850 -616.9900 17.5800 34 461 -548.6500 -284.2600
-3.1688164574e+00 1.4502642396e-01 5.1328654329e-01
178 174 162
2 11 853 -714.0500 30.8800 34 463 -643.2500 -262.2000
3.0069424455e+00 9.6783209144e-01 3.1890657246e+00
163 154 137
3 11 861 445.9200 80.0300 34 697 491.8000 -260.1400 78 12939 -21.9000 56.1899
-4.2790278343e-01 1.3444380778e+00 9.3472196503e-01
153 153 146
2 11 862 -365.7100 82.1500 34 468 -304.8300 -243.2900
2.4905598075e+00 1.2557308752e+00 2.6306590908e+00
180 179 175
3 11 864 297.5699 89.6600 34 465 338.6000 -253.6500 50 1099 8.5900 215.2400
-1.7802649298e+00 1.5784553896e+00 1.2412716058e+00
164 161 146
2 11 885 -531.1100 226.2400 34 482 -453.6300 -87.1400
3.3994441553e+00 1.2118016346e+00 4.5554286357e+00
209 209 211
2 11 890 652.6201 248.6100 34 483 696.9200 -85.2900
3.3994441553e+00 1.2118016346e+00 4.5554286357e+00
209 209 211
2 11 891 652.6201 248.6100 34 484 696.9200 -85.2900
-1.3426160045e+00 1.9584735262e+00 1.5207012657e+00
76 55 39
2 11 897 -454.8500 291.1100 34 488 -378.6600 -31.5100
1.9655667123e+00 2.0923395716e+00 3.1245247873e+00
86 73 56
4 11 900 254.4800 310.4900 34 487 293.2700 -42.1300 54 486 371.8900 2.5000 50 697 2.5200 296.1600
-7.5034981104e-01 2.1638154414e+00 1.6958560426e+00
136 123 104
2 11 901 -356.3900 311.5000 34 492 -285.1400 -20.1400
-7.5034981104e-01 2.1638154414e+00 1.6958560426e+00
136 123 104
2 11 902 -356.3900 311.5000 34 493 -285.1400 -20.1400
1.7809283775e+00 2.2242642979e+00 3.0047166717e+00
150 143 127
2 11 907 207.1200 330.7300 34 758 247.6100 -21.8400
1.7809283775e+00 2.2242642979e+00 3.0047166717e+00
150 143 127
2 11 908 207.1200 330.7300 34 759 247.6100 -21.8400
-3.9391575809e+00 1.5495431889e+00 1.3349322130e+00
62 52 43
2 11 911 -794.7000 338.1400 34 503 -698.5100 47.1200
-3.2501934669e-01 2.4185746010e+00 1.9163582711e+00
82 66 48
2 11 914 -274.5200 356.7900 34 497 -209.3900 14.4900
2.1611683688e+00 2.1635585578e+00 3.5481369631e+00
101 88 69
3 11 915 334.5100 361.4800 34 496 372.1000 8.1300 50 699 33.8900 307.8700
1.8423484314e+00 2.3484088536e+00 3.1624179531e+00
131 119 102
2 11 916 235.8400 368.7800 34 773 272.6300 11.2000
3.8141365807e+00 1.3841130020e+00 5.7278240149e+00
76 63 59
2 11 923 839.8101 384.7600 34 779 878.7900 45.9800
1.4703137161e+00 2.4543457741e+00 2.9678681161e+00
165 158 151
2 11 924 146.4600 384.1300 34 499 187.9399 27.9100
-1.2688300868e-01 2.5818985557e+00 2.1109105143e+00
81 64 49
2 11 929 -225.6200 396.7300 34 502 -162.9400 48.1400
1.9480951008e+00 2.3692665124e+00 3.5342946022e+00
110 94 78
2 11 933 295.2400 408.0000 34 504 332.3000 51.8100
-4.7275941441e+00 1.8320573296e+00 1.5640258552e+00
182 180 181
2 11 936 -876.6400 434.9299 34 518 -770.5500 149.5200
1.6981295443e+00 2.5665256863e+00 3.4793254624e+00
99 83 64
2 11 939 243.6801 451.3401 34 509 281.6500 90.0900
-4.8700902533e-02 2.7820421608e+00 2.3195513426e+00
150 136 119
3 11 940 -197.5100 451.4299 34 789 -131.6700 98.8200 54 794 -184.1000 134.5100
-1.4858043076e+00 2.5703820936e+00 2.1172492113e+00
184 184 176
2 11 942 -433.6600 462.0400 34 515 -347.2200 129.4300
1.4721094813e+00 2.7177825091e+00 3.4306249917e+00
93 79 66
2 11 947 197.0000 485.8401 34 512 236.2700 121.1300
-1.8065692099e+00 2.7216626070e+00 2.1465928375e+00
65 53 42
3 11 955 -485.7900 506.6000 34 525 -394.7300 174.0100 64 1013 -193.2500 119.0700
-8.6208912429e-01 2.9016799610e+00 2.5071604833e+00
99 86 69
2 11 964 -306.4200 532.9800 34 823 -227.8300 183.7400
-1.5222897064e+00 2.9840390238e+00 2.5682512548e+00
109 94 76
2 11 970 -403.4200 584.3700 34 534 -312.9800 239.7200
7.7009060147e-01 3.1803558233e+00 3.5160215416e+00
75 58 42
2 11 976 76.4301 620.5800 34 536 124.9200 242.6100
7.7009060147e-01 3.1803558233e+00 3.5160215416e+00
75 58 42
2 11 977 76.4301 620.5800 34 537 124.9200 242.6100
-1.0294822117e+00 3.3307210809e+00 2.9493547637e+00
105 91 78
4 11 981 -299.3500 667.4299 34 543 -213.9700 304.9200 17 711 -130.9301 -854.5601 64 1040 -116.7900 197.7600
3.1346959614e+00 2.5957737443e+00 6.1286443162e+00
162 153 132
2 11 982 784.0300 678.6100 34 542 797.9301 303.6100
4.5517673531e-01 3.3902355160e+00 3.5863922732e+00
162 153 142
3 11 983 25.1000 686.1200 34 847 79.6899 301.8300 54 853 69.2400 415.9900
2.6574810225e+00 2.8300495536e+00 5.7031722628e+00
207 199 176
2 11 984 658.1201 701.1400 34 849 675.4200 320.5100
-1.9596956352e+00 3.4215418800e+00 3.0111365843e+00
197 195 189
2 11 989 -434.6100 730.7200 34 552 -334.5400 373.1899
-4.4532438383e+00 3.2000334515e+00 2.5573420161e+00
