# Bundle file v0.3
90 11615
0 0 0
0 0 0
0 0 0
0 0 0
0 0 0
2.2757891964e+04 -4.4998601256e-03 -4.4445518861e-05
-8.5282704958e-01 4.7585861211e-02 -5.2002077778e-01
-2.8532865784e-03 -9.9624906488e-01 -8.6485024600e-02
-5.2218567796e-01 -7.2273000057e-02 8.4976392675e-01
1.1223692579e+01 1.9241958330e+01 8.1436108799e+02
1.8676503631e+03 -1.7680839145e-01 4.7942743815e-01
9.6976561861e-01 2.3068249379e-02 2.4294546883e-01
-1.1303878420e-01 9.2474606405e-01 3.6341016812e-01
-2.1627962969e-01 -3.7988494692e-01 8.9939454573e-01
7.3225007516e-03 -1.7620637806e+01 -6.6526843925e+01
1.5573125235e+03 1.9784215821e-02 -9.3926169517e-02
9.9372985615e-01 4.8507676634e-02 1.0073717434e-01
-6.8677488149e-02 9.7579990228e-01 2.0760046563e-01
-8.8229108622e-02 -2.1321715695e-01 9.7301288192e-01
3.4042454278e+00 -3.9075181466e+00 -2.3733690756e+01
2.5380599694e+03 3.6950528141e-01 -6.7208382843e-01
9.2692421929e-01 6.1183648521e-02 3.7022702878e-01
-2.4983568918e-01 8.3677959518e-01 4.8721867524e-01
-2.7998860709e-01 -5.4411071506e-01 7.9091713198e-01
-1.4157724758e+01 -3.8925570616e+01 -9.7011386870e+01
1.5044325066e+03 9.9115154320e-02 1.7825763462e-02
8.5456289681e-01 -5.5557713640e-02 5.1636769443e-01
-7.4901794594e-02 9.7068234675e-01 2.2839768578e-01
-5.1391825864e-01 -2.3385705497e-01 8.2534774567e-01
-1.8088734354e+01 -1.2735785938e+01 -1.2897994695e+02
1.2266328826e+04 2.1711255842e+00 3.7251104194e-02
9.2857139552e-01 -2.8238477568e-02 3.7007803474e-01
5.6696917374e-03 9.9806436274e-01 6.1930464383e-02
-3.7111051994e-01 -5.5408629362e-02 9.2693412160e-01
5.3727603096e+00 6.1267283053e+00 -2.9995917393e+02
0 0 0
0 0 0
0 0 0
0 0 0
0 0 0
0 0 0
0 0 0
0 0 0
0 0 0
0 0 0
0 0 0
0 0 0
0 0 0
0 0 0
0 0 0
6.1276445369e+02 7.3506828539e-03 -6.8540352909e-02
-7.8855083171e-01 1.3754607148e-01 -5.9939024352e-01
-1.8821012102e-01 -9.8187582223e-01 2.2289460965e-02
-5.8546096040e-01 1.3038768325e-01 8.0014655901e-01
3.2666755634e+00 1.2016643899e+01 1.1500831889e+01
-1.5504512521e+03 6.2641312518e-01 -6.3413365977e-01
8.2194967568e-01 -1.0018492578e-01 5.6067968690e-01
-3.2275936090e-01 7.2915929450e-01 6.0345100728e-01
-4.6928149932e-01 -6.7697097714e-01 5.6699662302e-01
-1.9227187898e+00 -1.2639767511e+00 8.3921371462e+00
0 0 0
0 0 0
0 0 0
0 0 0
0 0 0
4.9000031750e+03 -1.3311477917e-01 5.3076573784e-02
9.1121087403e-01 -2.6257217251e-02 4.1110254388e-01
-1.8375142420e-01 8.6727366687e-01 4.6267893928e-01
-3.6868707212e-01 -4.9713875859e-01 7.8544439495e-01
-1.4958340518e+01 -2.9662485761e+01 -6.5836685332e+01
0 0 0
0 0 0
0 0 0
0 0 0
0 0 0
2.8630258869e+03 -1.6591474476e-01 -1.0600905645e-01
9.4896345634e-01 2.9600070228e-02 3.1399394003e-01
-1.3142824159e-01 9.4213631614e-01 3.0839224879e-01
-2.8669666173e-01 -3.3392064573e-01 8.9794322009e-01
-4.3741818095e+00 -1.7327473265e+01 -8.1723380197e+01
0 0 0
0 0 0
0 0 0
0 0 0
0 0 0
3.9303127127e+03 1.1933187890e-01 1.2851750171e-01
-6.7061326635e-01 3.1437985180e-01 -6.7189519702e-01
-9.0637045284e-03 -9.0915949883e-01 -4.1634943850e-01
-7.4175177536e-01 -2.7311959736e-01 6.1254386723e-01
8.8163505942e-01 8.3930605943e+00 1.7511992100e+01
0 0 0
0 0 0
0 0 0
0 0 0
0 0 0
0 0 0
0 0 0
0 0 0
0 0 0
0 0 0
0 0 0
0 0 0
0 0 0
0 0 0
0 0 0
0 0 0
0 0 0
0 0 0
0 0 0
0 0 0
5.9283505509e+04 -1.9583768999e-01 -9.4015998069e-05
9.4623847638e-01 -1.5170867127e-02 3.2311389728e-01
-4.9680034544e-02 9.8023217399e-01 1.9151182533e-01
-3.1963203843e-01 -1.9726816739e-01 9.2677970961e-01
1.6112457903e+01 -1.1352126450e+01 -2.4292238582e+03
0 0 0
0 0 0
0 0 0
0 0 0
0 0 0
1.9318918999e+03 -3.0666830521e-01 4.3473797813e-01
9.5711955117e-01 5.4659104396e-02 2.8448997710e-01
-1.2777897450e-01 9.6100105156e-01 2.4525397566e-01
-2.5998980449e-01 -2.7108921264e-01 9.2677717945e-01
8.7427237790e+00 -1.9575587852e+01 -9.6645011889e+01
2.9886806776e+03 1.2160181998e+00 2.6274547361e-01
-5.7253963740e-01 2.9754796497e-01 -7.6397877729e-01
-2.3273789169e-01 -9.5247255271e-01 -1.9654289633e-01
-7.8614975506e-01 6.5278211324e-02 6.1457897601e-01
-9.2625297910e-01 1.0225959612e+01 1.7615275794e+01
3.0391937093e+03 1.4784653117e-02 7.1515599366e-07
8.4181705999e-01 -2.8988683093e-02 5.3898394573e-01
-8.3853547245e-02 9.7940976044e-01 1.8364395927e-01
-5.3320973371e-01 -1.9979033363e-01 8.2205304115e-01
-6.1488683224e-01 -1.5827326074e+01 -4.7715915817e+02
7.0377691235e+02 -9.5232229820e-02 5.6097665667e-01
-8.4742976074e-01 -1.7858119919e-02 -5.3060709396e-01
3.0632543373e-01 -8.3273980688e-01 -4.6120401416e-01
-4.3362141237e-01 -5.5337645557e-01 7.1115889164e-01
-3.2323478168e+00 -3.0931238415e+00 1.4463545318e+01
2.4292825536e+03 -1.5150575776e-02 4.5485885703e-02
9.8391858016e-01 5.5286073651e-02 1.6984604110e-01
-1.5764855999e-01 7.1582301841e-01 6.8025314248e-01
-8.3971180466e-02 -6.9608968989e-01 7.1302733782e-01
-9.4710610968e-01 -2.3638235718e+01 -3.9660366221e+01
2.0976206474e+03 -7.4107699758e-02 -6.8662385971e-03
-9.5773973701e-01 -4.7272072865e-02 -2.8372512628e-01
1.1774001747e-02 -9.9201890922e-01 1.2553826759e-01
-2.8739514442e-01 1.1689240725e-01 9.5065251069e-01
1.3671526188e+00 8.7481054925e+00 4.1503659310e+01
3.0635469322e+03 1.6519994672e-01 2.2908121561e-01
9.0595269648e-01 -1.1212158021e-02 4.2323043281e-01
-1.2953911511e-01 9.4436817382e-01 3.0230509413e-01
-4.0307484343e-01 -3.2869901094e-01 8.5410048051e-01
-6.8953779276e+00 -2.4237989314e+01 -1.7336709273e+02
5.4989925213e+03 7.5379904324e-01 -4.7435472273e-03
8.2068014995e-01 -5.4167614745e-02 5.6881452249e-01
-7.7501003212e-02 9.7574404389e-01 2.0473679520e-01
-5.6610748625e-01 -2.1210711992e-01 7.9657572377e-01
-2.5856594990e+01 -2.0876336936e+01 -3.2244297016e+02
0 0 0
0 0 0
0 0 0
0 0 0
0 0 0
0 0 0
0 0 0
0 0 0
0 0 0
0 0 0
-4.3156436308e+03 -4.5291296960e-01 -1.3295266266e-02
7.5401098608e-01 -1.7810487848e-01 6.3225476284e-01
-3.2672197080e-01 7.3333226488e-01 5.9621853635e-01
-5.6984224718e-01 -6.5612684867e-01 4.9474980726e-01
-1.6078648106e+00 -2.9481094429e+00 2.2586395974e+01
0 0 0
0 0 0
0 0 0
0 0 0
0 0 0
0 0 0
0 0 0
0 0 0
0 0 0
0 0 0
0 0 0
0 0 0
0 0 0
0 0 0
0 0 0
0 0 0
0 0 0
0 0 0
0 0 0
0 0 0
8.7888790828e+04 4.9145326841e-03 1.5557574911e-06
7.9036175385e-01 -1.2269955519e-01 6.0022755452e-01
3.9509386866e-02 9.8790763792e-01 1.4992500556e-01
-6.1136511710e-01 -9.4780367680e-02 7.8565219754e-01
-1.9637795640e+00 -1.1711878246e+00 -6.3568217731e+01
0 0 0
0 0 0
0 0 0
0 0 0
0 0 0
6.5902540973e+02 -2.5852384149e-01 9.9570415216e-02
-8.8282824427e-01 7.6416071764e-02 -4.6343810277e-01
3.3423196009e-01 -5.9102624960e-01 -7.3415050850e-01
-3.3000498175e-01 -8.0302462992e-01 4.9623397281e-01
1.5201216353e+00 2.3093096828e-01 4.9125491912e+00
0 0 0
0 0 0
0 0 0
0 0 0
0 0 0
0 0 0
0 0 0
0 0 0
0 0 0
0 0 0
1.5101921453e+03 -9.5699445299e-02 3.5806073419e-01
9.6853761140e-01 4.3357473113e-02 2.4506126750e-01
-1.4887139082e-01 8.9003302020e-01 4.3090431878e-01
-1.9942969763e-01 -4.5382965138e-01 8.6848514278e-01
-1.3732213751e+00 -1.6604584495e+01 -5.2170619796e+01
0 0 0
0 0 0
0 0 0
0 0 0
0 0 0
5.8299682748e+03 1.1809664307e-01 -9.0693697961e-03
9.1466462462e-01 -3.1499377034e-02 4.0298438395e-01
-2.2324375705e-01 7.9174990049e-01 5.6858976426e-01
-3.3697306926e-01 -6.1003269120e-01 7.1715358625e-01
-1.4732927411e+01 -4.0134932202e+01 -7.7079708453e+01
0 0 0
0 0 0
0 0 0
0 0 0
0 0 0
0 0 0
0 0 0
0 0 0
0 0 0
0 0 0
5.8268521600e+02 2.1883710953e-02 -1.1918161639e-01
9.5145437276e-01 -2.2665139710e-02 3.0695417898e-01
-1.0436626979e-01 9.1444499807e-01 3.9102177336e-01
-2.8955527672e-01 -4.0407503877e-01 8.6768721598e-01
-3.1724258824e+00 -1.5429396517e+01 -5.2673466481e+01
8.5102382875e+02 1.3577152091e-01 -4.7151417099e-01
7.0779996918e-01 -7.5723744924e-02 7.0234259310e-01
-1.1221444216e-01 9.6956134764e-01 2.1762056919e-01
-6.9744327555e-01 -2.3284481446e-01 6.7775819418e-01
-3.3976780315e+00 1.9356141549e+00 -1.3301081904e+01
1.6075218028e+03 2.2228505408e-01 -1.0368913227e+00
9.7510389439e-01 4.9991014910e-02 2.1604002771e-01
-1.2998329076e-01 9.1818562103e-01 3.7421853169e-01
-1.7965728281e-01 -3.9298354134e-01 9.0182437147e-01
-1.8120285196e+00 -1.3632121407e+01 -4.3942516482e+01
8.8491119465e+02 3.3975038572e-02 -6.8937222112e-02
9.9132555718e-01 4.5801198203e-02 1.2319046199e-01
-8.9114752968e-02 9.2318495071e-01 3.7388247832e-01
-9.6603315087e-02 -3.8161734373e-01 9.1925839810e-01
-1.1970113068e-01 -1.2025525342e+01 -3.8658087236e+01
0 0 0
0 0 0
0 0 0
0 0 0
0 0 0
6.4821407620e+03 -7.7249047613e-01 -8.7557859674e-02
9.0283403014e-01 -4.0930029657e-04 4.2998900741e-01
-3.4251396064e-01 6.0386924643e-01 7.1974031427e-01
-2.5995172780e-01 -7.9708328655e-01 5.4505351436e-01
-1.6799057880e+00 -2.8366316261e+00 -2.4505427821e+01
7.5794647517e+02 -2.5891494973e-02 -1.5004759076e-01
9.6206184172e-01 2.9639254444e-02 2.7121675336e-01
-1.1601773962e-01 9.4416917061e-01 3.0835768414e-01
-2.4693500521e-01 -3.2812511619e-01 9.1178781047e-01
-1.4801304779e+00 -1.0275180410e+01 -5.4985575412e+01
0 0 0
0 0 0
0 0 0
0 0 0
0 0 0
0 0 0
0 0 0
0 0 0
0 0 0
0 0 0
1.7967934575e+03 -9.7987731340e-02 1.2020057536e-01
7.6444843947e-01 -1.1436886849e-02 6.4458341665e-01
-1.7339356265e-01 9.5935266736e-01 2.2265922855e-01
-6.2092934850e-01 -2.8197811483e-01 7.3139256691e-01
-1.7471143832e+00 1.9710016264e+00 -1.4670284733e+01
5.1656564244e+04 8.9566119385e-02 1.4065463387e-04
8.5076849733e-01 -1.4463735715e-02 5.2534156917e-01
-6.2207219228e-02 9.8982212892e-01 1.2799380831e-01
-5.2184597903e-01 -1.4157313813e-01 8.4120973647e-01
-3.4005579836e+00 1.6370816626e+01 -8.6404175876e+02
0 0 0
0 0 0
0 0 0
0 0 0
0 0 0
0 0 0
0 0 0
0 0 0
0 0 0
0 0 0
0 0 0
0 0 0
0 0 0
0 0 0
0 0 0
3.5310872185e+03 -7.0099382431e-01 1.6991609696e-02
8.4923782547e-01 -2.9696504751e-02 5.2717476552e-01
-6.2628395382e-02 9.8570373025e-01 1.5641560106e-01
-5.2428312951e-01 -1.6585015457e-01 8.3523704799e-01
-9.3559447591e+00 -1.0848041030e+01 -8.5925395503e+01
2.4512403528e+02 -1.3278678943e-01 9.5007589173e-03
9.4475274019e-01 3.9601222775e-02 3.2538285612e-01
-1.6989037364e-01 9.0809351406e-01 3.8275766573e-01
-2.8032038964e-01 -4.1689076853e-01 8.6465170229e-01
-1.4895435094e+00 -2.1960155813e+00 -3.8032348280e+00
0 0 0
0 0 0
0 0 0
0 0 0
0 0 0
9.4179221163e+02 1.1400001242e-02 -8.4526426916e-02
9.7839680854e-01 2.5759792198e-02 2.0512464050e-01
-1.1156314340e-01 9.0112203574e-01 4.1896627756e-01
-1.7404984938e-01 -4.3279961853e-01 8.8452876727e-01
-3.2227208303e+00 -2.1419653451e+01 -6.3027868967e+01
6.5092999938e+03 9.8679657450e-01 3.1677344786e-02
7.8941770307e-01 2.5713009186e-03 6.1385102305e-01
-1.1158261430e-01 9.8393293096e-01 1.3937470204e-01
-6.0362986198e-01 -1.7851995909e-01 7.7702098680e-01
-3.1999633610e+01 -8.9182993626e+00 -3.2349736155e+02
1.2541441770e+03 -8.1653643972e-02 1.7874761645e-01
9.7837654037e-01 3.1843936114e-02 2.0436562573e-01
-1.2131178784e-01 8.8862387376e-01 4.4230200215e-01
-1.6751953730e-01 -4.5752986210e-01 8.7327179613e-01
-1.2851121242e+00 -1.7082550431e+01 -4.7028124843e+01
0 0 0
0 0 0
0 0 0
0 0 0
0 0 0
0 0 0
0 0 0
0 0 0
0 0 0
0 0 0
6.1376437653e+02 1.8334727746e-01 -6.1119125564e-02
8.4310839033e-01 -2.5564618085e-01 4.7308907446e-01
-2.3945272760e-01 6.0924966453e-01 7.5596113492e-01
-4.8148793693e-01 -7.5063964489e-01 4.5244832867e-01
2.5005326350e+00 -1.0429045977e+01 -5.4036688121e+00
4.6910976706e+04 4.4270029186e-03 7.7572694492e-07
8.0505842747e-01 2.3608667411e-01 5.4419115269e-01
-5.7302924119e-01 5.4668375860e-01 6.1055250128e-01
-1.5335715535e-01 -8.0336787986e-01 5.7539693474e-01
-6.0318374334e+00 2.5790760189e+00 -2.4047779533e+02
0 0 0
0 0 0
0 0 0
0 0 0
0 0 0
0 0 0
0 0 0
0 0 0
0 0 0
0 0 0
0 0 0
0 0 0
0 0 0
0 0 0
0 0 0
5.8191293125e+02 2.7481990742e-01 1.1810607588e+00
-9.0551239735e-01 1.5272560929e-01 -3.9588153090e-01
3.2733708924e-01 -3.4222833545e-01 -8.8075546914e-01
-2.6999579301e-01 -9.2712170435e-01 2.5989924408e-01
5.8344742831e-01 7.6440463930e+00 8.7511944412e+00
1.4145197511e+03 5.0134182097e-02 -1.6708153801e-01
9.8711460120e-01 3.8778315756e-02 1.5524498807e-01
-1.1247659742e-01 8.5822343024e-01 5.0080091735e-01
-1.1381467008e-01 -5.1180932583e-01 8.5152653210e-01
2.0716385601e+00 -1.3804271340e+01 -4.0631810675e+01
1.7161313236e+03 -1.4116514601e-02 -5.7491138430e-02
9.3349110393e-01 -1.4804973176e-02 3.5829481108e-01
-4.7966397359e-02 9.8501376397e-01 1.6567169197e-01
-3.5537808543e-01 -1.7183916191e-01 9.1879144469e-01
-4.7491730559e+00 7.5808224110e-01 -6.4593576106e+01
0 0 0
0 0 0
0 0 0
0 0 0
0 0 0
0 0 0
0 0 0
0 0 0
0 0 0
0 0 0
9.5605722894e+03 3.3877263158e+00 6.3669418753e-02
8.4053149779e-01 -4.9125080415e-02 5.3953084035e-01
-5.0598087294e-02 9.8440927491e-01 1.6845834212e-01
-5.3939469295e-01 -1.6889377118e-01 8.2494136717e-01
1.3610574051e+00 -3.9793689756e+00 -4.0936925007e+02
3.9250462089e+03 -3.6143623461e-01 4.8179627208e-02
9.2814068189e-01 -1.3352107950e-02 3.7199004804e-01
-8.0171509523e-02 9.6873074172e-01 2.3480476807e-01
-3.6349333376e-01 -2.4775486123e-01 8.9804795253e-01
-3.6058011705e+00 -1.5225407453e+01 -1.4992164363e+02
4.4797686290e+03 2.9894384370e-01 2.1100225646e-02
9.0505019233e-01 -2.8519628542e-02 4.2434747572e-01
-8.1775400297e-02 9.6746313304e-01 2.3943239152e-01
-4.1736906123e-01 -2.5139951669e-01 8.7327049059e-01
-3.9988377059e+00 -2.1138852459e+01 -2.4389069764e+02
0 0 0
0 0 0
0 0 0
0 0 0
0 0 0
2.1038080931e+03 -5.3578049451e-01 -3.2849805265e-02
8.3928111588e-01 -1.4801694762e-02 5.4349619903e-01
-1.5928459457e-01 9.4907479935e-01 2.7181876897e-01
-5.1984192449e-01 -3.1470293146e-01 7.9418287471e-01
-1.2052736752e+01 -2.4088195627e+01 -1.3474325606e+02
0 0 0
0 0 0
0 0 0
0 0 0
0 0 0
1.0869656216e+03 -9.0982390264e-02 -1.4791047108e-01
9.2804376698e-01 -1.0582313499e-04 3.7247114704e-01
-8.7707370916e-02 9.7181845982e-01 2.1880653152e-01
-3.6199749123e-01 -2.3573050280e-01 9.0188078280e-01
1.9346249120e+00 -1.3342612747e+01 -1.1580655214e+02
0 0 0
0 0 0
0 0 0
0 0 0
0 0 0
0 0 0
0 0 0
0 0 0
0 0 0
0 0 0
-3.0976558335e-01 1.5440287281e+00 1.1826955710e+00
172 166 150
3 11 421 -325.7600 132.5601 34 214 -263.5300 -195.4400 29 2578 -63.8400 -357.5699
2.7897758482e+00 1.7632652545e-01 2.2786775208e+00
181 181 174
7 11 830 313.5601 -126.5900 34 440 371.1000 -460.6899 50 1036 10.1000 139.2700 58 163 224.1200 260.1600 64 625 152.6200 -134.9700 3 1833 459.4600 -240.8100 10 4381 16.1500 -563.8101
2.3793221657e+00 1.1979432798e+00 2.5351337687e+00
132 127 122
4 11 615 267.2700 75.3400 34 462 311.3000 -264.8800 50 664 -1.5200 211.8500 58 89 206.7700 399.5200
-1.6776454692e+00 -1.3623471420e+00 6.8524938149e-01
168 170 171
2 11 820 -431.5000 -199.2100 34 431 -378.6400 -518.1200
-2.1833730555e+00 -1.8758387932e+00 8.1324778601e-01
106 100 88
3 11 1174 -453.4000 -208.0400 34 628 -400.8800 -529.2900 41 1063 -245.6300 5.9099
2.8378730282e+00 -1.0931123907e-01 2.1777409345e+00
97 89 78
8 11 1189 313.3800 -180.0300 34 635 374.2800 -513.7500 50 1015 8.6700 121.1100 58 275 219.8300 225.7900 64 1276 152.4200 -158.7500 59 17060 4.7000 975.6001 3 4850 460.8400 -262.0100 29 20546 96.6500 -447.5200
-3.4907493806e+00 -5.1160596440e-01 2.4946717260e-01
171 170 165
2 11 841 -743.6100 -56.5900 34 453 -678.5800 -347.0900
1.4320104573e+00 6.6589964776e-01 1.6790885668e+00
30 29 26
6 11 1857 24.2400 -43.1600 34 1054 80.0400 -372.3700 50 1679 -83.0400 176.3800 51 15784 -1.9100 -477.7200 3 4891 352.0699 -208.3900 22 40765 446.9500 -256.4301
8.7876335518e-01 -8.7939327685e-01 5.6907897971e-01
173 173 171
6 11 1709 -140.7100 -330.1200 34 953 -79.5800 -661.3000 41 1531 -50.8600 -72.6500 22 40384 426.0000 -297.6100 77 6852 102.2400 -508.9700 44 12219 -15.6900 -502.5800
9.5569463087e-01 -8.3967548857e-01 6.9598772808e-01
79 76 64
7 11 1714 -116.8000 -314.7900 34 956 -53.9600 -644.6801 41 1535 -39.5600 -63.8900 3 5852 298.9200 -315.3700 10 14132 -95.4301 -614.7900 29 20408 -13.1200 -483.5800 44 19421 -12.0100 -499.9800
-1.7568229299e+00 -3.1676331593e+00 5.3314017929e-01
75 74 71
3 11 1689 -384.0400 -380.5900 34 934 -336.1200 -715.6700 10 14099 -158.2400 -629.1599
2.0666935911e+00 -1.1270255371e+00 1.3257085260e+00
53 48 44
5 11 1703 116.0800 -345.3800 34 945 184.1000 -681.1100 64 1776 63.7400 -230.4500 41 1526 111.8600 -80.5900 10 14115 -36.8101 -622.3899
6.9376042139e-01 7.8605184621e-01 1.4137118296e+00
115 109 98
6 11 1880 -121.1801 -11.2500 34 1070 -63.2000 -337.9301 58 463 -39.6300 367.0900 59 28485 -120.2600 1033.0801 10 14405 -93.7900 -530.8900 29 20716 -11.8700 -400.9100
2.2007089070e-01 1.1036341293e+00 1.2164618568e+00
83 76 70
8 11 2869 -227.8800 37.9900 34 1659 -169.6000 -288.7400 41 1640 -108.7900 180.3000 51 15910 -53.3300 -457.9700 59 28568 -151.1200 1051.2500 10 14446 -120.1600 -515.9800 77 11324 84.1700 -432.3700 68 12779 -22.9900 -416.3101
4.7132016941e-01 1.0443698782e+00 1.4228755699e+00
64 57 48
7 11 2872 -159.2500 39.6400 34 1658 -102.1500 -288.5699 58 476 -62.7000 405.2800 10 14451 -103.0600 -515.7100 27 11832 210.5601 212.2500 29 20759 -22.0300 -386.3101 68 12781 -12.9100 -415.9700
4.0865665510e-01 4.3924490602e+00 5.4196921615e+00
85 72 55
5 11 2288 214.8400 1087.0300 34 1386 257.3700 647.5601 71 1704 450.2400 -398.6700 25 2554 640.3701 -770.5500 27 12447 320.7600 451.1000
2.3197269823e-01 4.4691077465e+00 5.3660195471e+00
96 78 65
5 11 2293 175.6899 1104.2000 34 2071 222.4900 662.6600 71 1705 428.0400 -393.5900 25 2557 608.3401 -757.4200 27 12454 311.0800 456.3600
1.4530371442e+00 1.1481347387e-01 1.5351058247e+00
116 112 102
6 11 2749 23.3400 -134.1899 34 1561 83.4900 -462.3101 50 2514 -83.1300 143.7500 64 2886 28.5100 -139.3800 10 22166 -59.1899 -565.5500 29 33099 22.8300 -434.7600
1.4519944767e+00 3.9184796070e-01 1.6688696505e+00
186 181 175
8 11 2784 33.3101 -82.3199 34 1587 90.1000 -411.8800 50 3686 -80.3700 162.3600 41 2401 63.3900 97.7400 51 26827 -0.0800 -485.4500 59 47175 -75.3101 1008.7700 10 22254 -54.5100 -549.7200 77 11283 134.9700 -456.8400
3.9480481524e-02 3.6981789662e+00 3.9660888988e+00
185 179 172
5 11 2236 -4.6899 805.9800 34 2006 53.6100 410.1899 17 2838 135.1899 -708.5000 76 639 36.1200 -294.6100 41 1861 11.6800 691.3201
3.7666596539e-01 3.6210765458e+00 4.0420682792e+00
199 196 188
5 11 7185 61.7100 788.5601 34 4291 115.2200 394.9800 54 4285 102.4399 542.1200 17 6438 199.6300 -726.6899 41 2739 56.5000 672.4000
1.2537297590e+00 4.0561281098e+00 5.7295743610e+00
180 180 182
5 11 10592 407.6200 1015.7500 34 6528 436.2600 585.0500 71 4857 559.0300 -418.2900 25 8495 802.2300 -826.3300 27 40896 368.3700 428.2300
-4.5977228663e+00 2.2774848425e+00 1.7810146259e+00
166 163 158
2 11 56 -865.3500 522.6500 34 14 -755.4700 219.9400
3.0272046876e+00 2.4598787369e+00 5.6781010054e+00
161 153 149
2 11 58 720.7700 609.0100 34 59 735.3800 243.8600
-3.3371226628e+00 3.3554239781e+00 2.8012384813e+00
173 167 156
2 11 61 -650.2800 749.8800 34 18 -532.7900 409.4399
1.3578353809e+00 6.1865347140e-01 1.6130479628e+00
112 107 102
2 11 103 7.3400 -53.5900 34 32 62.4800 -381.3600
3.3176814485e+00 2.3094167867e-01 3.1358519608e+00
189 182 172
2 11 104 489.5000 -51.5900 34 30 547.8000 -386.2100
-1.4826762128e+00 5.7349334361e-01 6.0363566433e-01
161 159 146
2 11 106 -516.0100 2.1899 34 36 -451.1700 -311.4800
-4.2753428564e+00 1.3226406101e+00 1.1808023246e+00
182 178 175
2 11 120 -837.7700 307.2200 34 43 -744.1300 20.2800
3.3377577059e+00 1.7789524698e+00 5.1666014855e+00
189 186 181
3 11 128 710.9600 418.2600 34 46 743.8199 69.0100 54 45 945.4399 213.8500
-4.9962593384e+00 1.9159226471e+00 1.5991544325e+00
183 182 178
2 11 132 -910.4000 460.4399 34 52 -797.2600 179.0800
-2.3725891612e+00 2.5671395606e+00 2.0598824342e+00
141 140 137
2 11 134 -565.4700 499.5500 34 50 -472.1200 172.1600
-3.2096824270e+00 2.6521188929e+00 2.1725383229e+00
186 185 180
2 11 142 -669.7800 560.4900 34 58 -563.3200 241.1700
2.6584943607e+00 2.8178561702e+00 5.6600250751e+00
211 203 189
2 11 147 654.8899 693.7400 34 153 670.5100 314.7800
2.6584943607e+00 2.8178561702e+00 5.6600250751e+00
211 203 189
2 11 148 654.8899 693.7400 34 154 670.5100 314.7800
-2.6946115169e+00 3.4701473416e+00 2.9550153049e+00
135 128 113
3 11 149 -550.4900 761.2100 34 67 -437.1100 409.4200 17 115 -350.3000 -778.9900
-1.5616586874e+00 3.7326840156e+00 3.4400921960e+00
154 147 136
2 11 151 -334.6400 820.3400 34 163 -241.5700 443.4800
3.6587013113e+00 5.9101393258e-01 4.0948028222e+00
194 188 172
3 11 252 647.3701 86.6899 34 101 699.6100 -241.1800 50 268 128.4500 193.6300
3.9406027542e+00 4.4113616894e-01 4.6589340597e+00
182 177 174
2 11 254 744.7100 113.1300 34 39 802.0300 -213.8200
-3.7453776866e+00 5.5363593608e-01 6.6754180872e-01
183 179 170
2 11 256 -790.5700 127.9000 34 108 -709.4000 -159.6900
-3.8930986626e+00 4.3602019551e-01 7.3306034108e-01
183 179 170
3 11 257 -790.5700 127.9000 34 109 -709.4000 -159.6900 64 261 -309.5900 -56.3400
-8.6160623932e-01 1.4918997649e+00 1.0173585882e+00
70 58 46
2 11 258 -426.2300 139.4299 34 105 -359.4700 -184.4900
3.7201037539e+00 8.1506126454e-01 4.3469009893e+00
65 57 44
3 11 259 689.4600 147.4900 34 102 735.7000 -187.3000 54 110 948.1201 -130.9800
3.7201037539e+00 8.1506126454e-01 4.3469009893e+00
65 57 44
3 11 260 689.4600 147.4900 34 103 735.7000 -187.3000 54 111 948.1201 -130.9800
1.6166069839e+00 1.6886897051e+00 2.2911236802e+00
185 174 152
2 11 263 105.4301 165.7600 34 106 150.1700 -172.5500
1.6236881480e+00 1.7018425431e+00 2.2773230512e+00
185 174 152
3 11 264 105.4301 165.7600 34 107 150.1700 -172.5500 50 282 -54.5100 251.9500
3.2229094429e+00 1.2414873862e+00 4.1312799047e+00
164 160 151
2 11 268 580.4299 216.6100 34 110 624.1600 -121.1100
3.2229094429e+00 1.2414873862e+00 4.1312799047e+00
164 160 151
2 11 269 580.4299 216.6100 34 111 624.1600 -121.1100
2.2884795629e+00 1.8042314168e+00 3.0716818320e+00
68 55 39
4 11 270 305.6500 238.2500 34 113 344.5200 -107.3100 54 115 444.9200 -83.3000 50 288 17.4900 266.8200
2.7195092853e+00 1.8581154343e+00 4.1252189007e+00
156 152 143
4 11 278 494.1899 344.6100 34 121 529.9500 -2.5200 54 124 672.1100 84.7600 50 293 88.3300 290.9900
1.1626476695e+00 2.4606770995e+00 2.4985273729e+00
173 162 144
3 11 279 38.8101 349.6300 34 120 82.1200 -8.4300 54 119 113.4100 13.4900
-2.7436734747e+00 2.1362630838e+00 1.6109367420e+00
159 157 151
3 11 282 -648.9700 398.5901 34 125 -555.0300 89.4500 64 287 -257.8400 62.0900
2.4186172653e+00 2.2056491196e+00 4.1005646579e+00
185 177 165
2 11 284 441.1000 418.3401 34 124 475.1801 64.4500
-3.7571571019e+00 2.1098145691e+00 1.7202044156e+00
174 173 168
2 11 285 -761.5100 452.4399 34 131 -658.3000 149.8600
-1.1863826884e+00 2.6739215651e+00 2.1756344283e+00
144 134 125
2 11 286 -387.2700 473.1100 34 129 -304.8300 133.0100
-1.1863826884e+00 2.6739215651e+00 2.1756344283e+00
144 134 125
2 11 287 -387.2700 473.1100 34 130 -304.8300 133.0100
2.2982946321e+00 2.4530256390e+00 4.2976491589e+00
87 75 66
2 11 289 441.2400 493.4299 34 240 474.0800 129.7200
-1.9285804991e+00 2.6898572327e+00 2.2175534667e+00
58 49 39
2 11 290 -491.1800 514.6500 34 137 -398.7100 182.3700
-1.9285804991e+00 2.6898572327e+00 2.2175534667e+00
58 49 39
2 11 291 -491.1800 514.6500 34 138 -398.7100 182.3700
-1.3860467348e+00 3.0867938675e+00 2.6194104856e+00
59 48 31
2 11 297 -382.4600 604.5801 34 143 -292.7000 252.6200
6.6545813334e-01 3.3277370526e+00 3.7264549599e+00
150 143 115
2 11 304 80.0500 677.9700 34 151 130.0000 294.3400
8.6173935321e-01 3.4347873276e+00 4.1779157821e+00
154 151 134
3 11 308 164.7300 738.7600 34 157 209.0000 349.2100 54 147 230.8300 499.3201
-1.1444629301e+00 3.6936028879e+00 3.4577908865e+00
86 72 57
2 11 315 -266.3500 799.3700 34 162 -179.6800 418.5900
7.8625991792e-02 3.9572360290e+00 4.4748759350e+00
194 185 181
3 11 318 54.5300 910.5400 34 268 109.5699 502.1200 25 428 524.8400 -903.7400
-1.4965574669e+00 4.0059215315e+00 3.8041659564e+00
89 75 70
2 11 319 -290.1801 910.2500 34 170 -198.7800 518.4299
2.2482333641e+00 5.2785071396e-01 2.1255797667e+00
194 190 183
5 11 393 206.2000 -61.3199 34 200 260.4200 -393.9100 50 418 -23.7400 165.3500 58 58 161.5900 310.9600 64 415 108.7900 -105.0300
-2.2923675014e+00 -1.1953224979e-01 4.7000933942e-01
89 78 67
2 11 398 -596.5900 -53.3600 34 202 -533.6400 -356.1500
-5.4704926263e+00 -1.1179444464e+00 -9.2325296041e-02
190 187 178
2 11 399 -955.3800 -54.7500 34 206 -893.5200 -325.8900
-5.4704926263e+00 -1.1179444464e+00 -9.2325296041e-02
190 187 178
2 11 400 -955.3800 -54.7500 34 207 -893.5200 -325.8900
-3.2971745210e+00 -1.2911965050e-01 4.2247127231e-01
169 163 141
3 11 407 -724.0000 -3.9000 34 211 -654.5900 -295.8700 64 417 -282.4300 -104.9300
1.0379888557e+00 9.2558771933e-01 1.7041736935e+00
173 172 168
5 11 408 -39.6700 19.6700 34 208 18.8800 -309.0601 50 434 -102.7000 202.0400 64 430 4.0500 -70.0700 59 3240 -95.9399 1044.8799
3.3823241109e+00 6.4522308816e-01 3.6775376967e+00
170 166 155
3 11 410 557.4500 64.9000 34 212 609.6700 -267.8400 50 428 98.3000 190.7900
-2.1652117030e+00 7.3759463688e-01 7.1556737542e-01
179 174 155
2 11 416 -601.2600 73.5699 34 320 -528.7200 -231.3800
1.3485326617e+00 1.3784326081e+00 1.9955389473e+00
179 175 164
2 11 417 32.3500 99.8600 34 213 83.8199 -233.9600
-2.7191462869e-01 1.5795469283e+00 1.1565097977e+00
172 166 150
2 11 422 -325.7600 132.5601 34 215 -263.5300 -195.4400
3.7433877896e+00 9.0479959384e-01 4.6488953284e+00
186 182 173
3 11 426 721.2100 191.5200 34 221 767.5400 -136.5700 50 437 156.5200 224.0300
2.9982557363e+00 1.3160059442e+00 3.6742988646e+00
166 158 146
2 11 427 496.2800 188.5400 34 218 537.1899 -150.2300
-1.8219259571e+00 1.4663721640e+00 1.1144257280e+00
175 167 153
2 11 428 -546.6000 199.7600 34 225 -471.0100 -114.4500
2.5964166903e+00 1.8141878372e+00 3.6792458472e+00
165 159 145
2 11 437 427.1300 293.2300 34 230 464.2100 -53.1300
2.1509033067e+00 1.9911629856e+00 3.2065452153e+00
150 147 140
2 11 438 296.4399 292.7400 34 231 335.1100 -55.0900
-1.1907203039e-01 2.7347514134e+00 2.2193713325e+00
146 135 109
2 11 449 -217.6801 437.3201 34 350 -153.7300 82.4200
-9.5512071853e-01 2.5834563164e+00 2.0918567054e+00
155 149 137
2 11 450 -357.3600 436.8301 34 351 -281.2300 96.8800
1.1411375512e+00 2.7190862355e+00 3.0230934863e+00
120 113 98
2 11 454 92.1801 456.6899 34 237 135.1801 94.8600
-1.5320694760e+00 2.6258641457e+00 2.1042783281e+00
187 186 181
3 11 459 -444.8500 471.8101 34 244 -359.7500 139.2400 64 294 -175.3600 107.8200
-7.7439775191e-01 2.7804558767e+00 2.2937920206e+00
153 144 124
2 11 463 -313.7600 485.2800 34 354 -238.8200 137.2000
-7.7439775191e-01 2.7804558767e+00 2.2937920206e+00
153 144 124
2 11 464 -313.7600 485.2800 34 355 -238.8200 137.2000
1.5853125118e+00 2.6949553883e+00 3.5741064877e+00
140 133 123
2 11 466 232.9301 492.0500 34 241 272.1100 126.8800
1.5853125118e+00 2.6949553883e+00 3.5741064877e+00
140 133 123
2 11 468 232.9301 492.0500 34 242 272.1100 126.8800
1.3457664742e+00 2.8251115000e+00 3.5010338014e+00
142 133 118
2 11 470 181.7500 520.0500 34 357 221.5699 153.3100
1.0745758671e+00 3.0151797031e+00 3.4581116303e+00
139 132 122
2 11 472 125.8700 567.4099 34 245 169.8900 192.8200
1.3125788944e+00 3.0324594634e+00 3.9332103171e+00
183 177 168
2 11 475 221.3199 610.6599 34 248 263.6600 234.3800
9.0863361058e-01 3.1419389175e+00 3.6230804763e+00
77 64 55
2 11 477 112.8700 617.8500 34 250 161.2200 240.1000
-2.5097737652e-01 3.2488163673e+00 2.9375275005e+00
75 60 45
3 11 480 -168.3600 620.0100 34 253 -100.6800 250.5300 54 258 -165.0900 335.1100
7.6807119381e-01 -5.5116747526e-01 9.3860440283e-01
177 177 175
3 11 573 -126.1801 -240.1600 34 291 -62.2700 -564.7000 64 606 -35.1500 -185.3800
1.7704173828e+00 -8.2276817690e-02 1.5731724079e+00
171 172 166
2 11 581 77.7800 -176.7200 34 294 140.8300 -503.9200
-3.2756730111e+00 -1.2101648953e+00 3.9447574737e-02
148 148 148
2 11 583 -703.6200 -167.9100 34 300 -645.0400 -460.6400
-2.5842790241e+00 -7.4333162936e-01 1.8356060872e-01
189 186 181
2 11 590 -634.1500 -138.5300 34 198 -572.4300 -441.6200
-3.5179733394e+00 -8.5385385056e-01 9.3712733610e-02
176 174 161
2 11 593 -745.7300 -108.3600 34 305 -683.1700 -401.7300
-4.9882023599e+00 -1.0508668468e+00 -1.8796229242e-02
186 187 190
2 11 600 -903.2300 -68.3900 34 310 -839.8500 -337.3600
-4.1598210889e+00 -1.5185149950e-01 3.6888094345e-01
167 164 155
2 11 609 -827.1600 31.7800 34 315 -755.0500 -250.0700
-4.1598210889e+00 -1.5185149950e-01 3.6888094345e-01
167 164 155
2 11 610 -827.1600 31.7800 34 316 -755.0500 -250.0700
-1.1640911941e+00 1.0436847324e+00 8.3712457911e-01
111 102 88
2 11 613 -468.0000 71.8500 34 317 -402.0400 -244.6900
-1.2967015597e+00 1.2593153756e+00 1.0104237463e+00
146 140 126
2 11 620 -475.2900 128.4800 34 321 -406.8300 -187.2500
3.0178640597e+00 1.1000648380e+00 3.5671165218e+00
77 61 53
4 11 622 484.2900 141.6300 34 476 531.3199 -193.1000 54 323 684.7000 -170.7100 50 669 76.4600 221.9700
3.4753999992e+00 9.1171034408e-01 4.1276116603e+00
184 178 166
3 11 623 622.5701 149.5300 34 322 668.4800 -181.4100 54 324 864.4900 -135.8500
-2.7712703001e+00 9.6038306392e-01 9.0810185729e-01
182 175 165
2 11 626 -667.0900 155.3101 34 327 -587.8400 -142.5400
1.4196865127e+00 1.7299352367e+00 2.1254258837e+00
177 171 166
3 11 627 50.6700 165.0901 34 323 101.1899 -174.1600 51 3588 5.1700 -429.7300
-1.2213962358e+00 1.4667553001e+00 1.1027672420e+00
157 147 127
2 11 628 -465.3400 164.4299 34 325 -393.8300 -153.5900
2.8151378608e+00 1.3830254549e+00 3.5681303477e+00
104 88 72
4 11 629 450.8700 197.3201 34 328 492.3600 -142.4000 54 327 633.1700 -104.3300 50 445 66.5700 242.2400
-4.5552501086e+00 8.7145565194e-01 9.2441641409e-01
171 166 159
3 11 632 -870.5100 234.0601 34 336 -782.3200 -46.0900 64 660 -342.9600 -19.8200
2.4280940342e+00 1.9269764544e+00 3.5200655017e+00
100 85 63
2 11 644 380.4200 303.5300 34 334 417.0200 -45.1500
2.4280940342e+00 1.9269764544e+00 3.5200655017e+00
100 85 63
2 11 645 380.4200 303.5300 34 335 417.0200 -45.1500
3.6169306866e+00 1.4900334552e+00 5.2216165081e+00
163 156 148
3 11 655 764.0701 358.7900 34 341 800.0900 17.7400 50 691 178.7200 277.9900
1.6837339324e+00 2.3891527794e+00 3.0615877375e+00
87 74 58
2 11 657 194.8800 373.0000 34 343 235.2000 14.8600
-1.8453001001e+00 2.3801639664e+00 1.8436499618e+00
174 164 137
3 11 662 -510.5100 418.7300 34 352 -422.2200 94.0400 64 690 -201.7300 82.0400
-6.0731682236e+00 1.8829208624e+00 1.4380550684e+00
191 194 200
2 11 669 -1041.6100 486.3201 34 363 -927.5900 210.1600
3.9391279417e+00 1.7195314036e+00 6.2876455286e+00
129 117 105
2 11 670 924.4399 496.3800 34 356 949.1500 147.2100
-1.7390859921e+00 2.9811596220e+00 2.5568690908e+00
187 187 187
2 11 673 -436.2600 592.2500 34 369 -343.6600 249.9000
2.1117151509e+00 2.7926822279e+00 4.7565457817e+00
74 62 50
2 11 676 457.1801 615.9299 34 368 488.1300 243.3900
1.0534019674e+00 3.1557738523e+00 3.8241925448e+00
168 158 133
2 11 677 162.3700 635.4299 34 370 206.3600 256.6100
1.0534019674e+00 3.1557738523e+00 3.8241925448e+00
168 158 133
2 11 678 162.3700 635.4299 34 371 206.3600 256.6100
-4.6928966467e+00 3.0294616156e+00 2.3985414521e+00
164 156 143
2 11 685 -851.3700 701.4399 34 556 -722.7800 388.1799
-1.1601512598e+00 3.5201810847e+00 3.2105102257e+00
172 161 147
2 11 689 -290.8700 739.9299 34 551 -207.7500 367.5400
-2.5914796416e-01 4.0759346095e+00 4.3412347932e+00
143 131 117
3 11 700 -22.2000 939.0901 34 571 41.5500 525.9399 17 741 117.7500 -592.3500
1.2484142082e+00 3.9687518528e+00 5.6296331574e+00
121 112 98
2 11 704 396.0699 986.8201 34 394 423.6300 561.8101
-5.9613954332e+00 -4.3629165488e+00 -1.0291718399e+00
42 38 35
2 11 789 -904.4700 -405.1700 34 278 -879.2000 -711.0200
-5.8587653492e+00 -3.4654172509e+00 -9.1962955991e-01
163 166 170
2 11 804 -937.6600 -333.6500 34 285 -902.7200 -621.1000
1.6512263245e+00 -4.4713429464e-01 1.1700847436e+00
182 181 177
3 11 810 23.9301 -261.1801 34 286 86.5300 -591.3500 50 613 -83.1200 98.8400
-1.7131409837e+00 -1.7908159420e+00 5.7388361188e-01
172 173 168
2 11 811 -430.9800 -253.0200 34 289 -377.5900 -573.6400
-2.5508750088e+00 -1.6771457450e+00 1.2850681889e-01
184 176 163
2 11 813 -585.0900 -242.5500 34 426 -531.2800 -553.9200
-1.3033947589e+00 -1.1402300705e+00 7.6923520258e-01
167 168 163
2 11 822 -387.4700 -187.5100 34 432 -332.3800 -510.6500
2.3435647583e+00 -1.0333023034e-01 1.8969320346e+00
183 182 178
3 11 824 201.9100 -179.8800 34 433 264.2700 -509.0500 50 1019 -24.7000 123.7900
1.9343062607e+00 6.8413046235e-02 1.7342125650e+00
137 133 123
4 11 827 116.5000 -148.8700 34 435 180.0300 -478.7600 50 1028 -51.9500 135.4000 58 162 105.5000 257.3400
1.7884299994e+00 2.2344763554e-01 1.7157839151e+00
200 200 197
4 11 836 90.6400 -120.4900 34 663 152.4200 -451.3199 50 1044 -61.7600 146.8500 58 174 88.2800 278.1400
1.5477994236e+00 1.9421260835e-01 1.6246606702e+00
193 193 191
3 11 837 45.8600 -119.2400 34 442 105.9000 -448.4600 64 626 37.3900 -132.7200
-3.6999427773e+00 -5.2945667661e-01 1.9983701921e-01
134 126 123
2 11 842 -773.6200 -54.2100 34 455 -705.9100 -339.2800
3.5642191382e+00 1.4061102040e-01 3.4476109137e+00
110 101 94
3 11 843 562.3301 -45.9500 34 449 622.5400 -374.2900 50 1050 95.9300 155.0300
-2.5251665567e+00 -9.6789625128e-02 4.0026548965e-01
172 166 152
2 11 844 -636.4800 -44.4700 34 452 -570.8800 -346.1801
1.0988924571e+00 7.8891226096e-01 1.5470708199e+00
173 168 161
5 11 846 -45.6600 -20.4301 34 451 10.6700 -349.8400 50 653 -106.0100 186.7300 58 179 8.8400 357.4600 39 9 -366.3800 -162.1500
-5.5612412650e-01 9.5809600770e-01 6.9525396676e-01
179 170 154
3 11 849 -396.4800 7.5400 34 460 -336.6400 -314.2200 50 663 -228.8600 209.0000
-2.3582417297e+00 3.2934069309e-01 5.8646625145e-01
167 164 156
2 11 850 -616.9900 17.5800 34 461 -548.6500 -284.2600
-3.1686705813e+00 1.4474163911e-01 5.1335523156e-01
178 174 162
2 11 853 -714.0500 30.8800 34 463 -643.2500 -262.2000
3.0057130220e+00 9.6496829136e-01 3.1918753260e+00
163 154 137
3 11 861 445.9200 80.0300 34 697 491.8000 -260.1400 78 12939 -21.9000 56.1899
-4.2775948905e-01 1.3443223292e+00 9.3482034285e-01
153 153 146
2 11 862 -365.7100 82.1500 34 468 -304.8300 -243.2900
2.4907908126e+00 1.2558187948e+00 2.6308898006e+00
180 179 175
3 11 864 297.5699 89.6600 34 465 338.6000 -253.6500 50 1099 8.5900 215.2400
-1.7801753344e+00 1.5783051865e+00 1.2413388182e+00
164 161 146
2 11 885 -531.1100 226.2400 34 482 -453.6300 -87.1400
3.3996331214e+00 1.2119325022e+00 4.5558249852e+00
209 209 211
2 11 890 652.6201 248.6100 34 483 696.9200 -85.2900
3.3996331214e+00 1.2119325022e+00 4.5558249852e+00
209 209 211
2 11 891 652.6201 248.6100 34 484 696.9200 -85.2900
-1.3425404395e+00 1.9583662982e+00 1.5207755149e+00
76 55 39
2 11 897 -454.8500 291.1100 34 488 -378.6600 -31.5100
1.9657092711e+00 2.0924273163e+00 3.1247681512e+00
86 73 56
4 11 900 254.4800 310.4900 34 487 293.2700 -42.1300 54 486 371.8900 2.5000 50 697 2.5200 296.1600
-7.5026992540e-01 2.1637493888e+00 1.6959437177e+00
136 123 104
2 11 901 -356.3900 311.5000 34 492 -285.1400 -20.1400
-7.5026992540e-01 2.1637493888e+00 1.6959437177e+00
136 123 104
2 11 902 -356.3900 311.5000 34 493 -285.1400 -20.1400
1.7810571181e+00 2.2243432482e+00 3.0049392158e+00
150 143 127
2 11 907 207.1200 330.7300 34 758 247.6100 -21.8400
1.7810571181e+00 2.2243432482e+00 3.0049392158e+00
150 143 127
2 11 908 207.1200 330.7300 34 759 247.6100 -21.8400
-3.9391208742e+00 1.5493045981e+00 1.3349507745e+00
62 52 43
2 11 911 -794.7000 338.1400 34 503 -698.5100 47.1200
-3.2494302468e-01 2.4185462211e+00 1.9164562534e+00
82 66 48
2 11 914 -274.5200 356.7900 34 497 -209.3900 14.4900
2.1612637662e+00 2.1636258593e+00 3.5484625757e+00
101 88 69
3 11 915 334.5100 361.4800 34 496 372.1000 8.1300 50 699 33.8900 307.8700
1.8424714329e+00 2.3485031733e+00 3.1626436417e+00
131 119 102
2 11 916 235.8400 368.7800 34 773 272.6300 11.2000
3.8143188333e+00 1.3843322399e+00 5.7282583087e+00
76 63 59
2 11 923 839.8101 384.7600 34 779 878.7900 45.9800
1.4704228587e+00 2.4544244838e+00 2.9680684682e+00
165 158 151
2 11 924 146.4600 384.1300 34 499 187.9399 27.9100
-1.2681259369e-01 2.5818925553e+00 2.1110161769e+00
81 64 49
2 11 929 -225.6200 396.7300 34 502 -162.9400 48.1400
1.9482090467e+00 2.3693746417e+00 3.5345433729e+00
110 94 78
2 11 933 295.2400 408.0000 34 504 332.3000 51.8100
-4.7275770761e+00 1.8318190420e+00 1.5640092108e+00
182 180 181
2 11 936 -876.6400 434.9299 34 518 -770.5500 149.5200
1.6982280270e+00 2.5666338026e+00 3.4795542752e+00
99 83 64
2 11 939 243.6801 451.3401 34 509 281.6500 90.0900
-4.8634069237e-02 2.7820626297e+00 2.3196573270e+00
150 136 119
3 11 940 -197.5100 451.4299 34 789 -131.6700 98.8200 54 794 -184.1000 134.5100
-1.4857833309e+00 2.5703092873e+00 2.1173247866e+00
184 184 176
2 11 942 -433.6600 462.0400 34 515 -347.2200 129.4300
1.4721948278e+00 2.7178886143e+00 3.4308373837e+00
93 79 66
2 11 947 197.0000 485.8401 34 512 236.2700 121.1300
-1.8065790947e+00 2.7215682963e+00 2.1466552684e+00
65 53 42
3 11 955 -485.7900 506.6000 34 525 -394.7300 174.0100 64 1013 -193.2500 119.0700
-8.6207346845e-01 2.9016634144e+00 2.5072559990e+00
99 86 69
2 11 964 -306.4200 532.9800 34 823 -227.8300 183.7400
-1.5223018645e+00 2.9839976810e+00 2.5683292962e+00
109 94 76
2 11 970 -403.4200 584.3700 34 534 -312.9800 239.7200
7.7012838080e-01 3.1804600964e+00 3.5161963967e+00
75 58 42
2 11 976 76.4301 620.5800 34 536 124.9200 242.6100
7.7012838080e-01 3.1804600964e+00 3.5161963967e+00
75 58 42
2 11 977 76.4301 620.5800 34 537 124.9200 242.6100
-1.0295304079e+00 3.3307136428e+00 2.9494621253e+00
105 91 78
4 11 981 -299.3500 667.4299 34 543 -213.9700 304.9200 17 711 -130.9301 -854.5601 64 1040 -116.7900 197.7600
3.1348115777e+00 2.5960713178e+00 6.1289961848e+00
162 153 132
2 11 982 784.0300 678.6100 34 542 797.9301 303.6100
4.5519689267e-01 3.3903422571e+00 3.5865516871e+00
162 153 142
3 11 983 25.1000 686.1200 34 847 79.6899 301.8300 54 853 69.2400 415.9900
2.6575677457e+00 2.8303087830e+00 5.7034982002e+00
207 199 176
2 11 984 658.1201 701.1400 34 849 675.4200 320.5100
-1.9597459182e+00 3.4215231282e+00 3.0111975747e+00
197 195 189
2 11 989 -434.6100 730.7200 34 552 -334.5400 373.1899
-4.4532776511e+00 3.1999276258e+00 2.5572807051e+00
140 132 121
2 11 991 -814.0700 737.1000 34 561 -684.6600 415.8900
7.8843443962e-01 3.4586115412e+00 4.1190370784e+00
183 182 174
3 11 992 145.6700 741.5500 34 549 192.2900 350.9000 54 543 204.6899 497.2100
1.5885949161e+00 3.3907013247e+00 5.1405601303e+00
88 79 62
3 11 1001 404.3600 799.5500 34 559 433.5400 403.8201 54 556 508.2000 611.4700
-1.4555090343e+00 3.6818807925e+00 3.4162340570e+00
169 163 163
3 11 1002 -318.7900 802.0300 34 870 -226.3500 427.8000 17 724 -146.2800 -727.8600
-3.9377431044e+00 3.5928355625e+00 2.9385386910e+00
64 55 48
3 11 1003 -726.8900 825.3201 34 566 -596.2000 484.1500 17 1133 -498.8200 -732.4399
2.4154598569e+00 3.2873356988e+00 6.0563476976e+00
216 220 223
2 11 1006 654.7200 839.6100 34 873 666.2700 439.5100
1.3915310291e+00 3.5827098883e+00 5.2265763980e+00
173 168 164
2 11 1010 377.3101 856.8101 34 876 410.4800 453.4299
2.1012203187e+00 3.4674990644e+00 5.8573789526e+00
147 137 127
3 11 1012 577.8401 869.9700 34 879 593.3101 463.8700 71 730 674.0800 -480.6899
-2.8815064533e+00 4.0319915908e+00 3.5234697461e+00
185 181 169
2 11 1020 -534.7800 931.8301 34 890 -415.8200 557.5300
-2.8815064533e+00 4.0319915908e+00 3.5234697461e+00
185 181 169
2 11 1021 -534.7800 931.8301 34 891 -415.8200 557.5300
-3.6515605398e-01 4.4974162531e+00 4.8228122218e+00
193 189 185
4 11 1032 7.7500 1084.4600 34 1387 70.6899 647.0900 17 1157 142.6899 -467.4399 71 742 342.1300 -414.5400
-4.8899038535e+00 -3.4770461810e+00 -7.0453132551e-01
153 154 158
2 11 1133 -824.5200 -363.9600 34 415 -787.1900 -664.4700
2.3475649698e+00 -8.4464606454e-01 1.5570661888e+00
96 92 83
2 11 1143 176.4200 -308.7900 34 602 244.7200 -644.7000
2.1626073082e+00 -7.4375202578e-01 1.5061997932e+00
189 191 190
4 11 1144 142.2700 -290.7700 34 419 208.7500 -624.7100 50 983 -47.0100 87.6400 64 844 75.2200 -206.6800
-3.1665994463e+00 -2.1162739373e+00 -4.5830053197e-02
179 179 171
2 11 1146 -649.9800 -269.8800 34 614 -600.2600 -576.4200
-3.1665994463e+00 -2.1162739373e+00 -4.5830053197e-02
179 179 171
2 11 1147 -649.9800 -269.8800 34 615 -600.2600 -576.4200
