# Bundle file v0.3
30 4070
0 0 0
0 0 0
0 0 0
0 0 0
0 0 0
2.6248015528e+03 -1.0939096625e+00 1.7424744662e-01
9.8691197295e-01 -1.0537451781e-01 -1.2206952380e-01
1.1131201152e-01 9.9286046816e-01 4.2868716564e-02
1.1668073421e-01 -5.5895453881e-02 9.9159533304e-01
-1.2491549820e+00 -3.7985838873e-01 -1.1297523778e+01
2.2193080786e+03 -2.0399036755e-01 -1.5039193421e-01
9.5147413411e-01 6.2948147271e-02 -3.0122168395e-01
-4.3869428921e-02 9.9660325809e-01 6.9695187574e-02
3.0458569457e-01 -5.3098744995e-02 9.5100372131e-01
5.5793760119e-01 -2.2852237803e-01 -1.1036373361e+01
5.5780507115e+03 2.5615136086e-01 -8.1009999429e-02
9.4209261710e-01 4.1165300259e-02 -3.3281664451e-01
-7.7643158656e-02 9.9224604037e-01 -9.7053260071e-02
3.2624077109e-01 1.1727409531e-01 9.3798387292e-01
9.4776837625e-01 1.6510727794e+00 -1.1003611879e+01
2.1392899532e+03 -1.6066908945e-01 1.1873799682e-01
9.8552383682e-01 9.8206330908e-02 -1.3819653985e-01
-4.7782718813e-02 9.4299334096e-01 3.2936358433e-01
1.6266400598e-01 -3.1799225694e-01 9.3403498098e-01
-1.2047381085e+00 -3.0566219494e+00 -1.0657452495e+01
9.0750661796e+02 -1.7927935946e-01 -6.9357508860e-02
9.9837095653e-01 8.9404594338e-03 -5.6351586889e-02
-8.7471830512e-03 9.9995498752e-01 3.6755573929e-03
5.6381911536e-02 -3.1766521044e-03 9.9840422121e-01
-2.0975904994e+00 4.2004406673e-01 -1.0741867734e+01
3.4646151828e+03 -4.1893178770e-02 9.5608721412e-01
9.3943363359e-01 -3.0864907389e-02 -3.4133825683e-01
-4.9462335026e-02 9.7330103656e-01 -2.2413962087e-01
3.3914292783e-01 2.2744768568e-01 9.1282507896e-01
1.1098812588e+00 2.9826405197e+00 -1.0952717947e+01
0 0 0
0 0 0
0 0 0
0 0 0
0 0 0
0 0 0
0 0 0
0 0 0
0 0 0
0 0 0
0 0 0
0 0 0
0 0 0
0 0 0
0 0 0
3.9458300211e+03 -4.6237322265e-02 1.2047232106e-01
9.6510219758e-01 5.6821227816e-02 -2.5563469305e-01
-5.8772700059e-02 9.9827139081e-01 5.2580275705e-06
2.5519309934e-01 1.5019266605e-02 9.6677345003e-01
9.4931479032e-02 5.3080665349e-01 -1.1298914367e+01
4.7953788157e+05 7.4047273059e-04 0.0000000000e+00
9.4340651452e-01 6.8576447040e-02 -3.2447098371e-01
-2.4695132230e-01 7.9830370832e-01 -5.4929612569e-01
2.2135761287e-01 5.9833808185e-01 7.7005996327e-01
4.1107828758e-01 2.4944990063e+00 -2.8582625400e+02
0 0 0
0 0 0
0 0 0
0 0 0
0 0 0
5.7159249186e+03 1.0189574708e-01 -8.5478462219e-04
9.9093874852e-01 5.8882200998e-02 -1.2071985373e-01
-3.1347520969e-02 9.7535169915e-01 2.1841793856e-01
1.3060524342e-01 -2.1265453055e-01 9.6835960316e-01
-1.4679616907e+00 -1.8808553365e+00 -1.0943495934e+01
0 0 0
0 0 0
0 0 0
0 0 0
0 0 0
2.8631294356e+03 -9.7605168337e-03 -4.6292064943e-01
9.6541287400e-01 7.5982786472e-02 -2.4940849800e-01
-6.1110621221e-02 9.9588969392e-01 6.6852146705e-02
2.5346296513e-01 -4.9298414833e-02 9.6608808688e-01
-3.6228837969e-03 -1.5777040681e-01 -1.1129042555e+01
0 0 0
0 0 0
0 0 0
0 0 0
0 0 0
-2.5756107679e+03 -3.0810626551e-02 5.0348372179e-02
9.4295247816e-01 5.2867696746e-02 -3.2870295189e-01
-2.7064922728e-01 6.9668860327e-01 -6.6435983161e-01
1.9388042633e-01 7.1542294953e-01 6.7125284622e-01
4.9764461398e-01 1.5892990180e+00 1.5369739761e+00
0 0 0
0 0 0
0 0 0
0 0 0
0 0 0
0 0 0
0 0 0
0 0 0
0 0 0
0 0 0
0 0 0
0 0 0
0 0 0
0 0 0
0 0 0
0 0 0
0 0 0
0 0 0
0 0 0
0 0 0
1.9292314797e+03 1.2674049401e-01 -2.1955715258e-01
8.8421130750e-01 -1.3528423842e-02 -4.6689114946e-01
2.5340876466e-03 9.9970470287e-01 -2.4167860108e-02
4.6708023089e-01 2.0186352092e-02 8.8398448465e-01
2.5979889498e+00 6.6762912913e-01 -1.0795802363e+01
4.9438956422e+05 7.3408127531e-05 0.0000000000e+00
9.4419676266e-01 1.1287899148e-01 -3.0943627239e-01
-1.8048406957e-01 9.6316021803e-01 -1.9936874135e-01
2.7553216513e-01 2.4409163787e-01 9.2978561954e-01
3.3283925324e-01 1.9409459509e+00 -1.2517431991e+03
1.4391804568e+03 -8.1672782435e-02 8.5619606958e-02
9.1115490546e-01 5.2504995890e-02 -4.0870522833e-01
-1.1635266016e-02 9.9473166535e-01 1.0185055000e-01
4.1189969512e-01 -8.8046234204e-02 9.0696554609e-01
1.8578152247e+00 -5.9356157258e-01 -1.0571543436e+01
-2.5101664280e+03 -1.7562478728e-02 2.7729123984e-02
9.4879305081e-01 3.1092702558e-02 -3.1436442320e-01
-2.4599637402e-01 6.9704688954e-01 -6.7350680601e-01
1.9818559659e-01 7.1635108545e-01 6.6900193698e-01
7.3828944832e-01 1.2978901726e+00 1.7791032089e+00
0 0 0
0 0 0
0 0 0
0 0 0
0 0 0
3.6500354766e+03 7.9582284682e-01 -1.8471530678e+00
9.2650191711e-01 1.0646395504e-01 -3.6091498150e-01
-1.7545516186e-01 9.7072078409e-01 -1.6406293158e-01
3.3288088526e-01 2.1532901713e-01 9.1805431790e-01
1.2106131734e+00 2.6139059996e+00 -1.0918654497e+01
5.4238943495e+03 1.8524106480e-01 2.1905105059e-01
9.5302999492e-01 8.3973930500e-02 -2.9100207521e-01
-5.1579672276e-02 9.9176001657e-01 1.1726724585e-01
2.9845161448e-01 -9.6749411049e-02 9.4950839137e-01
4.6304588820e-01 -9.4296962870e-01 -1.2222173392e+01
4.0049070575e+03 -1.4815187502e-01 -3.7382972177e-01
9.5936275020e-01 5.3756883833e-02 -2.7700778141e-01
-6.5897287345e-02 9.9722291824e-01 -3.4698686797e-02
2.7437321487e-01 5.1542688963e-02 9.6024095423e-01
3.2664563790e-01 9.0181516404e-01 -1.1490303576e+01
6.0653765001e-01 -1.0755242847e+00 1.4609489491e+00
116 98 80
4 17 1916 732.9500 -405.4900 25 1624 975.0000 -695.1500 23 2445 134.6400 200.4900 10 9932 99.6700 -237.7700
6.3577965908e-01 -1.0722623220e+00 1.4538631163e+00
110 94 71
4 17 1915 772.3101 -406.1400 25 2588 1009.9600 -694.2300 23 2444 145.9200 200.4100 10 9934 111.8500 -236.4000
3.0938796163e-01 -1.1721781916e+00 1.5229626228e+00
66 54 40
6 17 1906 328.5400 -468.3000 25 2554 640.3701 -770.5500 23 3470 11.7500 180.6900 11 2288 214.8400 1087.0300 10 15058 -30.9500 -267.8900 27 12447 320.7600 451.1000
2.1487850780e-01 -1.1232307656e+00 1.5514814483e+00
189 176 167
5 17 2920 187.8199 -400.9399 25 3747 511.9500 -710.1899 23 3486 -26.1200 204.3000 10 15091 -70.7300 -244.2400 29 21490 12.4200 -113.6801
2.5016339357e-01 -1.2482409756e+00 1.6293068331e+00
130 112 92
3 17 325 191.1400 -621.0900 25 427 524.8400 -903.7400 11 317 54.5300 910.5400
4.4575323174e-01 -1.2070929408e+00 1.4734363365e+00
210 197 189
3 17 744 544.8500 -517.9000 25 648 830.6699 -812.2000 11 1028 454.5500 1028.7200
2.0331891317e-01 -1.1517397249e+00 1.6016533971e+00
145 128 106
3 17 1157 142.6899 -467.4399 25 1028 475.4500 -768.9000 11 1032 7.7500 1084.4600
4.9766492148e-01 -1.2732612261e+00 1.4628047518e+00
197 180 170
3 17 1884 631.2600 -611.0699 25 1595 914.9099 -897.6200 11 1482 535.6600 928.5801
3.0457100941e-01 -1.2324198775e+00 1.5645617073e+00
163 142 121
5 17 1895 300.2300 -568.7200 25 1597 622.2600 -861.9500 23 2422 1.4400 153.2200 11 1485 175.7600 966.6399 27 7971 309.5500 425.6300
2.9347186565e-01 -1.2842773134e+00 1.6142082369e+00
125 109 93
4 17 2852 258.0000 -666.6300 25 3668 589.2700 -948.0300 23 4981 -12.0300 129.6300 11 2253 126.0900 855.4600
3.7252239542e-01 -1.2889830617e+00 1.5455425572e+00
58 49 34
4 17 1877 408.9500 -649.2500 25 2518 721.0701 -933.8800 23 3437 28.2700 128.3000 11 2258 287.1600 879.8800
3.8389007416e-01 -1.2840514209e+00 1.5289364820e+00
174 158 141
3 17 2871 434.0200 -634.4800 25 2522 744.0000 -920.9900 11 2259 316.2300 897.1000
2.1481835027e-01 -1.2787789556e+00 1.6894476726e+00
115 98 79
3 17 4262 107.2500 -688.2600 25 3660 456.4100 -966.4800 11 3396 -34.2200 828.4200
4.1077698422e-01 -1.3162746091e+00 1.5264571370e+00
72 59 43
3 17 2848 476.0100 -683.4800 25 3659 784.1499 -965.4500 11 3403 356.1801 844.4200
2.5389392278e-01 -1.2653854243e+00 1.6274222522e+00
88 74 61
3 17 2866 195.4100 -639.5100 25 3678 534.0000 -924.7300 11 3418 60.0000 885.7800
2.7773905629e-01 -1.2563934638e+00 1.6180769359e+00
58 50 39
3 17 2874 234.3800 -629.6400 25 2526 564.5801 -912.9700 11 3424 102.4700 896.2100
1.8983422903e-01 -1.2461436264e+00 1.6486758263e+00
143 126 109
5 17 2881 96.4600 -609.5100 25 3683 445.1801 -899.7400 23 5002 -55.2300 147.8400 11 3435 -47.0699 918.7900 27 22019 251.1200 421.7700
2.1059744627e-02 -1.2860212255e+00 1.6345223520e+00
55 51 36
4 17 2888 -133.3500 -595.5699 25 2529 259.6400 -903.2700 23 3453 -120.3400 146.7300 11 3444 -311.1899 949.2800
4.0964649808e-01 -1.2988715484e+00 1.5228113675e+00
97 80 54
3 17 6471 474.3199 -657.9500 25 5602 781.0701 -941.6400 11 4991 358.9200 872.3000
-2.5765239691e-02 -1.3462043678e+00 1.6414512424e+00
75 62 43
3 17 4270 -211.1600 -663.7700 25 5593 205.0400 -971.7300 11 4995 -400.5601 880.8000
1.9403821761e-02 -1.2768642091e+00 1.6344321237e+00
153 133 109
4 17 6510 -134.7200 -583.0500 25 5624 257.3300 -891.6400 23 6939 -120.6500 150.3800 11 5026 -312.5500 962.1599
1.0352353515e-01 -1.2129655713e+00 1.6277115656e+00
156 136 112
3 17 4308 -8.7300 -526.7000 25 5652 354.9100 -831.9301 11 5062 -168.8101 1020.1499
3.7699739592e-01 -1.2103789878e+00 1.4987128679e+00
173 150 132
4 17 6544 436.3000 -517.8900 25 8499 738.7000 -816.5601 23 6958 39.3900 162.9400 11 5067 330.5500 1029.9600
3.3605530955e-01 -1.1865709394e+00 1.5095945440e+00
70 58 41
3 17 6558 372.9200 -483.6300 25 5670 680.7200 -785.0100 11 5073 263.5601 1068.6201
-5.6315501146e-02 -1.2445670699e+00 1.6005316290e+00
167 149 125
5 17 4317 -219.5500 -493.2500 25 5662 182.6700 -816.3700 23 6972 -144.4100 173.8100 11 5078 -413.5601 1071.3899 27 22079 165.7400 435.8700
-4.2362726588e-02 -1.3561519563e+00 1.6471746477e+00
157 138 116
3 17 9414 -239.7100 -675.3800 25 8439 183.9500 -983.6600 11 7268 -432.6300 868.3800
-1.5154937578e-01 -1.3750473436e+00 1.6301760619e+00
79 70 53
2 17 9440 -402.8199 -651.9000 25 11917 52.8101 -974.5100
4.2277590345e-01 -1.2186565844e+00 1.4824265878e+00
152 132 109
3 17 6535 509.0500 -531.2400 25 8495 802.2300 -826.3300 11 7392 412.3199 1014.7200
9.4759754046e-02 -1.2148974990e+00 1.6321581722e+00
142 124 104
3 17 9513 -23.1100 -529.0699 25 8492 341.6500 -835.7100 11 7396 -184.3101 1017.4299
5.7645934893e-01 -1.2017662761e+00 1.4297536789e+00
169 149 124
3 17 9517 748.3000 -521.8500 25 8502 1003.4199 -808.2400 11 7398 685.3101 1020.5400
-9.2248739705e-03 -1.2472679115e+00 1.6114049353e+00
144 126 106
3 17 9520 -159.5000 -520.3600 25 8490 233.1700 -836.7200 11 7412 -344.2700 1037.0901
3.1120173976e-01 -1.1908643172e+00 1.5433436614e+00
61 48 31
3 17 6554 320.2100 -505.3000 25 8503 633.7700 -802.6500 11 7414 204.4000 1040.1499
4.1920669666e-01 -1.3188179272e+00 1.5187332134e+00
153 132 110
3 17 9402 492.4500 -684.3700 25 8445 799.8899 -966.5400 11 10374 373.9700 845.1300
-5.2216162564e-02 -1.3485627994e+00 1.6476893807e+00
161 143 128
3 17 13625 -253.0900 -662.2900 25 11918 170.9700 -972.1200 11 15168 -447.3500 882.4100
4.4811208912e-01 -1.2553875101e+00 1.4741268074e+00
134 120 107
3 17 19807 553.3201 -579.3800 25 15557 845.6899 -872.1000 11 15327 453.3199 962.9199
1.5709035413e-01 -1.1980148706e+00 1.6184960176e+00
100 78 54
3 17 13810 69.7900 -518.8800 25 15559 419.9800 -821.1899 11 15434 -78.4900 1025.9099
1.2232507166e+00 3.4582729915e-01 1.7259907347e+00
90 74 59
2 17 75 889.9199 284.6899 25 77 999.8899 55.1400
-8.6392878394e-01 8.6135414864e-02 2.2503065182e+00
188 172 157
2 17 79 -917.6300 339.1400 25 76 -621.3800 42.7900
1.0653623560e-01 -1.2544281856e+00 1.6274829239e+00
65 55 45
3 17 120 -5.0500 -579.4700 25 157 363.8400 -879.3900 23 240 -83.5600 154.1000
1.3575896190e+00 8.3478721126e-02 1.7042880849e+00
179 165 150
2 17 139 1043.7900 126.2000 25 122 1151.1201 -96.9000
1.1473602133e-01 -1.1978975175e+00 1.6167396329e+00
118 100 78
3 17 214 14.8600 -505.7400 25 162 374.4700 -807.6600 23 244 -76.9900 175.3000
7.4189113471e-01 -1.1600533541e+00 1.3559893170e+00
199 183 169
2 17 218 1004.5601 -467.4900 25 255 1225.8601 -757.5500
3.0853065353e-01 -1.1343012443e+00 1.5339204695e+00
189 171 157
3 17 219 317.2100 -430.0100 25 166 627.0500 -734.4100 23 250 9.5300 193.1700
1.8536880580e-01 -1.1246037583e+00 1.5865375571e+00
76 61 42
2 17 220 128.9200 -418.3600 25 167 459.6400 -726.5800
1.7191631643e+00 5.9713999853e-01 1.4862158411e+00
209 200 195
2 17 261 1292.1299 429.6200 25 354 1358.2700 205.5100
5.7885227646e-01 -7.4516449037e-01 1.5199163201e+00
62 53 42
2 17 366 607.2100 -115.9100 25 288 829.1001 -408.5500
7.7292343365e-01 -7.1332539291e-01 1.4496564119e+00
41 36 30
2 17 371 849.9900 -96.2300 25 500 1041.8899 -382.2900
7.2297275633e-01 -2.5493491079e-01 1.5608168552e+00
211 198 190
2 17 407 659.3101 180.5300 25 201 834.1201 -97.4000
1.6417244462e+00 3.8394788766e-01 1.5904666644e+00
188 174 161
2 17 418 1238.1599 285.6799 25 342 1313.4600 65.3401
4.6331212927e-01 -1.2645002581e+00 1.4792139896e+00
81 68 52
2 17 487 571.2900 -598.8199 25 640 862.7100 -888.5200
7.6818656272e-02 -1.2085070018e+00 1.6287880617e+00
151 131 107
3 17 491 -41.2100 -512.8400 25 431 323.7100 -820.8600 23 721 -93.1700 173.0600
-1.2483733617e+00 1.2475568814e-01 2.3603302746e+00
194 180 169
2 17 623 -1250.8600 385.5400 25 574 -927.5400 79.6200
-1.4448084528e+00 3.3151500449e-01 2.3893550599e+00
181 168 159
2 17 631 -1351.6899 515.4600 25 588 -1032.5500 207.9399
1.7855064916e+00 1.3791651531e+00 1.5697513572e+00
161 154 140
2 17 643 1135.0701 668.7700 25 614 1190.1899 458.1899
1.5334741004e+00 2.8920645391e+00 1.9864787048e+00
173 163 154
2 17 658 707.3799 915.7800 25 626 757.1899 729.9299
1.6507452058e+00 2.7325327572e+00 1.7922951779e+00
112 103 95
2 17 663 822.6001 948.5100 25 627 869.1399 756.4000
1.6507452058e+00 2.7325327572e+00 1.7922951779e+00
112 103 95
2 17 664 822.6001 948.5100 25 628 869.1399 756.4000
3.6563889007e-01 -1.2796226096e+00 1.5634977038e+00
53 46 36
2 17 739 385.3199 -648.4399 25 638 699.5801 -932.2300
1.8846871267e-01 -1.1737125689e+00 1.6078899395e+00
85 72 56
2 17 746 119.9600 -493.6500 25 651 458.6100 -792.9000
3.7213714689e-01 -1.1219784070e+00 1.5110409917e+00
206 190 177
2 17 748 412.7900 -419.8700 25 655 707.5300 -721.0800
4.9175831134e-01 -7.6059671346e-01 1.5565444539e+00
168 145 118
2 17 816 493.3700 -130.4500 25 1117 731.2800 -423.6000
4.9175831134e-01 -7.6059671346e-01 1.5565444539e+00
168 145 118
2 17 817 493.3700 -130.4500 25 1118 731.2800 -423.6000
2.1207858166e-01 -7.9230960748e-01 1.6298104879e+00
36 31 25
2 17 821 146.3199 -126.2700 25 1109 431.2000 -432.0000
7.0780727649e-01 1.8829559960e-01 1.6689077251e+00
196 182 168
2 17 978 549.2700 368.3900 25 880 705.1599 104.0200
5.5072290828e-01 4.7469594963e-01 1.9307236358e+00
187 170 155
2 17 980 319.4600 382.9399 25 883 476.6899 137.6500
-1.2800109167e+00 1.4922484707e-01 2.3470808300e+00
82 72 56
2 17 988 -1271.5701 413.8101 25 1365 -945.4100 107.1899
-7.8202367907e-01 2.5303554032e-01 2.2202699200e+00
192 176 163
2 17 992 -803.1400 421.9299 25 882 -528.9100 130.4500
-1.0991221148e+00 3.8501192178e-01 2.3182200377e+00
190 176 165
2 17 1011 -1040.3700 500.2300 25 584 -756.0600 203.1899
-1.0991221148e+00 3.8501192178e-01 2.3182200377e+00
190 176 165
2 17 1012 -1040.3700 500.2300 25 585 -756.0600 203.1899
1.7974410968e+00 7.2407197601e-01 1.4222141804e+00
255 255 255
2 17 1013 1345.3000 505.3201 25 1408 1402.6499 279.8900
1.5448840288e+00 1.1961005336e+00 1.7168103146e+00
133 121 108
2 17 1026 969.5400 576.3401 25 948 1041.7700 364.5000
-1.3333673041e+00 8.9396305643e-01 2.4377618207e+00
152 137 123
2 17 1044 -1092.3101 687.2600 25 1471 -836.8500 402.3201
1.4506577326e+00 2.6160419081e+00 2.0323068775e+00
76 67 58
2 17 1056 678.4600 847.4700 25 988 735.5500 659.4399
2.5186774921e-01 -1.2571570343e+00 1.6198729797e+00
110 89 70
2 17 1145 197.5100 -624.5100 25 1591 533.8400 -910.4000
4.9038346444e-01 -1.2752830968e+00 1.4756907280e+00
92 76 60
2 17 1146 611.9900 -619.1500 25 1592 898.7200 -905.7700
2.1333227122e-01 -1.0881344071e+00 1.5612116666e+00
155 137 117
2 17 1169 177.9399 -367.8101 25 1628 500.3300 -677.5699
1.9050969737e-01 -1.0892921132e+00 1.5686075620e+00
153 133 109
2 17 1171 144.6200 -367.1600 25 1629 471.4900 -678.0500
-3.6165773545e-01 -1.1556684601e+00 1.7070368046e+00
109 94 74
2 17 1173 -669.8600 -362.6000 25 1041 -220.0500 -704.9100
-3.5641170973e-01 -1.1369760141e+00 1.7028654011e+00
153 140 124
2 17 1189 -655.3500 -339.9700 25 1042 -210.1400 -682.7300
9.8206287732e-01 -9.6155132115e-01 1.3487731691e+00
152 140 128
2 17 1197 1224.8799 -319.9800 25 1663 1392.5200 -597.4500
4.4333505501e-01 -9.7776089869e-01 1.5054690399e+00
168 144 120
2 17 1207 490.5900 -282.3199 25 1667 755.5901 -583.5800
-7.1117968364e-01 -9.5507276255e-01 1.8615157569e+00
19 19 17
2 17 1237 -1090.0500 -156.6400 25 1083 -628.6800 -509.4700
6.4158692222e-01 -7.6050626609e-01 1.5192432097e+00
41 38 29
2 17 1238 676.8201 -148.8700 25 1711 891.4700 -434.9900
5.9405385766e-01 -7.5756586411e-01 1.5291212225e+00
32 28 25
2 17 1242 620.1399 -138.4200 25 1113 840.4399 -428.2700
3.7430298204e-01 -8.0004180485e-01 1.5664210254e+00
61 55 44
2 17 1243 361.6400 -135.5699 25 1105 620.2500 -438.1200
6.9079597648e-01 -7.4068004590e-01 1.4916998390e+00
47 40 32
2 17 1245 742.3999 -126.1500 25 1133 948.4900 -412.3600
8.7303849218e-01 -7.3800188209e-01 1.4088330690e+00
171 153 134
2 17 1249 989.1499 -117.5300 25 1137 1165.1101 -402.0601
8.7303849218e-01 -7.3800188209e-01 1.4088330690e+00
171 153 134
2 17 1250 989.1499 -117.5300 25 1138 1165.1101 -402.0601
7.3340629467e-01 -7.5146689172e-01 1.4478905471e+00
173 154 139
2 17 1251 818.5400 -115.1400 25 1134 1016.4299 -405.6100
1.6730594004e+00 7.7205905096e-02 1.5831593109e+00
174 158 135
2 17 1416 1342.0300 119.4600 25 1301 1420.0100 -98.2400
-1.2900477890e-02 3.2255084140e-02 2.1541694156e+00
207 196 186
2 17 1442 -189.1801 158.0200 25 1300 38.4100 -98.8000
1.5730166093e+00 3.3194033717e-01 1.6467155830e+00
125 108 88
2 17 1474 1174.3000 242.7100 25 1335 1256.7500 23.6899
-1.2069439725e+00 9.9086402791e-02 2.3443778296e+00
96 88 72
2 17 1543 -1222.9200 371.7500 25 1348 -898.9600 67.0200
-2.5961387124e-01 2.7002992199e-01 2.0938952681e+00
183 170 154
2 17 1546 -351.6100 380.3000 25 1362 -118.8101 106.0400
-2.5961387124e-01 2.7002992199e-01 2.0938952681e+00
183 170 154
2 17 1547 -351.6100 380.3000 25 1363 -118.8101 106.0400
-1.3493644836e+00 7.8079784739e-02 2.3516540622e+00
117 100 82
2 17 1556 -1360.3900 392.8301 25 1352 -1019.3000 80.7200
-1.3170083918e+00 1.1539454680e-01 2.3502208153e+00
106 94 76
2 17 1559 -1316.8000 404.5300 25 1359 -983.6500 94.7900
-1.2129420582e+00 1.9074641233e-01 2.3264900989e+00
97 84 67
2 17 1568 -1197.7500 430.8101 25 2183 -881.6800 126.6000
6.2296964080e-01 6.0348953617e-01 1.8908014812e+00
92 82 73
2 17 1570 379.1801 447.7700 25 1394 525.3700 203.5000
-1.4768850651e+00 2.8605321609e-01 2.4252329335e+00
163 150 134
2 17 1591 -1394.1000 480.1400 25 1386 -1070.7800 171.3201
-1.5123547840e+00 3.4185750741e-01 2.4131313432e+00
174 162 150
2 17 1604 -1405.2300 522.4700 25 1398 -1083.4299 212.3800
1.6238930823e+00 1.2182505804e+00 1.7337529783e+00
57 54 49
2 17 1613 1005.1799 558.6699 25 1441 1073.4299 351.3201
5.8604435899e-01 1.1277865677e+00 2.0024651235e+00
168 152 136
2 17 1628 305.4500 599.1899 25 1446 434.1801 366.7400
1.6638337733e+00 1.1419598612e+00 1.5672479891e+00
179 165 150
2 17 1632 1107.5100 613.9100 25 1460 1172.1001 396.6200
1.5428747027e+00 1.5961169374e+00 1.5953630528e+00
93 86 78
2 17 1685 957.6399 774.9399 25 1527 1020.4800 557.6400
1.3665362796e+00 2.5973136735e+00 2.0934192765e+00
115 103 92
2 17 1697 625.6399 829.7700 25 1535 687.7800 642.7500
-1.0474559445e+00 2.5619058640e+00 2.7271039448e+00
138 123 106
2 17 1725 -642.2800 947.2700 25 1548 -494.7300 720.9000
4.3594974519e-01 -1.3147647579e+00 1.5191889755e+00
61 54 37
2 17 1870 513.3700 -685.4900 25 2507 817.3101 -966.6400
4.0132048058e-01 -1.2923355756e+00 1.5286013056e+00
168 151 136
2 17 1876 457.1300 -651.3700 25 2517 765.9199 -936.2800
1.1381754029e-01 -1.2822635854e+00 1.6589804936e+00
49 43 30
3 17 1879 -11.6500 -639.9200 25 1582 357.6600 -931.7900 23 3446 -85.8000 139.7300
1.1414312346e-01 -1.2816634855e+00 1.6599257818e+00
49 43 30
2 17 1880 -11.6500 -639.9200 25 1583 357.6600 -931.7900
3.8977342083e-01 -1.2117254103e+00 1.5023351166e+00
77 65 51
2 17 1901 450.3700 -525.3000 25 1603 751.3701 -822.1899
2.6452702598e-01 -1.1846924400e+00 1.5704134979e+00
135 117 96
2 17 1903 240.6100 -503.4800 25 1606 565.7100 -800.9399
-6.7261471538e-03 -1.2245086510e+00 1.6077221754e+00
85 72 55
3 17 1904 -150.0400 -488.0400 25 2550 238.9500 -808.0900 23 3469 -124.8800 175.3700
2.3268892016e-01 -1.1301283356e+00 1.5623262277e+00
72 59 43
3 17 1912 202.6801 -421.8199 25 2564 526.3400 -729.2100 23 3481 -22.3200 197.6900
5.8266696854e-01 -1.0745217059e+00 1.4706848255e+00
120 102 80
2 17 1917 697.1599 -404.1500 25 1625 944.1299 -694.7900
1.4330656220e-01 -1.0999701242e+00 1.5800657212e+00
171 156 143
3 17 1927 77.3000 -371.6500 25 1627 414.5900 -686.2200 23 2453 -57.6300 214.3300
6.6719119954e-01 -9.1469520454e-01 1.4645348492e+00
180 162 148
2 17 1983 768.8101 -259.4700 25 1684 988.3101 -549.0200
1.0675215382e+00 -8.2007183698e-01 1.3744157947e+00
177 159 142
2 17 1991 1243.6599 -227.1400 25 2688 1394.5801 -497.6700
5.7285175605e-01 -8.7916112691e-01 1.5038319595e+00
182 160 139
2 17 1993 629.8601 -224.7700 25 1687 863.0601 -517.3900
1.0495377868e+00 -7.5737775187e-01 1.4018153737e+00
165 148 133
2 17 2004 1182.1399 -184.4000 25 2722 1334.5300 -454.1000
1.0779157962e+00 -7.2847990950e-01 1.3963637671e+00
176 163 146
2 17 2013 1205.5000 -163.3600 25 1713 1352.6101 -432.3500
-6.2104572279e-02 -8.6162583311e-01 1.6886082516e+00
64 52 40
2 17 2019 -203.7900 -146.4200 25 2713 134.1200 -467.3101
-6.0991983507e-02 -8.4757675820e-01 1.6803822256e+00
182 166 151
2 17 2034 -197.1801 -126.7800 25 2729 137.7800 -450.3900
7.1842164121e-01 -7.4603800470e-01 1.4584016642e+00
53 45 34
2 17 2039 793.9399 -114.1400 25 2759 995.3999 -403.3101
9.3747203100e-01 -6.8236638948e-01 1.4174373504e+00
173 156 134
2 17 2048 1034.3201 -95.9600 25 1730 1199.0200 -374.7500
7.1170827305e-01 -7.2081988852e-01 1.4456071850e+00
74 61 45
2 17 2053 791.0200 -79.3400 25 2766 989.1899 -373.3800
4.1958975906e-01 -6.7036826070e-01 1.5544221837e+00
87 69 47
2 17 2066 408.8500 -28.5500 25 1749 649.2400 -330.4399
-1.1617592826e-02 -7.3480734720e-01 1.6597349076e+00
66 54 39
2 17 2068 -118.3800 -26.7200 25 1744 193.9600 -350.1500
-6.3562390446e-01 -7.9534445534e-01 1.8377916616e+00
56 46 34
2 17 2075 -924.1400 -17.2900 25 1736 -506.3100 -365.9900
7.3539076472e-01 -4.6662722849e-01 1.4935043321e+00
177 160 144
2 17 2154 739.0400 79.6899 25 1886 921.2100 -207.0100
7.3539076472e-01 -4.6662722849e-01 1.4935043321e+00
177 160 144
2 17 2155 739.0400 79.6899 25 1887 921.2100 -207.0100
1.2666323104e+00 6.0046651270e-02 1.7126858594e+00
80 69 52
2 17 2206 977.2800 130.1100 25 1957 1091.3899 -97.8500
-4.4422789544e-01 -5.5045515399e-01 1.8201522411e+00
66 59 43
2 17 2207 -619.3800 131.4299 25 2876 -271.5800 -201.5900
-5.1618832436e-01 -5.7062205991e-01 1.8164376597e+00
191 174 158
2 17 2212 -705.2200 141.9900 25 1901 -343.1899 -197.6400
1.7062773067e+00 1.1144289802e-01 1.5505942276e+00
181 167 150
2 17 2221 1375.3201 150.3000 25 1972 1449.2800 -68.7200
7.3045850881e-01 -1.9855177689e-01 1.6407863439e+00
159 142 122
2 17 2224 620.6399 159.1699 25 1952 791.4299 -109.1700
2.3366620373e-02 4.9963228839e-02 2.1467149576e+00
185 174 168
2 17 2225 -156.1600 163.6699 25 1962 66.9500 -91.8800
1.6669077141e+00 1.7198243013e-01 1.5829780836e+00
92 83 68
2 17 2229 1312.4900 174.1000 25 1995 1388.7900 -44.9600
1.6669077141e+00 1.7198243013e-01 1.5829780836e+00
92 83 68
2 17 2230 1312.4900 174.1000 25 1996 1388.7900 -44.9600
4.7181377475e-01 2.8490852402e-01 2.0305571680e+00
133 112 91
2 17 2266 233.5900 250.4800 25 3062 406.6300 9.5200
1.6064511946e+00 3.2257059085e-01 1.6019497167e+00
89 82 70
2 17 2270 1222.3000 256.3600 25 3082 1301.5801 35.4099
-1.3054856549e+00 -1.0374270216e-01 2.3869004612e+00
83 70 53
2 17 2273 -1389.0699 259.1899 25 3006 -1031.9100 -49.8101
1.3953382383e+00 3.8633789697e-01 1.7167281063e+00
89 77 61
2 17 2278 1006.8999 269.9800 25 2096 1103.6399 48.5200
1.6108204589e+00 4.4877956921e-01 1.6196563552e+00
84 72 60
2 17 2300 1186.9600 306.9500 25 2144 1265.8401 88.3401
1.7123739079e+00 4.7642430775e-01 1.5825953283e+00
30 35 34
2 17 2305 1267.2400 318.4099 25 2159 1337.6599 101.6000
1.7123739079e+00 4.7642430775e-01 1.5825953283e+00
30 35 34
2 17 2306 1267.2400 318.4099 25 2160 1337.6599 101.6000
1.6477591692e+00 5.4365384036e-01 1.6237761956e+00
89 83 71
2 17 2314 1189.4099 341.1000 25 2181 1263.2800 124.0100
5.3554725930e-01 3.6463329252e-01 1.9183467772e+00
183 171 157
2 17 2315 315.9100 342.1400 25 2147 478.6600 93.6899
1.6554018129e+00 5.7314847533e-01 1.6125381311e+00
172 155 137
2 17 2325 1193.0100 359.1300 25 2193 1266.7200 142.0901
6.0073639530e-01 4.8628219633e-01 1.9224091919e+00
111 105 93
2 17 2336 358.2500 381.9099 25 2191 510.1500 137.6599
-2.3623450424e-01 2.9910898356e-01 2.0927969406e+00
182 166 150
2 17 2345 -328.9301 389.5300 25 2178 -100.4700 116.5901
-2.3623450424e-01 2.9910898356e-01 2.0927969406e+00
182 166 150
2 17 2346 -328.9301 389.5300 25 2179 -100.4700 116.5901
3.4121756861e-01 4.7330660012e-01 1.9820023325e+00
175 161 148
2 17 2350 152.0000 401.2600 25 3205 323.8900 149.0901
3.0941067703e-01 4.8797513910e-01 1.9942018737e+00
176 163 146
2 17 2359 125.3800 408.1300 25 2204 298.8800 155.5801
3.9629413608e-01 4.9927623767e-01 1.9558511284e+00
194 176 162
2 17 2361 199.7000 415.7000 25 2209 366.6600 164.5701
-9.0794114044e-02 4.1797692744e-01 2.0745039351e+00
169 156 143
2 17 2366 -198.5400 422.2200 25 2205 9.4399 156.0300
1.6106330644e-01 4.9746628246e-01 2.0278942918e+00
175 162 153
2 17 2367 7.4800 427.1400 25 2213 191.3700 170.1500
-5.7721427429e-02 4.3564581072e-01 2.0688454473e+00
170 159 147
2 17 2369 -170.5200 425.9000 25 2206 33.8400 161.1400
-8.5654449737e-01 2.4768666868e-01 2.2313622793e+00
53 46 32
2 17 2375 -868.1000 431.1300 25 3190 -587.6800 136.1200
-1.3996270996e+00 2.0928241341e-01 2.3727080490e+00
76 66 55
2 17 2392 -1355.6200 458.4099 25 2198 -1027.9900 146.6400
-1.3996270996e+00 2.0928241341e-01 2.3727080490e+00
76 66 55
2 17 2393 -1355.6200 458.4099 25 2199 -1027.9900 146.6400
1.4117424863e+00 1.1519898170e+00 1.8451155199e+00
7 16 23
2 17 2421 850.8999 519.8101 25 2272 932.1201 310.3700
1.4299795653e+00 1.1210619702e+00 1.7538098356e+00
54 49 44
2 17 2428 898.6899 553.3201 25 2278 979.0601 338.8900
1.6601646292e+00 1.1955699994e+00 1.6318048288e+00
139 123 110
2 17 2453 1070.3401 598.3401 25 2302 1134.1299 384.9800
1.6435554904e+00 1.3277595377e+00 1.6459347382e+00
47 42 36
2 17 2478 1033.9700 640.0800 25 2337 1097.0400 427.9199
3.7368632505e-01 1.2329194984e+00 2.0536897325e+00
63 59 51
2 17 2481 159.4900 652.7900 25 2329 296.3700 416.3600
3.7368632505e-01 1.2329194984e+00 2.0536897325e+00
63 59 51
2 17 2482 159.4900 652.7900 25 2330 296.3700 416.3600
-1.1968985272e+00 1.0421213253e+00 2.4188670269e+00
164 149 131
2 17 2511 -957.0400 720.3700 25 2348 -721.7300 442.5200
1.7968749538e+00 1.4645446736e+00 1.5165915955e+00
96 92 81
2 17 2513 1148.9600 723.8900 25 2383 1199.5200 509.9299
-7.8472721579e-01 1.2212568938e+00 2.3118686472e+00
145 137 124
2 17 2524 -631.5400 752.2600 25 2375 -430.9600 486.6100
1.4297256570e+00 2.6260732882e+00 2.0992233660e+00
77 69 58
2 17 2543 650.7300 823.2100 25 2441 710.8000 638.6500
4.9181047739e-01 2.4880870008e+00 2.1978694849e+00
171 158 145
2 17 2575 195.3199 908.9299 25 2449 288.2500 698.7800
1.0220680459e+00 2.9131137331e+00 2.1875319715e+00
162 144 132
2 17 2576 435.4000 917.0000 25 2456 502.8400 726.1899
8.7996528556e-01 2.8449816244e+00 2.1893521923e+00
175 157 145
2 17 2580 372.4800 924.5100 25 2459 447.9500 730.8400
1.5440897053e+00 3.0254881972e+00 1.9682369733e+00
171 154 143
2 17 2586 706.7500 950.0801 25 2470 754.8601 765.0701
5.2080008848e-01 -1.3068096971e+00 1.4563678136e+00
93 77 61
2 17 2858 673.5400 -656.3500 25 2515 956.7000 -941.0601
1.6914335968e-01 -1.2520190371e+00 1.6451350688e+00
142 125 107
2 17 2882 72.6300 -609.7300 25 3684 425.6400 -900.0699
1.6914335968e-01 -1.2520190371e+00 1.6451350688e+00
142 125 107
2 17 2883 72.6300 -609.7300 25 3685 425.6400 -900.0699
1.8396853462e-01 -1.2370021732e+00 1.6445219181e+00
44 35 25
2 17 2886 93.8300 -595.1700 25 2531 440.7700 -885.5699
1.3782620008e-01 -1.2002706659e+00 1.6153429145e+00
89 76 60
3 17 2901 47.7900 -513.8500 25 2549 400.2900 -816.4301 23 3468 -68.2200 173.0500
1.5986525374e-02 -1.2053561309e+00 1.6037434455e+00
77 64 48
2 17 2907 -114.2400 -469.2700 25 3719 266.0800 -788.6700
1.0400342816e+00 -1.0251925583e+00 1.3522204615e+00
154 137 117
2 17 2917 1312.8401 -408.5000 25 3785 1473.1799 -677.5400
2.0948754927e-01 -1.1219531570e+00 1.5684734297e+00
75 61 48
3 17 2918 168.9301 -409.6899 25 2568 496.4900 -718.3400 23 3484 -31.5900 202.0600
3.3523457993e-01 -1.0816715245e+00 1.5324912817e+00
155 138 122
3 17 2939 349.9301 -378.0100 25 2599 646.7800 -682.7600 23 3490 21.9300 211.0200
-2.5483380383e-01 -1.1359853949e+00 1.6755115883e+00
168 152 129
2 17 2952 -505.2200 -352.1300 25 2590 -80.5500 -689.1400
1.0882597923e+00 -8.4938044265e-01 1.3652663749e+00
126 113 96
2 17 2989 1284.2300 -254.2300 25 2678 1431.5601 -524.1300
1.0793458061e+00 -8.2345002586e-01 1.3638600921e+00
89 74 59
2 17 2996 1266.4700 -225.7200 25 3933 1413.7400 -497.6899
1.0717914472e+00 -8.0818425369e-01 1.3681310492e+00
65 52 35
2 17 3002 1249.0601 -212.5699 25 3944 1398.1499 -484.3700
3.0674153808e-01 -9.1366259105e-01 1.5555274920e+00
187 166 147
3 17 3007 293.4399 -211.9800 25 3922 577.3899 -520.6200 23 3610 15.6200 275.7100
9.5625726992e-01 -7.7883679056e-01 1.4047459262e+00
76 60 45
2 17 3025 1090.8201 -176.9301 25 2724 1256.4900 -454.0200
1.3968662703e-01 -8.6741685409e-01 1.6327780095e+00
55 46 31
3 17 3034 59.9100 -173.8500 25 2695 363.2400 -484.9600 23 3627 -55.3900 297.7200
1.0876326880e+00 -7.1487935127e-01 1.3922615016e+00
39 31 25
2 17 3051 1214.5400 -150.9700 25 4006 1358.1399 -421.0300
7.3526570241e-01 -7.5392286918e-01 1.4840243345e+00
131 114 96
2 17 3056 797.2900 -145.6100 25 3993 996.7800 -429.4600
4.1609284904e-01 -7.6266801226e-01 1.5661411953e+00
95 79 59
2 17 3077 405.6899 -115.4900 25 4022 654.7600 -414.4399
4.2100128474e-01 -7.4812382136e-01 1.5601358316e+00
175 155 133
2 17 3093 413.7300 -99.2000 25 2760 659.5300 -399.9500
6.4129120697e-01 -7.0688896884e-01 1.5019743427e+00
45 38 28
2 17 3099 678.4800 -88.7800 25 4057 888.4700 -379.2300
1.3644665275e-01 -6.8043083896e-01 1.6237174287e+00
73 60 45
2 17 3162 67.3000 -0.4900 25 4167 350.6500 -316.6400
-8.6074915861e-01 -7.9915804756e-01 1.8966235282e+00
122 105 88
2 17 3167 -1212.9299 6.5601 25 4089 -760.3600 -352.9399
-2.5017992421e-01 -7.1360411359e-01 1.7182404907e+00
81 65 54
2 17 3181 -411.5400 22.0900 25 4192 -65.0601 -312.8500
-3.5977437601e-01 -7.2385538556e-01 1.7450043612e+00
76 64 48
2 17 3182 -550.0800 27.9000 25 4193 -185.3400 -312.3600
8.5039688106e-01 -4.3225263799e-01 1.4882905399e+00
184 167 150
2 17 3214 846.1799 74.6600 25 2869 1011.2100 -204.8101
8.3591744487e-01 -4.4851780294e-01 1.4581409927e+00
73 69 57
2 17 3222 852.5901 88.8700 25 4339 1021.1899 -194.7200
1.4468868223e+00 9.6172011842e-02 1.6974841678e+00
54 44 31
2 17 3234 1110.0500 116.2200 25 4424 1209.7200 -102.9100
1.7191304063e+00 5.9492011805e-02 1.5386957951e+00
178 161 143
2 17 3240 1406.6001 124.7400 25 4434 1480.1001 -94.1300
-2.1694937538e-01 -3.6794126990e-02 2.1788591925e+00
187 169 155
2 17 3261 -372.4399 154.3000 25 2942 -122.6200 -113.3101
1.6832000711e+00 1.3521058074e-01 1.5689947635e+00
71 63 44
2 17 3263 1340.9700 157.8500 25 4481 1418.0500 -60.3800
1.6850429372e+00 1.5632735854e-01 1.5604568385e+00
175 160 144
2 17 3275 1341.4800 174.2200 25 4506 1417.6699 -44.8900
1.7007898819e+00 1.7623052061e-01 1.5546171946e+00
71 62 53
2 17 3284 1351.1499 185.1000 25 3028 1424.5200 -34.3900
1.4410280070e+00 1.9938488476e-01 1.6728961939e+00
91 82 67
2 17 3286 1096.4399 188.8401 25 2005 1193.3899 -33.4399
1.6587445439e+00 1.8127442329e-01 1.5649379067e+00
184 169 149
2 17 3293 1313.4600 191.4500 25 3038 1391.4800 -28.7600
-1.8643170399e-01 8.0225972623e-02 2.1938792219e+00
163 145 121
2 17 3303 -334.7300 202.9299 25 2995 -97.4301 -60.6700
1.6698068065e+00 2.4015924259e-01 1.5741191434e+00
69 61 50
2 17 3308 1301.6899 215.2800 25 3055 1376.4900 -4.7300
1.6358149412e+00 2.9562549507e-01 1.5931108451e+00
88 78 66
2 17 3323 1254.0901 241.0901 25 3069 1330.6299 20.5300
1.5552481917e+00 3.3163807377e-01 1.6186113386e+00
178 161 147
2 17 3348 1175.5901 262.8101 25 3085 1260.1799 41.3800
1.2069878691e+00 3.6554040193e-01 1.7566739985e+00
62 52 39
2 17 3363 861.5701 279.9900 25 3098 973.3999 52.6899
1.5315972247e+00 3.8263575877e-01 1.6311684308e+00
89 77 63
2 17 3366 1142.6799 286.8401 25 4626 1226.6599 64.3101
4.4847281423e-01 3.2958312543e-01 2.0007999951e+00
128 111 95
2 17 3374 224.8199 295.6400 25 3094 397.7400 51.2300
1.5078107568e+00 4.0051423023e-01 1.6377488842e+00
78 69 54
2 17 3376 1119.1101 297.1599 25 4643 1205.1899 74.3101
1.4294540598e+00 3.9602747203e-01 1.6551367154e+00
160 147 124
2 17 3380 1056.6699 302.4199 25 3135 1151.1399 78.4399
1.1815617453e+00 4.2039767319e-01 1.7410895080e+00
178 159 135
2 17 3405 842.5400 321.9199 25 3152 954.2000 91.9500
1.1815617453e+00 4.2039767319e-01 1.7410895080e+00
178 159 135
2 17 3406 842.5400 321.9199 25 3153 954.2000 91.9500
1.7163625120e+00 5.2647695332e-01 1.5937249949e+00
32 33 32
2 17 3413 1252.7700 334.7000 25 3177 1322.1799 118.7800
5.8332465609e-01 3.4480497512e-01 1.8968370504e+00
72 63 51
2 17 3418 359.3500 334.1500 25 3143 519.0601 85.9800
1.7145336836e+00 5.0255147987e-01 1.5691392093e+00
160 148 132
2 17 3424 1269.3501 338.1200 25 3178 1338.9600 120.3401
-2.4537000101e-01 2.2102860082e-01 2.1073082866e+00
82 71 57
2 17 3436 -348.2300 344.4600 25 4639 -114.4800 70.5400
-2.4537000101e-01 2.2102860082e-01 2.1073082866e+00
82 71 57
2 17 3437 -348.2300 344.4600 25 4640 -114.4800 70.5400
5.2938607963e-01 3.9798211726e-01 1.9197086934e+00
91 79 67
2 17 3454 310.1500 358.9600 25 4696 471.4100 110.2300
4.7521863813e-01 4.1545623006e-01 1.9424986170e+00
187 173 160
2 17 3462 262.5699 366.3700 25 3176 427.2300 117.0601
-1.4455886795e+00 1.9244910929e-02 2.3503283623e+00
66 54 40
2 17 3478 -1473.7500 389.0901 25 3125 -1115.3600 68.5300
-6.8940282718e-02 3.9266787782e-01 2.0968134269e+00
59 51 40
2 17 3480 -188.7200 391.5701 25 4739 18.6200 128.0901
-9.5773888546e-01 2.0856137953e-01 2.2948708141e+00
59 53 41
2 17 3486 -969.1800 396.0901 25 3161 -678.1900 101.8500
-2.5970739207e-01 3.0395559270e-01 2.0912802655e+00
88 80 62
2 17 3489 -346.5699 398.8800 25 4725 -117.0500 124.0400
-1.4033131847e+00 6.8409073617e-02 2.3596429950e+00
180 167 151
2 17 3491 -1413.0100 397.7200 25 3137 -1067.2900 80.8301
-1.4277532197e+00 4.7763442762e-02 2.3489648858e+00
65 56 44
2 17 3496 -1445.0500 400.3101 25 3139 -1092.5000 81.1500
-1.1692682054e+00 1.9944225342e-01 2.3512385029e+00
73 64 49
2 17 3505 -1156.7100 408.1599 25 3169 -847.7300 108.4000
2.8523764982e-01 4.7400759153e-01 1.9891820565e+00
157 141 126
2 17 3507 108.4600 410.2100 25 3213 285.2400 156.4299
-7.9679753030e-01 2.0476253147e-01 2.2075803199e+00
56 51 39
2 17 3508 -825.8100 410.2700 25 3175 -545.3200 115.6799
-1.2995918728e+00 1.3180587864e-01 2.3470720100e+00
152 137 118
2 17 3509 -1295.2700 410.2400 25 4683 -965.3300 101.8800
-1.4107056434e+00 8.1051986487e-02 2.3494055498e+00
58 51 38
2 17 3512 -1415.6300 412.7500 25 4675 -1069.3500 95.3401
-8.2634654887e-01 2.3087892575e-01 2.2222393606e+00
50 44 31
2 17 3518 -845.8500 421.2200 25 3182 -566.1000 126.6699
-1.3364220752e+00 1.3819061184e-01 2.3457367585e+00
176 162 147
2 17 3523 -1325.8900 424.4199 25 3174 -993.7500 112.8600
-8.0672831751e-02 4.4499380969e-01 2.0674211812e+00
71 63 51
2 17 3533 -186.9200 436.6100 25 3233 18.5800 170.5801
-4.7554912931e-02 4.5640444689e-01 2.0589085963e+00
95 86 71
2 17 3536 -159.1000 438.9299 25 4805 43.6600 174.3500
-1.0475512521e+00 2.6530523959e-01 2.3042690660e+00
82 71 53
2 17 3540 -1030.8000 439.8500 25 3200 -737.2200 143.4000
-1.3337858214e+00 1.4860117311e-01 2.3285454018e+00
75 66 53
2 17 3541 -1320.4100 440.0200 25 3183 -987.8800 127.9199
-7.0831302161e-01 3.1754248208e-01 2.2068770815e+00
95 81 66
2 17 3542 -726.5600 442.6899 25 3214 -463.2200 155.7800
-1.3666344353e+00 1.5988906649e-01 2.3434325992e+00
175 159 144
2 17 3545 -1345.3201 444.7000 25 3187 -1012.5500 131.5601
-2.2575535816e-01 4.5074089805e-01 2.0944336796e+00
201 184 176
2 17 3557 -303.8300 457.0100 25 2223 -86.7300 187.0500
-1.3191834072e-01 4.8657193007e-01 2.0813685016e+00
92 79 63
2 17 3558 -225.4100 459.0400 25 3244 -18.5800 192.4199
-9.2779031395e-01 3.1536227160e-01 2.2599955608e+00
195 182 171
2 17 3562 -913.4500 462.5801 25 3230 -633.9900 168.3101
-1.0503841693e+00 2.8749105443e-01 2.2873693176e+00
170 153 135
2 17 3563 -1026.0701 462.1699 25 3224 -733.8000 164.1100
8.1496417926e-01 6.3250259428e-01 1.7218120587e+00
57 48 31
2 17 3603 570.4199 517.5200 25 4987 700.1201 267.8700
1.9933242787e+00 1.1636253124e+00 1.5836797714e+00
254 254 254
2 17 3624 1288.4099 542.9800 25 2277 1333.3601 339.3201
1.6644186280e+00 1.1861544564e+00 1.7262923797e+00
46 42 31
2 17 3626 1036.5300 542.9000 25 3334 1102.4299 336.1699
2.0435290710e+00 1.2320230603e+00 1.5732688000e+00
141 132 124
2 17 3640 1306.1399 562.3800 25 3351 1349.9199 361.3301
1.5340484762e+00 1.2410557654e+00 1.7439932003e+00
131 113 99
2 17 3653 946.7100 580.0000 25 3361 1018.9299 369.6500
1.7392406254e+00 1.1623347136e+00 1.5550451899e+00
177 167 157
2 17 3677 1153.7800 611.9500 25 3382 1212.8701 396.6300
-8.3029714321e-01 1.1689829793e+00 2.3153390438e+00
164 150 137
2 17 3754 -671.3200 742.4900 25 3435 -463.9301 475.2300
1.5024304751e+00 2.2940261475e+00 1.9943915649e+00
103 97 85
2 17 3778 736.4199 776.8800 25 5361 797.0100 586.8500
1.5024304751e+00 2.2940261475e+00 1.9943915649e+00
103 97 85
2 17 3779 736.4199 776.8800 25 5362 797.0100 586.8500
-5.4000173567e-01 1.1448489754e+00 2.1253329830e+00
178 161 151
2 17 3783 -453.2900 782.8800 25 3464 -260.8000 510.6700
1.4269284108e+00 2.5699151618e+00 2.1135097952e+00
178 166 153
2 17 3794 649.8799 804.2900 25 3543 710.4700 619.5601
1.1955421362e+00 2.7778663571e+00 2.1098061757e+00
94 86 75
2 17 3852 534.3800 892.3300 25 3577 599.8899 702.9700
-1.0497728176e+00 2.2625940207e+00 2.6992678523e+00
179 170 160
2 17 3855 -678.1600 892.1100 25 3562 -519.7000 659.3400
1.2660843095e+00 2.8429722664e+00 2.1019002191e+00
80 75 65
2 17 3860 564.7800 898.6100 25 3581 626.0100 710.7800
1.0783496730e+00 2.8032270030e+00 2.1457133427e+00
173 160 149
2 17 3867 473.5500 902.2400 25 3580 540.7900 710.2500
-1.5961598609e+00 1.8292144473e+00 2.6555076736e+00
85 77 67
2 17 3871 -1059.1600 908.6300 25 5405 -854.9900 648.4100
9.0835232459e-01 2.8129529946e+00 2.1934869808e+00
75 66 56
2 17 3873 385.8400 911.3500 25 5472 459.8800 717.6100
-1.5170386823e+00 2.1457238756e+00 2.7468601541e+00
171 162 151
2 17 3884 -955.4200 926.1899 25 5439 -772.9600 679.6300
-1.0762041522e+00 2.4856864117e+00 2.7109855048e+00
81 71 61
2 17 3899 -664.9600 942.8501 25 3584 -513.4700 713.7300
-9.8418772427e-01 2.7197516676e+00 2.6475253688e+00
45 47 42
2 17 3941 -585.4900 1007.5200 25 3612 -445.4500 780.9500
-9.6761743223e-01 2.7515709511e+00 2.6276967147e+00
172 159 147
2 17 3946 -572.0400 1020.5300 25 3615 -433.5100 793.9200
-1.4000767147e+00 2.6913296672e+00 2.7487557554e+00
63 60 52
2 17 3952 -806.4500 1026.7000 25 5540 -651.3900 792.6799
-1.6689720906e+00 2.1264326840e+00 2.5993806306e+00
183 174 167
2 17 3953 -1040.7000 1027.3201 25 5520 -848.2700 765.6899
4.2948251699e-02 -1.2918123858e+00 1.6225716933e+00
54 43 27
3 17 4290 -94.8199 -601.7700 25 5616 293.9800 -908.0200 23 6927 -110.0500 144.1000
3.0375321065e-01 -1.2188997959e+00 1.5656155187e+00
92 81 63
2 17 4298 297.1400 -553.6801 25 3706 617.3401 -847.1100
1.5376003774e-01 -1.2190714822e+00 1.6202470907e+00
55 45 32
3 17 4302 65.6899 -545.6500 25 3708 417.8900 -844.4301 23 5018 -63.3700 164.5000
3.9164283012e-01 -1.2234577061e+00 1.5030274775e+00
134 116 95
2 17 4303 453.7000 -540.9301 25 3710 755.6399 -836.8500
2.4250860506e-01 -1.2057146477e+00 1.5743590506e+00
165 150 131
2 17 4310 210.1801 -523.7000 25 3713 541.1600 -823.3700
1.8880218457e-02 -1.2285231603e+00 1.6193976454e+00
78 63 41
2 17 4312 -120.2100 -511.1600 25 5655 263.4500 -825.0100
