# Bundle file v0.3
90 11682
0 0 0
0 0 0
0 0 0
0 0 0
0 0 0
2.2758167210e+04 -4.3234451500e-03 -4.4219333799e-05
-8.5282397853e-01 4.7626378481e-02 -5.2002210502e-01
-2.8838833320e-03 -9.9624663100e-01 -8.6512042117e-02
-5.2219052544e-01 -7.2279860868e-02 8.4976036437e-01
1.1221426673e+01 1.9241182896e+01 8.1436152450e+02
1.8685444208e+03 -1.7661089173e-01 4.8017033179e-01
9.6977380223e-01 2.3070446675e-02 2.4291259129e-01
-1.1303766149e-01 9.2472981640e-01 3.6345185891e-01
-2.1624351921e-01 -3.7992436240e-01 8.9938657943e-01
7.3844026780e-03 -1.7620771275e+01 -6.6559273272e+01
1.5574163200e+03 2.0012525626e-02 -9.4117873805e-02
9.9372818403e-01 4.8502135463e-02 1.0075633543e-01
-6.8683521637e-02 9.7578222882e-01 2.0768152489e-01
-8.8243244099e-02 -2.1329928453e-01 9.7299359972e-01
3.4042411669e+00 -3.9080489540e+00 -2.3734685719e+01
2.5381649803e+03 3.7095654867e-01 -6.7259712367e-01
9.2698905613e-01 6.1092068471e-02 3.7007978732e-01
-2.4971085419e-01 8.3673577812e-01 4.8735790433e-01
-2.7988529635e-01 -5.4418838354e-01 7.9090026180e-01
-1.4154814606e+01 -3.8924855363e+01 -9.7021627307e+01
1.5039871260e+03 9.6902891802e-02 1.8610121396e-02
8.5474900733e-01 -5.5703445742e-02 5.1604385530e-01
-7.4788388561e-02 9.7063195414e-01 2.2864887173e-01
-5.1362518571e-01 -2.3403148450e-01 8.2548072834e-01
-1.8092273980e+01 -1.2731189652e+01 -1.2896101701e+02
1.2265998394e+04 2.1727856118e+00 3.7282870713e-02
9.2857608957e-01 -2.8247002615e-02 3.7006560597e-01
5.6720752976e-03 9.9806317450e-01 6.1949392838e-02
-3.7109873813e-01 -5.5425684970e-02 9.2693781884e-01
5.3735566068e+00 6.1256342890e+00 -2.9995724540e+02
0 0 0
0 0 0
0 0 0
0 0 0
0 0 0
0 0 0
0 0 0
0 0 0
0 0 0
0 0 0
0 0 0
0 0 0
0 0 0
0 0 0
0 0 0
6.1287227294e+02 7.3095894420e-03 -6.8563075179e-02
-7.8852312485e-01 1.3754995789e-01 -5.9942580079e-01
-1.8824367462e-01 -9.8186872254e-01 2.2318840947e-02
-5.8548748965e-01 1.3043703761e-01 8.0011910281e-01
3.2663919839e+00 1.2016002529e+01 1.1501935585e+01
-1.5504341120e+03 6.2638660741e-01 -6.3412109501e-01
8.2195947984e-01 -1.0020399488e-01 5.6066190607e-01
-3.2274116915e-01 7.2914979042e-01 6.0347222046e-01
-4.6927683860e-01 -6.7697839149e-01 5.6699162799e-01
-1.9225046804e+00 -1.2640718278e+00 8.3919876993e+00
0 0 0
0 0 0
0 0 0
0 0 0
0 0 0
4.9006733987e+03 -1.3487403347e-01 5.2956752562e-02
9.1124218685e-01 -2.6194437332e-02 4.1103713744e-01
-1.8374189211e-01 8.6730965563e-01 4.6261525952e-01
-3.6861442455e-01 -4.9707928211e-01 7.8551613179e-01
-1.4959076500e+01 -2.9662702374e+01 -6.5843279099e+01
0 0 0
0 0 0
0 0 0
0 0 0
0 0 0
2.8641519861e+03 -1.6653951831e-01 -1.0258804213e-01
9.4902706437e-01 2.9653857517e-02 3.1379655803e-01
-1.3145321876e-01 9.4208721815e-01 3.0853156188e-01
-2.8647457544e-01 -3.3405437003e-01 8.9796436204e-01
-4.3724047341e+00 -1.7326985928e+01 -8.1745407458e+01
0 0 0
0 0 0
0 0 0
0 0 0
0 0 0
3.9303827193e+03 1.1932781237e-01 1.2851613924e-01
-6.7061686042e-01 3.1440174790e-01 -6.7188136411e-01
-9.0828204012e-03 -9.0915214878e-01 -4.1636507147e-01
-7.4174829214e-01 -2.7311885926e-01 6.1254841427e-01
8.8143088585e-01 8.3930386797e+00 1.7512036377e+01
0 0 0
0 0 0
0 0 0
0 0 0
0 0 0
0 0 0
0 0 0
0 0 0
0 0 0
0 0 0
0 0 0
0 0 0
0 0 0
0 0 0
0 0 0
0 0 0
0 0 0
0 0 0
0 0 0
0 0 0
5.9285142178e+04 -1.9591747488e-01 -9.4005713257e-05
9.4623981533e-01 -1.5206392108e-02 3.2310830618e-01
-4.9643639556e-02 9.8023308937e-01 1.9151657775e-01
-3.1963372934e-01 -1.9726088345e-01 9.2678067682e-01
1.6113188256e+01 -1.1352361484e+01 -2.4292237285e+03
0 0 0
0 0 0
0 0 0
0 0 0
0 0 0
1.9328298509e+03 -3.0947402128e-01 4.4050453454e-01
9.5697091607e-01 5.4857842247e-02 2.8495136943e-01
-1.2809994082e-01 9.6097116495e-01 2.4520364047e-01
-2.6037870681e-01 -2.7115500601e-01 9.2664874238e-01
8.7365429816e+00 -1.9577486627e+01 -9.6663554869e+01
2.9887503026e+03 1.2160158920e+00 2.6274549646e-01
-5.7255314326e-01 2.9756353044e-01 -7.6396259299e-01
-2.3274853555e-01 -9.5246795288e-01 -1.9655258314e-01
-7.8613676758e-01 6.5274375439e-02 6.1459599622e-01
-9.2641991748e-01 1.0225902807e+01 1.7615338182e+01
3.0391579487e+03 1.4644427482e-02 8.1737698527e-07
8.4181780978e-01 -2.8974985594e-02 5.3898351120e-01
-8.3866371018e-02 9.7940952666e-01 1.8363935006e-01
-5.3320653311e-01 -1.9979346658e-01 8.2205435572e-01
-6.1501019084e-01 -1.5827605952e+01 -4.7715917494e+02
7.0380186557e+02 -9.5315302993e-02 5.6098180873e-01
-8.4744124060e-01 -1.7860086684e-02 -5.3058869290e-01
3.0632086499e-01 -8.3273461231e-01 -4.6121642764e-01
-4.3360220410e-01 -5.5338420899e-01 7.1116457015e-01
-3.2324411130e+00 -3.0929915899e+00 1.4463411599e+01
2.4291148922e+03 -1.4569190913e-02 4.5078896974e-02
9.8393671923e-01 5.5298531165e-02 1.6973686989e-01
-1.5756372624e-01 7.1597381806e-01 6.8011408162e-01
-8.3917845060e-02 -6.9593359188e-01 7.1318597223e-01
-9.4865603870e-01 -2.3641458362e+01 -3.9668852193e+01
2.0977020206e+03 -7.4107936773e-02 -6.8665994121e-03
-9.5774396325e-01 -4.7299372856e-02 -2.8370630972e-01
1.1802187050e-02 -9.9201753267e-01 1.2554649839e-01
-2.8737990401e-01 1.1689304601e-01 9.5065703940e-01
1.3670683329e+00 8.7480534989e+00 4.1503754275e+01
3.0635477264e+03 1.6520532065e-01 2.2891945607e-01
9.0594843102e-01 -1.1175811824e-02 4.2324052449e-01
-1.2948229933e-01 9.4444292407e-01 3.0209584130e-01
-4.0310268481e-01 -3.2848540972e-01 8.5416951544e-01
-6.8964006349e+00 -2.4238855824e+01 -1.7337105555e+02
5.4993628992e+03 7.5258538609e-01 -4.3404639252e-03
8.2062565085e-01 -5.4233658471e-02 5.6888685294e-01
-7.7448726991e-02 9.7574720558e-01 2.0474150896e-01
-5.6619363812e-01 -2.1207569661e-01 7.9652285784e-01
-2.5853805250e+01 -2.0877703725e+01 -3.2243394111e+02
0 0 0
0 0 0
0 0 0
0 0 0
0 0 0
0 0 0
0 0 0
0 0 0
0 0 0
0 0 0
-4.3156650378e+03 -4.5305204296e-01 -1.3298593119e-02
7.5401959906e-01 -1.7812604768e-01 6.3223852727e-01
-3.2670262224e-01 7.3332522780e-01 5.9623779391e-01
-5.6984194375e-01 -6.5612896705e-01 4.9474734738e-01
-1.6076488451e+00 -2.9481819844e+00 2.2586177686e+01
0 0 0
0 0 0
0 0 0
0 0 0
0 0 0
0 0 0
0 0 0
0 0 0
0 0 0
0 0 0
0 0 0
0 0 0
0 0 0
0 0 0
0 0 0
0 0 0
0 0 0
0 0 0
0 0 0
0 0 0
8.7889199737e+04 4.9147623823e-03 1.5557700882e-06
7.9036287904e-01 -1.2272178965e-01 6.0022152726e-01
3.9522131332e-02 9.8790401609e-01 1.4994551056e-01
-6.1136283872e-01 -9.4789331394e-02 7.8565288906e-01
-1.9635721374e+00 -1.1712886941e+00 -6.3567723013e+01
0 0 0
0 0 0
0 0 0
0 0 0
0 0 0
6.5907794093e+02 -2.5853860359e-01 9.9586801934e-02
-8.8281857181e-01 7.6462149708e-02 -4.6344892806e-01
3.3421689154e-01 -5.9102720390e-01 -7.3415660023e-01
-3.3004611598e-01 -8.0301954143e-01 4.9621485005e-01
1.5199167602e+00 2.3094051983e-01 4.9129693756e+00
0 0 0
0 0 0
0 0 0
0 0 0
0 0 0
0 0 0
0 0 0
0 0 0
0 0 0
0 0 0
1.5100813681e+03 -9.4256625567e-02 3.5866121365e-01
9.6853760851e-01 4.3273449816e-02 2.4507612988e-01
-1.4881354719e-01 8.9001690709e-01 4.3095757712e-01
-1.9947287803e-01 -4.5386926933e-01 8.6845452229e-01
-1.3751836643e+00 -1.6604792296e+01 -5.2178029706e+01
0 0 0
0 0 0
0 0 0
0 0 0
0 0 0
5.8304217737e+03 1.1558763073e-01 -9.1374750497e-03
9.1462571028e-01 -3.1533947143e-02 4.0306999427e-01
-2.2319923279e-01 7.9188105153e-01 5.6842457961e-01
-3.3710816155e-01 -6.0986064835e-01 7.1723641640e-01
-1.4730816432e+01 -4.0137740548e+01 -7.7089023668e+01
0 0 0
0 0 0
0 0 0
0 0 0
0 0 0
0 0 0
0 0 0
0 0 0
0 0 0
0 0 0
5.8276494457e+02 2.1560102493e-02 -1.1946031515e-01
9.5139076838e-01 -2.2809610388e-02 3.0714056639e-01
-1.0435704444e-01 9.1438688569e-01 3.9116010860e-01
-2.8976751564e-01 -4.0419839801e-01 8.6755889824e-01
-3.1725895556e+00 -1.5426816632e+01 -5.2673656129e+01
8.5104225960e+02 1.3641461034e-01 -4.7217444405e-01
7.0785040422e-01 -7.5690565445e-02 7.0229533926e-01
-1.1210638788e-01 9.6960247429e-01 2.1749298760e-01
-6.9740946584e-01 -2.3268429290e-01 6.7784810747e-01
-3.3975119645e+00 1.9355576561e+00 -1.3302256763e+01
1.6022531706e+03 2.4128299206e-01 -1.0397404353e+00
9.7516995343e-01 5.0817476171e-02 2.1554847723e-01
-1.3061113991e-01 9.1799087436e-01 3.7447761578e-01
-1.7884152776e-01 -3.9333235146e-01 9.0183444669e-01
-1.8125341876e+00 -1.3634197659e+01 -4.3886995805e+01
8.8464668168e+02 3.4730958571e-02 -6.8717498998e-02
9.9128722521e-01 4.5676059053e-02 1.2354486946e-01
-8.9160477955e-02 9.2308359925e-01 3.7412174218e-01
-9.6953835981e-02 -3.8187742331e-01 9.1911347899e-01
-1.1959739991e-01 -1.2025257125e+01 -3.8647548989e+01
0 0 0
0 0 0
0 0 0
0 0 0
0 0 0
6.4822554199e+03 -7.7257710824e-01 -8.7563632565e-02
9.0284477679e-01 -4.2227195027e-04 4.2996642974e-01
-3.4249067265e-01 6.0386378122e-01 7.1975598148e-01
-2.5994508682e-01 -7.9708742018e-01 5.4505063657e-01
-1.6797026576e+00 -2.8366874151e+00 -2.4505403650e+01
7.5788630958e+02 -2.7589799256e-02 -1.4866008135e-01
9.6166356679e-01 2.9498132975e-02 2.7264087084e-01
-1.1604064228e-01 9.4457517520e-01 3.0710308976e-01
-2.4847083056e-01 -3.2696727444e-01 9.1178651438e-01
-1.4834169941e+00 -1.0283797403e+01 -5.4982878634e+01
0 0 0
0 0 0
0 0 0
0 0 0
0 0 0
1.7872660528e+03 -9.9665467188e-02 4.9439268473e-01
-1.2533461924e-01 9.1694286873e-01 3.7882318924e-01
-9.6724899222e-01 -2.7983687491e-02 -2.5228218383e-01
-2.2072747962e-01 -3.9803603947e-01 8.9041939052e-01
-1.7316233009e+01 3.3523152177e-01 -6.8221502038e+01
1.7970858505e+03 -9.7677619522e-02 1.2023408932e-01
7.6448018748e-01 -1.1425518430e-02 6.4454596460e-01
-1.7334875247e-01 9.5937196207e-01 2.2261097999e-01
-6.2090277255e-01 -2.8191292259e-01 7.3144025806e-01
-1.7469386468e+00 1.9708327512e+00 -1.4672659366e+01
5.1658054075e+04 8.9415166496e-02 1.4039942795e-04
8.5076786115e-01 -1.4482660435e-02 5.2534207806e-01
-6.2200219622e-02 9.8981945880e-01 1.2801785681e-01
-5.2184785054e-01 -1.4158987086e-01 8.4120575923e-01
-3.4003162742e+00 1.6369831582e+01 -8.6404142767e+02
0 0 0
0 0 0
0 0 0
0 0 0
0 0 0
0 0 0
0 0 0
0 0 0
0 0 0
0 0 0
0 0 0
0 0 0
0 0 0
0 0 0
0 0 0
3.5310590847e+03 -7.0000571585e-01 1.7148060750e-02
8.4920739139e-01 -2.9547538742e-02 5.2723215888e-01
-6.2766161299e-02 9.8570719171e-01 1.5633854679e-01
-5.2431594998e-01 -1.6585618822e-01 8.3521524736e-01
-9.3568415607e+00 -1.0846145499e+01 -8.5932853292e+01
2.4509045155e+02 -1.3276755402e-01 9.4998234989e-03
9.4477835930e-01 3.9639890460e-02 3.2530375173e-01
-1.6988651856e-01 9.0809990945e-01 3.8274420343e-01
-2.8023636919e-01 -4.1687316240e-01 8.6468742552e-01
-1.4893226921e+00 -2.1961991678e+00 -3.8027686852e+00
0 0 0
0 0 0
0 0 0
0 0 0
0 0 0
9.4166358955e+02 1.3062177657e-02 -8.1177466487e-02
9.7846632675e-01 2.5808238674e-02 2.0478667492e-01
-1.1146597639e-01 9.0110919255e-01 4.1901975993e-01
-1.7372099331e-01 -4.3282347201e-01 8.8458174216e-01
-3.2229253503e+00 -2.1419485995e+01 -6.3030454771e+01
6.5094477445e+03 9.8574059106e-01 3.1582702455e-02
7.8947109659e-01 2.5581804871e-03 6.1378240717e-01
-1.1158284671e-01 9.8392629588e-01 1.3942134916e-01
-6.0355998539e-01 -1.7855671366e-01 7.7706682084e-01
-3.1998580295e+01 -8.9190233970e+00 -3.2349896479e+02
1.2525828898e+03 -8.0681610560e-02 1.8543401874e-01
9.7843712328e-01 3.1859627368e-02 2.0407292796e-01
-1.2122430800e-01 8.8853822054e-01 4.4249802010e-01
-1.6722877424e-01 -4.5769508932e-01 8.7324094171e-01
-1.2861018089e+00 -1.7081604748e+01 -4.6977845680e+01
0 0 0
0 0 0
0 0 0
0 0 0
0 0 0
0 0 0
0 0 0
0 0 0
0 0 0
0 0 0
6.1380805634e+02 1.8334535498e-01 -6.1124229473e-02
8.4310304774e-01 -2.5566850726e-01 4.7308653044e-01
-2.3943278824e-01 6.0925838195e-01 7.5596042485e-01
-4.8150720743e-01 -7.5062496522e-01 4.5245217512e-01
2.5006070673e+00 -1.0428912893e+01 -5.4039172605e+00
4.6910886151e+04 4.4266460724e-03 7.7579836959e-07
8.0507207869e-01 2.3606868785e-01 5.4417875990e-01
-5.7301163850e-01 5.4667555558e-01 6.1057636629e-01
-1.5335126428e-01 -8.0337874726e-01 5.7538333153e-01
-6.0316565889e+00 2.5789341835e+00 -2.4047832885e+02
0 0 0
0 0 0
0 0 0
0 0 0
0 0 0
0 0 0
0 0 0
0 0 0
0 0 0
0 0 0
0 0 0
0 0 0
0 0 0
0 0 0
0 0 0
5.8191090068e+02 2.7477771887e-01 1.1810514254e+00
-9.0551705377e-01 1.5274420256e-01 -3.9586370624e-01
3.2731543009e-01 -3.4222576722e-01 -8.8076451647e-01
-2.7000643429e-01 -9.2711958929e-01 2.5989573410e-01
5.8325078137e-01 7.6439886649e+00 8.7510866693e+00
1.4112667034e+03 5.2222582801e-02 -1.7109902075e-01
9.8695465274e-01 3.8377713568e-02 1.5635748956e-01
-1.1263092414e-01 8.5854367838e-01 5.0021698016e-01
-1.1504255024e-01 -5.1130216450e-01 8.5166619530e-01
2.0729667251e+00 -1.3806687759e+01 -4.0556859668e+01
1.7175530049e+03 -1.9362867629e-02 -5.0027510369e-02
9.3338618492e-01 -1.4965790575e-02 3.5856136841e-01
-4.7857859412e-02 9.8501532369e-01 1.6569380613e-01
-3.5566818117e-01 -1.7181628913e-01 9.1868346436e-01
-4.7456109248e+00 7.5338643756e-01 -6.4590070062e+01
0 0 0
0 0 0
0 0 0
0 0 0
0 0 0
0 0 0
0 0 0
0 0 0
0 0 0
0 0 0
9.5609435353e+03 3.3903588000e+00 6.3682945429e-02
8.4066427783e-01 -4.9502000181e-02 5.3928946213e-01
-5.0281722506e-02 9.8437756226e-01 1.6873815009e-01
-5.3921732202e-01 -1.6896853817e-01 8.2504200665e-01
1.3738523310e+00 -3.9818799376e+00 -4.0937113809e+02
3.9255057863e+03 -3.6384737876e-01 4.8190557953e-02
9.2808883245e-01 -1.3216924133e-02 3.7212421582e-01
-8.0104797727e-02 9.6888359560e-01 2.3419607074e-01
-3.6364039994e-01 -2.4716369289e-01 8.9815130599e-01
-3.6090829070e+00 -1.5226016067e+01 -1.4993453906e+02
4.4807687540e+03 2.9784224508e-01 2.0903382344e-02
9.0492817253e-01 -2.8324621249e-02 4.2462067589e-01
-8.1886846245e-02 9.6754735911e-01 2.3905365984e-01
-4.1761171795e-01 -2.5109723953e-01 8.7324144962e-01
-4.0000042364e+00 -2.1138970410e+01 -2.4388946414e+02
0 0 0
0 0 0
0 0 0
0 0 0
0 0 0
2.1014684005e+03 -5.2779582051e-01 -3.8180468386e-02
8.3923684369e-01 -1.5678279118e-02 5.4353998174e-01
-1.5885575642e-01 9.4890892284e-01 2.7264758353e-01
-5.2004458351e-01 -3.1516035239e-01 7.9386874447e-01
-1.2041517423e+01 -2.4079541512e+01 -1.3472339290e+02
0 0 0
0 0 0
0 0 0
0 0 0
0 0 0
1.0869505268e+03 -9.7499436205e-02 -1.4797069850e-01
9.2818068105e-01 -3.7553921516e-04 3.7212965790e-01
-8.7508728184e-02 9.7173677339e-01 2.1924841102e-01
-3.6169440943e-01 -2.3606673255e-01 9.0191443717e-01
1.9462507422e+00 -1.3339105475e+01 -1.1575174059e+02
0 0 0
0 0 0
0 0 0
0 0 0
0 0 0
0 0 0
0 0 0
0 0 0
0 0 0
0 0 0
-3.0981134949e-01 1.5442042509e+00 1.1825902266e+00
172 166 150
3 11 421 -325.7600 132.5601 34 214 -263.5300 -195.4400 29 2578 -63.8400 -357.5699
2.7897191909e+00 1.7659435103e-01 2.2783813669e+00
181 181 174
7 11 830 313.5601 -126.5900 34 440 371.1000 -460.6899 50 1036 10.1000 139.2700 58 163 224.1200 260.1600 64 625 152.6200 -134.9700 3 1833 459.4600 -240.8100 10 4381 16.1500 -563.8101
2.3791897660e+00 1.1980067692e+00 2.5349879745e+00
132 127 122
4 11 615 267.2700 75.3400 34 462 311.3000 -264.8800 50 664 -1.5200 211.8500 58 89 206.7700 399.5200
-1.6777936099e+00 -1.3621875381e+00 6.8516884648e-01
168 170 171
2 11 820 -431.5000 -199.2100 34 431 -378.6400 -518.1200
-2.1834579444e+00 -1.8755992148e+00 8.1312377791e-01
106 100 88
3 11 1174 -453.4000 -208.0400 34 628 -400.8800 -529.2900 41 1063 -245.6300 5.9099
2.8378234669e+00 -1.0900810879e-01 2.1774286680e+00
97 89 78
8 11 1189 313.3800 -180.0300 34 635 374.2800 -513.7500 50 1015 8.6700 121.1100 58 275 219.8300 225.7900 64 1276 152.4200 -158.7500 59 17060 4.7000 975.6001 3 4850 460.8400 -262.0100 29 20546 96.6500 -447.5200
-3.4908666226e+00 -5.1141773791e-01 2.4943150260e-01
171 170 165
2 11 841 -743.6100 -56.5900 34 453 -678.5800 -347.0900
1.4318460279e+00 6.6594043938e-01 1.6790112826e+00
30 29 26
6 11 1857 24.2400 -43.1600 34 1054 80.0400 -372.3700 50 1679 -83.0400 176.3800 51 15784 -1.9100 -477.7200 3 4891 352.0699 -208.3900 22 40765 446.9500 -256.4301
8.7846822449e-01 -8.7947240703e-01 5.6905100959e-01
173 173 171
6 11 1709 -140.7100 -330.1200 34 953 -79.5800 -661.3000 41 1531 -50.8600 -72.6500 22 40384 426.0000 -297.6100 77 6852 102.2400 -508.9700 44 12219 -15.6900 -502.5800
9.5572691410e-01 -8.3923300429e-01 6.9570393203e-01
79 76 64
7 11 1714 -116.8000 -314.7900 34 956 -53.9600 -644.6801 41 1535 -39.5600 -63.8900 3 5852 298.9200 -315.3700 10 14132 -95.4301 -614.7900 29 20408 -13.1200 -483.5800 44 19421 -12.0100 -499.9800
-1.7569602767e+00 -3.1674084924e+00 5.3300506127e-01
75 74 71
3 11 1689 -384.0400 -380.5900 34 934 -336.1200 -715.6700 10 14099 -158.2400 -629.1599
2.0665527345e+00 -1.1268338782e+00 1.3255060379e+00
53 48 44
5 11 1703 116.0800 -345.3800 34 945 184.1000 -681.1100 64 1776 63.7400 -230.4500 41 1526 111.8600 -80.5900 10 14115 -36.8101 -622.3899
6.9376855598e-01 7.8633786534e-01 1.4134873339e+00
115 109 98
6 11 1880 -121.1801 -11.2500 34 1070 -63.2000 -337.9301 58 463 -39.6300 367.0900 59 28485 -120.2600 1033.0801 10 14405 -93.7900 -530.8900 29 20716 -11.8700 -400.9100
2.1930093500e-01 1.1029693930e+00 1.2169405594e+00
83 76 70
8 11 2869 -227.8800 37.9900 34 1659 -169.6000 -288.7400 41 1640 -108.7900 180.3000 51 15910 -53.3300 -457.9700 59 28568 -151.1200 1051.2500 10 14446 -120.1600 -515.9800 77 11324 84.1700 -432.3700 68 12779 -22.9900 -416.3101
4.7125133035e-01 1.0445204449e+00 1.4227502772e+00
64 57 48
7 11 2872 -159.2500 39.6400 34 1658 -102.1500 -288.5699 58 476 -62.7000 405.2800 10 14451 -103.0600 -515.7100 27 11832 210.5601 212.2500 29 20759 -22.0300 -386.3101 68 12781 -12.9100 -415.9700
4.0866304799e-01 4.3924535886e+00 5.4195842024e+00
85 72 55
5 11 2288 214.8400 1087.0300 34 1386 257.3700 647.5601 71 1704 450.2400 -398.6700 25 2554 640.3701 -770.5500 27 12447 320.7600 451.1000
2.3198117812e-01 4.4691144140e+00 5.3659170192e+00
96 78 65
5 11 2293 175.6899 1104.2000 34 2071 222.4900 662.6600 71 1705 428.0400 -393.5900 25 2557 608.3401 -757.4200 27 12454 311.0800 456.3600
1.4529840904e+00 1.1506677534e-01 1.5348841819e+00
116 112 102
6 11 2749 23.3400 -134.1899 34 1561 83.4900 -462.3101 50 2514 -83.1300 143.7500 64 2886 28.5100 -139.3800 10 22166 -59.1899 -565.5500 29 33099 22.8300 -434.7600
1.4518310309e+00 3.9192290657e-01 1.6687553017e+00
186 181 175
8 11 2784 33.3101 -82.3199 34 1587 90.1000 -411.8800 50 3686 -80.3700 162.3600 41 2401 63.3900 97.7400 51 26827 -0.0800 -485.4500 59 47175 -75.3101 1008.7700 10 22254 -54.5100 -549.7200 77 11283 134.9700 -456.8400
3.9440831044e-02 3.6982016882e+00 3.9660197637e+00
185 179 172
5 11 2236 -4.6899 805.9800 34 2006 53.6100 410.1899 17 2838 135.1899 -708.5000 76 639 36.1200 -294.6100 41 1861 11.6800 691.3201
3.7661613039e-01 3.6210878291e+00 4.0419974038e+00
199 196 188
5 11 7185 61.7100 788.5601 34 4291 115.2200 394.9800 54 4285 102.4399 542.1200 17 6438 199.6300 -726.6899 41 2739 56.5000 672.4000
1.2537264522e+00 4.0561210386e+00 5.7294438936e+00
180 180 182
5 11 10592 407.6200 1015.7500 34 6528 436.2600 585.0500 71 4857 559.0300 -418.2900 25 8495 802.2300 -826.3300 27 40896 368.3700 428.2300
-4.5977577288e+00 2.2776337225e+00 1.7810270008e+00
166 163 158
2 11 56 -865.3500 522.6500 34 14 -755.4700 219.9400
3.0271450256e+00 2.4598587269e+00 5.6779363721e+00
161 153 149
2 11 58 720.7700 609.0100 34 59 735.3800 243.8600
-3.3371351457e+00 3.3555239587e+00 2.8012352734e+00
173 167 156
2 11 61 -650.2800 749.8800 34 18 -532.7900 409.4399
1.3576858295e+00 6.1873537934e-01 1.6129455188e+00
112 107 102
2 11 103 7.3400 -53.5900 34 32 62.4800 -381.3600
3.3175366197e+00 2.3098246606e-01 3.1356811980e+00
189 182 172
2 11 104 489.5000 -51.5900 34 30 547.8000 -386.2100
-1.4828028422e+00 5.7363128405e-01 6.0359195741e-01
161 159 146
2 11 106 -516.0100 2.1899 34 36 -451.1700 -311.4800
-4.2754069148e+00 1.3228036885e+00 1.1808020350e+00
182 178 175
2 11 120 -837.7700 307.2200 34 43 -744.1300 20.2800
3.3376757748e+00 1.7789454641e+00 5.1664237478e+00
189 186 181
3 11 128 710.9600 418.2600 34 46 743.8199 69.0100 54 45 945.4399 213.8500
-4.9962988938e+00 1.9160848837e+00 1.5991680958e+00
183 182 178
2 11 132 -910.4000 460.4399 34 52 -797.2600 179.0800
-2.3726413387e+00 2.5672440663e+00 2.0598642084e+00
141 140 137
2 11 134 -565.4700 499.5500 34 50 -472.1200 172.1600
-3.2097191127e+00 2.6522339929e+00 2.1725318873e+00
186 185 180
2 11 142 -669.7800 560.4900 34 58 -563.3200 241.1700
2.6584429635e+00 2.8178367795e+00 5.6598717375e+00
211 203 189
2 11 147 654.8899 693.7400 34 153 670.5100 314.7800
2.6584429635e+00 2.8178367795e+00 5.6598717375e+00
211 203 189
2 11 148 654.8899 693.7400 34 154 670.5100 314.7800
-2.6946264984e+00 3.4702341215e+00 2.9550000654e+00
135 128 113
3 11 149 -550.4900 761.2100 34 67 -437.1100 409.4200 17 115 -350.3000 -778.9900
-1.5616793428e+00 3.7327401381e+00 3.4400569654e+00
154 147 136
2 11 151 -334.6400 820.3400 34 163 -241.5700 443.4800
3.6585835184e+00 5.9105441263e-01 4.0946028632e+00
194 188 172
3 11 252 647.3701 86.6899 34 101 699.6100 -241.1800 50 268 128.4500 193.6300
3.9404885389e+00 4.4114135960e-01 4.6587360557e+00
182 177 174
2 11 254 744.7100 113.1300 34 39 802.0300 -213.8200
-3.7454690256e+00 5.5380857132e-01 6.6752633112e-01
183 179 170
2 11 256 -790.5700 127.9000 34 108 -709.4000 -159.6900
-3.8932100436e+00 4.3618087808e-01 7.3305438933e-01
183 179 170
3 11 257 -790.5700 127.9000 34 109 -709.4000 -159.6900 64 261 -309.5900 -56.3400
-8.6171658237e-01 1.4920154541e+00 1.0173141696e+00
70 58 46
2 11 258 -426.2300 139.4299 34 105 -359.4700 -184.4900
3.7199871904e+00 8.1507123338e-01 4.3467157340e+00
65 57 44
3 11 259 689.4600 147.4900 34 102 735.7000 -187.3000 54 110 948.1201 -130.9800
3.7199871904e+00 8.1507123338e-01 4.3467157340e+00
65 57 44
3 11 260 689.4600 147.4900 34 103 735.7000 -187.3000 54 111 948.1201 -130.9800
1.6164812281e+00 1.6887458238e+00 2.2910233779e+00
185 174 152
2 11 263 105.4301 165.7600 34 106 150.1700 -172.5500
1.6235416090e+00 1.7018701411e+00 2.2772462269e+00
185 174 152
3 11 264 105.4301 165.7600 34 107 150.1700 -172.5500 50 282 -54.5100 251.9500
3.2227979252e+00 1.2415035669e+00 4.1311111985e+00
164 160 151
2 11 268 580.4299 216.6100 34 110 624.1600 -121.1100
3.2227979252e+00 1.2415035669e+00 4.1311111985e+00
164 160 151
2 11 269 580.4299 216.6100 34 111 624.1600 -121.1100
2.2883652126e+00 1.8042719229e+00 3.0715492211e+00
68 55 39
4 11 270 305.6500 238.2500 34 113 344.5200 -107.3100 54 115 444.9200 -83.3000 50 288 17.4900 266.8200
2.7194159411e+00 1.8581411737e+00 4.1250560698e+00
156 152 143
4 11 278 494.1899 344.6100 34 121 529.9500 -2.5200 54 124 672.1100 84.7600 50 293 88.3300 290.9900
1.1625420016e+00 2.4607245246e+00 2.4984425746e+00
173 162 144
3 11 279 38.8101 349.6300 34 120 82.1200 -8.4300 54 119 113.4100 13.4900
-2.7438202716e+00 2.1363361753e+00 1.6109772402e+00
159 157 151
3 11 282 -648.9700 398.5901 34 125 -555.0300 89.4500 64 287 -257.8400 62.0900
2.4185258716e+00 2.2056628013e+00 4.1004257010e+00
185 177 165
2 11 284 441.1000 418.3401 34 124 475.1801 64.4500
-3.7572039689e+00 2.1099521171e+00 1.7202034280e+00
174 173 168
2 11 285 -761.5100 452.4399 34 131 -658.3000 149.8600
-1.1864500624e+00 2.6740046209e+00 2.1755982491e+00
144 134 125
2 11 286 -387.2700 473.1100 34 129 -304.8300 133.0100
-1.1864500624e+00 2.6740046209e+00 2.1755982491e+00
144 134 125
2 11 287 -387.2700 473.1100 34 130 -304.8300 133.0100
2.2982120714e+00 2.4530341586e+00 4.2975135575e+00
87 75 66
2 11 289 441.2400 493.4299 34 240 474.0800 129.7200
-1.9286346543e+00 2.6899506212e+00 2.2175281272e+00
58 49 39
2 11 290 -491.1800 514.6500 34 137 -398.7100 182.3700
-1.9286346543e+00 2.6899506212e+00 2.2175281272e+00
58 49 39
2 11 291 -491.1800 514.6500 34 138 -398.7100 182.3700
-1.3860958016e+00 3.0868675477e+00 2.6193763611e+00
59 48 31
2 11 297 -382.4600 604.5801 34 143 -292.7000 252.6200
6.6540004240e-01 3.3277616080e+00 3.7263715294e+00
150 143 115
2 11 304 80.0500 677.9700 34 151 130.0000 294.3400
8.6168825292e-01 3.4348016488e+00 4.1778225293e+00
154 151 134
3 11 308 164.7300 738.7600 34 157 209.0000 349.2100 54 147 230.8300 499.3201
-1.1444906435e+00 3.6936525963e+00 3.4577480329e+00
86 72 57
2 11 315 -266.3500 799.3700 34 162 -179.6800 418.5900
7.8604688623e-02 3.9572533968e+00 4.4747957762e+00
194 185 181
3 11 318 54.5300 910.5400 34 268 109.5699 502.1200 25 428 524.8400 -903.7400
-1.4965680794e+00 4.0059686426e+00 3.8041277755e+00
89 75 70
2 11 319 -290.1801 910.2500 34 170 -198.7800 518.4299
2.2481696462e+00 5.2806307532e-01 2.1253404276e+00
194 190 183
5 11 393 206.2000 -61.3199 34 200 260.4200 -393.9100 50 418 -23.7400 165.3500 58 58 161.5900 310.9600 64 415 108.7900 -105.0300
-2.2924931512e+00 -1.1937143002e-01 4.6996435408e-01
89 78 67
2 11 398 -596.5900 -53.3600 34 202 -533.6400 -356.1500
-5.4706146871e+00 -1.1177237329e+00 -9.2344119864e-02
190 187 178
2 11 399 -955.3800 -54.7500 34 206 -893.5200 -325.8900
-5.4706146871e+00 -1.1177237329e+00 -9.2344119864e-02
190 187 178
2 11 400 -955.3800 -54.7500 34 207 -893.5200 -325.8900
-3.2974137571e+00 -1.2905051802e-01 4.2249718093e-01
169 163 141
3 11 407 -724.0000 -3.9000 34 211 -654.5900 -295.8700 64 417 -282.4300 -104.9300
1.0379833870e+00 9.2586437389e-01 1.7039393569e+00
173 172 168
5 11 408 -39.6700 19.6700 34 208 18.8800 -309.0601 50 434 -102.7000 202.0400 64 430 4.0500 -70.0700 59 3240 -95.9399 1044.8799
3.3822013807e+00 6.4527251725e-01 3.6773501431e+00
170 166 155
3 11 410 557.4500 64.9000 34 212 609.6700 -267.8400 50 428 98.3000 190.7900
-2.1653209717e+00 7.3774100822e-01 7.1553368616e-01
179 174 155
2 11 416 -601.2600 73.5699 34 320 -528.7200 -231.3800
1.3483993168e+00 1.3784982609e+00 1.9954450584e+00
179 175 164
2 11 417 32.3500 99.8600 34 213 83.8199 -233.9600
-2.7203027771e-01 1.5796514011e+00 1.1564553385e+00
172 166 150
2 11 422 -325.7600 132.5601 34 215 -263.5300 -195.4400
3.7432849103e+00 9.0482975181e-01 4.6486826898e+00
186 182 173
3 11 426 721.2100 191.5200 34 221 767.5400 -136.5700 50 437 156.5200 224.0300
2.9981373233e+00 1.3160310432e+00 3.6741423193e+00
166 158 146
2 11 427 496.2800 188.5400 34 218 537.1899 -150.2300
-1.8220221572e+00 1.4664977068e+00 1.1143953567e+00
175 167 153
2 11 428 -546.6000 199.7600 34 225 -471.0100 -114.4500
2.5963088824e+00 1.8142109714e+00 3.6791045307e+00
165 159 145
2 11 437 427.1300 293.2300 34 230 464.2100 -53.1300
2.1507931993e+00 1.9911955746e+00 3.2064233349e+00
150 147 140
2 11 438 296.4399 292.7400 34 231 335.1100 -55.0900
-1.1915547836e-01 2.7348179920e+00 2.2193182099e+00
146 135 109
2 11 449 -217.6801 437.3201 34 350 -153.7300 82.4200
-9.5519499671e-01 2.5835385026e+00 2.0918169177e+00
155 149 137
2 11 450 -357.3600 436.8301 34 351 -281.2300 96.8800
1.1410483504e+00 2.7191232940e+00 3.0230049250e+00
120 113 98
2 11 454 92.1801 456.6899 34 237 135.1801 94.8600
-1.5321555510e+00 2.6259445365e+00 2.1042694134e+00
187 186 181
3 11 459 -444.8500 471.8101 34 244 -359.7500 139.2400 64 294 -175.3600 107.8200
-7.7446804413e-01 2.7805296741e+00 2.2937490146e+00
153 144 124
2 11 463 -313.7600 485.2800 34 354 -238.8200 137.2000
-7.7446804413e-01 2.7805296741e+00 2.2937490146e+00
153 144 124
2 11 464 -313.7600 485.2800 34 355 -238.8200 137.2000
1.5852275943e+00 2.6949792296e+00 3.5739997597e+00
140 133 123
2 11 466 232.9301 492.0500 34 241 272.1100 126.8800
1.5852275943e+00 2.6949792296e+00 3.5739997597e+00
140 133 123
2 11 468 232.9301 492.0500 34 242 272.1100 126.8800
1.3456856333e+00 2.8251376254e+00 3.5009344998e+00
142 133 118
2 11 470 181.7500 520.0500 34 357 221.5699 153.3100
1.0745008826e+00 3.0152070095e+00 3.4580211481e+00
139 132 122
2 11 472 125.8700 567.4099 34 245 169.8900 192.8200
1.3125105073e+00 3.0324767941e+00 3.9331074397e+00
183 177 168
2 11 475 221.3199 610.6599 34 248 263.6600 234.3800
9.0856659084e-01 3.1419641712e+00 3.6229919176e+00
77 64 55
2 11 477 112.8700 617.8500 34 250 161.2200 240.1000
-2.5104237598e-01 3.2488625817e+00 2.9374761191e+00
75 60 45
3 11 480 -168.3600 620.0100 34 253 -100.6800 250.5300 54 258 -165.0900 335.1100
7.6795353603e-01 -5.5097875456e-01 9.3845719036e-01
177 177 175
3 11 573 -126.1801 -240.1600 34 291 -62.2700 -564.7000 64 606 -35.1500 -185.3800
1.7702539517e+00 -8.2191322084e-02 1.5730495342e+00
171 172 166
2 11 581 77.7800 -176.7200 34 294 140.8300 -503.9200
-3.2758005674e+00 -1.2099628222e+00 3.9393748218e-02
148 148 148
2 11 583 -703.6200 -167.9100 34 300 -645.0400 -460.6400
-2.5844127758e+00 -7.4315289935e-01 1.8350871237e-01
189 186 181
2 11 590 -634.1500 -138.5300 34 198 -572.4300 -441.6200
-3.5180990042e+00 -8.5365976043e-01 9.3672041729e-02
176 174 161
2 11 593 -745.7300 -108.3600 34 305 -683.1700 -401.7300
-4.9883186408e+00 -1.0506490412e+00 -1.8821832631e-02
186 187 190
2 11 600 -903.2300 -68.3900 34 310 -839.8500 -337.3600
-4.1599244178e+00 -1.5166063981e-01 3.6886041377e-01
167 164 155
2 11 609 -827.1600 31.7800 34 315 -755.0500 -250.0700
-4.1599244178e+00 -1.5166063981e-01 3.6886041377e-01
167 164 155
2 11 610 -827.1600 31.7800 34 316 -755.0500 -250.0700
-1.1642088778e+00 1.0438111522e+00 8.3708054132e-01
111 102 88
2 11 613 -468.0000 71.8500 34 317 -402.0400 -244.6900
-1.2968115479e+00 1.2594371771e+00 1.0103837832e+00
146 140 126
2 11 620 -475.2900 128.4800 34 321 -406.8300 -187.2500
3.0177481391e+00 1.1001113977e+00 3.5669449847e+00
77 61 53
4 11 622 484.2900 141.6300 34 476 531.3199 -193.1000 54 323 684.7000 -170.7100 50 669 76.4600 221.9700
3.4752823371e+00 9.1172680974e-01 4.1274341441e+00
184 178 166
3 11 623 622.5701 149.5300 34 322 668.4800 -181.4100 54 324 864.4900 -135.8500
-2.7713634186e+00 9.6053254905e-01 9.0807815343e-01
182 175 165
2 11 626 -667.0900 155.3101 34 327 -587.8400 -142.5400
1.4184246330e+00 1.7284640366e+00 2.1266337372e+00
177 171 166
3 11 627 50.6700 165.0901 34 323 101.1899 -174.1600 51 3588 5.1700 -429.7300
-1.2215014908e+00 1.4668729272e+00 1.1027278598e+00
157 147 127
2 11 628 -465.3400 164.4299 34 325 -393.8300 -153.5900
2.8150255046e+00 1.3830660033e+00 3.5679693696e+00
104 88 72
4 11 629 450.8700 197.3201 34 328 492.3600 -142.4000 54 327 633.1700 -104.3300 50 445 66.5700 242.2400
-4.5552216024e+00 8.7170316061e-01 9.2436979335e-01
171 166 159
3 11 632 -870.5100 234.0601 34 336 -782.3200 -46.0900 64 660 -342.9600 -19.8200
2.4279861705e+00 1.9270021951e+00 3.5199319646e+00
100 85 63
2 11 644 380.4200 303.5300 34 334 417.0200 -45.1500
2.4279861705e+00 1.9270021951e+00 3.5199319646e+00
100 85 63
2 11 645 380.4200 303.5300 34 335 417.0200 -45.1500
3.6168561327e+00 1.4900634797e+00 5.2213759109e+00
163 156 148
3 11 655 764.0701 358.7900 34 341 800.0900 17.7400 50 691 178.7200 277.9900
1.6836321098e+00 2.3891868087e+00 3.0614841379e+00
87 74 58
2 11 657 194.8800 373.0000 34 343 235.2000 14.8600
-1.8454076004e+00 2.3802446782e+00 1.8436559065e+00
174 164 137
3 11 662 -510.5100 418.7300 34 352 -422.2200 94.0400 64 690 -201.7300 82.0400
-6.0732062375e+00 1.8831057306e+00 1.4380826140e+00
191 194 200
2 11 669 -1041.6100 486.3201 34 363 -927.5900 210.1600
3.9390668978e+00 1.7194970049e+00 6.2874557672e+00
129 117 105
2 11 670 924.4399 496.3800 34 356 949.1500 147.2100
-1.7391321613e+00 2.9812409088e+00 2.5568398996e+00
187 187 187
2 11 673 -436.2600 592.2500 34 369 -343.6600 249.9000
2.1116498628e+00 2.7926819567e+00 4.7564115961e+00
74 62 50
2 11 676 457.1801 615.9299 34 368 488.1300 243.3900
1.0533371630e+00 3.1557943463e+00 3.8240979550e+00
168 158 133
2 11 677 162.3700 635.4299 34 370 206.3600 256.6100
1.0533371630e+00 3.1557943463e+00 3.8240979550e+00
168 158 133
2 11 678 162.3700 635.4299 34 371 206.3600 256.6100
-4.6929063887e+00 3.0295965373e+00 2.3985578805e+00
164 156 143
2 11 685 -851.3700 701.4399 34 556 -722.7800 388.1799
-1.1601859537e+00 3.5202368437e+00 3.2104690331e+00
172 161 147
2 11 689 -290.8700 739.9299 34 551 -207.7500 367.5400
-2.5916766977e-01 4.0759543615e+00 4.3411692399e+00
143 131 117
3 11 700 -22.2000 939.0901 34 571 41.5500 525.9399 17 741 117.7500 -592.3500
1.2483972877e+00 3.9687380830e+00 5.6295208101e+00
121 112 98
2 11 704 396.0699 986.8201 34 394 423.6300 561.8101
-5.9616059051e+00 -4.3626811059e+00 -1.0292492472e+00
42 38 35
2 11 789 -904.4700 -405.1700 34 278 -879.2000 -711.0200
-5.8589538613e+00 -3.4651795213e+00 -9.1968913007e-01
163 166 170
2 11 804 -937.6600 -333.6500 34 285 -902.7200 -621.1000
1.6510655339e+00 -4.4701312320e-01 1.1699480596e+00
182 181 177
3 11 810 23.9301 -261.1801 34 286 86.5300 -591.3500 50 613 -83.1200 98.8400
-1.7132841951e+00 -1.7906350844e+00 5.7378875395e-01
172 173 168
2 11 811 -430.9800 -253.0200 34 289 -377.5900 -573.6400
-2.5510192210e+00 -1.6769534120e+00 1.2843355434e-01
184 176 163
2 11 813 -585.0900 -242.5500 34 426 -531.2800 -553.9200
-1.3035442078e+00 -1.1400799999e+00 7.6915307871e-01
167 168 163
2 11 822 -387.4700 -187.5100 34 432 -332.3800 -510.6500
2.3434224103e+00 -1.0321484706e-01 1.8967675688e+00
183 182 178
3 11 824 201.9100 -179.8800 34 433 264.2700 -509.0500 50 1019 -24.7000 123.7900
1.9341926055e+00 6.8571257310e-02 1.7340395231e+00
137 133 123
4 11 827 116.5000 -148.8700 34 435 180.0300 -478.7600 50 1028 -51.9500 135.4000 58 162 105.5000 257.3400
1.7883165974e+00 2.2360017960e-01 1.7156199801e+00
200 200 197
4 11 836 90.6400 -120.4900 34 663 152.4200 -451.3199 50 1044 -61.7600 146.8500 58 174 88.2800 278.1400
1.5477420537e+00 1.9445636350e-01 1.6244410475e+00
193 193 191
3 11 837 45.8600 -119.2400 34 442 105.9000 -448.4600 64 626 37.3900 -132.7200
-3.7000569306e+00 -5.2926273404e-01 1.9980329180e-01
134 126 123
2 11 842 -773.6200 -54.2100 34 455 -705.9100 -339.2800
3.5640866823e+00 1.4067010356e-01 3.4474156565e+00
110 101 94
3 11 843 562.3301 -45.9500 34 449 622.5400 -374.2900 50 1050 95.9300 155.0300
-2.5252897070e+00 -9.6624124955e-02 4.0022470388e-01
172 166 152
2 11 844 -636.4800 -44.4700 34 452 -570.8800 -346.1801
1.0987407429e+00 7.8899103577e-01 1.5469892150e+00
173 168 161
5 11 846 -45.6600 -20.4301 34 451 10.6700 -349.8400 50 653 -106.0100 186.7300 58 179 8.8400 357.4600 39 9 -366.3800 -162.1500
-5.5623354709e-01 9.5823631106e-01 6.9518989402e-01
179 170 154
3 11 849 -396.4800 7.5400 34 460 -336.6400 -314.2200 50 663 -228.8600 209.0000
-2.3583573396e+00 3.2949601578e-01 5.8642942096e-01
167 164 156
2 11 850 -616.9900 17.5800 34 461 -548.6500 -284.2600
-3.1687782385e+00 1.4491282165e-01 5.1332617336e-01
178 174 162
2 11 853 -714.0500 30.8800 34 463 -643.2500 -262.2000
3.0056712763e+00 9.6526300645e-01 3.1914945129e+00
163 154 137
3 11 861 445.9200 80.0300 34 697 491.8000 -260.1400 78 12939 -21.9000 56.1899
-4.2787757355e-01 1.3444384711e+00 9.3476569866e-01
153 153 146
2 11 862 -365.7100 82.1500 34 468 -304.8300 -243.2900
2.4906512202e+00 1.2558606788e+00 2.6307638228e+00
180 179 175
3 11 864 297.5699 89.6600 34 465 338.6000 -253.6500 50 1099 8.5900 215.2400
-1.7802681253e+00 1.5784264053e+00 1.2413080848e+00
164 161 146
2 11 885 -531.1100 226.2400 34 482 -453.6300 -87.1400
3.3995291966e+00 1.2119401721e+00 4.5556468202e+00
209 209 211
2 11 890 652.6201 248.6100 34 483 696.9200 -85.2900
3.3995291966e+00 1.2119401721e+00 4.5556468202e+00
209 209 211
2 11 891 652.6201 248.6100 34 484 696.9200 -85.2900
-1.3426291749e+00 1.9584714885e+00 1.5207407885e+00
76 55 39
2 11 897 -454.8500 291.1100 34 488 -378.6600 -31.5100
1.9656056274e+00 2.0924676616e+00 3.1246433285e+00
86 73 56
4 11 900 254.4800 310.4900 34 487 293.2700 -42.1300 54 486 371.8900 2.5000 50 697 2.5200 296.1600
-7.5036194909e-01 2.1638404511e+00 1.6959006588e+00
136 123 104
2 11 901 -356.3900 311.5000 34 492 -285.1400 -20.1400
-7.5036194909e-01 2.1638404511e+00 1.6959006588e+00
136 123 104
2 11 902 -356.3900 311.5000 34 493 -285.1400 -20.1400
1.7809506480e+00 2.2243794171e+00 3.0048320002e+00
150 143 127
2 11 907 207.1200 330.7300 34 758 247.6100 -21.8400
1.7809506480e+00 2.2243794171e+00 3.0048320002e+00
150 143 127
2 11 908 207.1200 330.7300 34 759 247.6100 -21.8400
-3.9391816308e+00 1.5494576746e+00 1.3349478845e+00
62 52 43
2 11 911 -794.7000 338.1400 34 503 -698.5100 47.1200
-3.2503364491e-01 2.4186247417e+00 1.9164066462e+00
82 66 48
2 11 914 -274.5200 356.7900 34 497 -209.3900 14.4900
2.1611809784e+00 2.1636721056e+00 3.5483063207e+00
101 88 69
3 11 915 334.5100 361.4800 34 496 372.1000 8.1300 50 699 33.8900 307.8700
1.8423690181e+00 2.3485346544e+00 3.1625344483e+00
131 119 102
2 11 916 235.8400 368.7800 34 773 272.6300 11.2000
3.8142405047e+00 1.3843119177e+00 5.7280666978e+00
76 63 59
2 11 923 839.8101 384.7600 34 779 878.7900 45.9800
1.4703234531e+00 2.4544617850e+00 2.9679711204e+00
165 158 151
2 11 924 146.4600 384.1300 34 499 187.9399 27.9100
-1.2690039747e-01 2.5819629206e+00 2.1109627138e+00
81 64 49
2 11 929 -225.6200 396.7300 34 502 -162.9400 48.1400
1.9481137104e+00 2.3693995065e+00 3.5344254218e+00
110 94 78
2 11 933 295.2400 408.0000 34 504 332.3000 51.8100
-4.7276210808e+00 1.8319778487e+00 1.5640186751e+00
182 180 181
2 11 936 -876.6400 434.9299 34 518 -770.5500 149.5200
1.6981376846e+00 2.5666595161e+00 3.4794451197e+00
99 83 64
2 11 939 243.6801 451.3401 34 509 281.6500 90.0900
-4.8721666927e-02 2.7821214466e+00 2.3196055986e+00
150 136 119
3 11 940 -197.5100 451.4299 34 789 -131.6700 98.8200 54 794 -184.1000 134.5100
-1.4858486285e+00 2.5703989052e+00 2.1172926388e+00
184 184 176
2 11 942 -433.6600 462.0400 34 515 -347.2200 129.4300
1.4721089385e+00 2.7179156208e+00 3.4307355516e+00
93 79 66
2 11 947 197.0000 485.8401 34 512 236.2700 121.1300
-1.8066651526e+00 2.7216470720e+00 2.1466558376e+00
65 53 42
3 11 955 -485.7900 506.6000 34 525 -394.7300 174.0100 64 1013 -193.2500 119.0700
-8.6213646013e-01 2.9017332284e+00 2.5072127963e+00
99 86 69
2 11 964 -306.4200 532.9800 34 823 -227.8300 183.7400
-1.5223513265e+00 2.9840753871e+00 2.5682966350e+00
109 94 76
2 11 970 -403.4200 584.3700 34 534 -312.9800 239.7200
7.7006205764e-01 3.1804882672e+00 3.5161126091e+00
75 58 42
2 11 976 76.4301 620.5800 34 536 124.9200 242.6100
7.7006205764e-01 3.1804882672e+00 3.5161126091e+00
75 58 42
2 11 977 76.4301 620.5800 34 537 124.9200 242.6100
-1.0295647046e+00 3.3307820892e+00 2.9494157984e+00
105 91 78
4 11 981 -299.3500 667.4299 34 543 -213.9700 304.9200 17 711 -130.9301 -854.5601 64 1040 -116.7900 197.7600
3.1347636127e+00 2.5960422708e+00 6.1288291123e+00
162 153 132
2 11 982 784.0300 678.6100 34 542 797.9301 303.6100
4.5513780812e-01 3.3903694450e+00 3.5864763380e+00
162 153 142
3 11 983 25.1000 686.1200 34 847 79.6899 301.8300 54 853 69.2400 415.9900
2.6575175117e+00 2.8302886190e+00 5.7033447318e+00
207 199 176
2 11 984 658.1201 701.1400 34 849 675.4200 320.5100
-1.9597731659e+00 3.4215955681e+00 3.0111710680e+00
197 195 189
2 11 989 -434.6100 730.7200 34 552 -334.5400 373.1899
-4.4532840627e+00 3.2000541083e+00 2.5572942516e+00
140 132 121
2 11 991 -814.0700 737.1000 34 561 -684.6600 415.8900
7.8838319230e-01 3.4586268727e+00 4.1189469469e+00
183 182 174
3 11 992 145.6700 741.5500 34 549 192.2900 350.9000 54 543 204.6899 497.2100
1.5885546703e+00 3.3906955876e+00 5.1404370609e+00
88 79 62
3 11 1001 404.3600 799.5500 34 559 433.5400 403.8201 54 556 508.2000 611.4700
-1.4555321595e+00 3.6819371721e+00 3.4161960333e+00
169 163 163
3 11 1002 -318.7900 802.0300 34 870 -226.3500 427.8000 17 724 -146.2800 -727.8600
-3.9377408963e+00 3.5929428667e+00 2.9385449620e+00
64 55 48
3 11 1003 -726.8900 825.3201 34 566 -596.2000 484.1500 17 1133 -498.8200 -732.4399
2.4154274197e+00 3.2873096977e+00 6.0562018257e+00
216 220 223
2 11 1006 654.7200 839.6100 34 873 666.2700 439.5100
1.3914971726e+00 3.5827022550e+00 5.2264607299e+00
173 168 164
2 11 1010 377.3101 856.8101 34 876 410.4800 453.4299
2.1011909151e+00 3.4674784275e+00 5.8572385713e+00
147 137 127
3 11 1012 577.8401 869.9700 34 879 593.3101 463.8700 71 730 674.0800 -480.6899
-2.8815011017e+00 4.0320670745e+00 3.5234582319e+00
185 181 169
2 11 1020 -534.7800 931.8301 34 890 -415.8200 557.5300
-2.8815011017e+00 4.0320670745e+00 3.5234582319e+00
185 181 169
2 11 1021 -534.7800 931.8301 34 891 -415.8200 557.5300
-3.6514756739e-01 4.4974349409e+00 4.8227327008e+00
193 189 185
4 11 1032 7.7500 1084.4600 34 1387 70.6899 647.0900 17 1157 142.6899 -467.4399 71 742 342.1300 -414.5400
-4.8900783444e+00 -3.4768094436e+00 -7.0460575371e-01
153 154 158
2 11 1133 -824.5200 -363.9600 34 415 -787.1900 -664.4700
2.3473841755e+00 -8.4456669503e-01 1.5569213922e+00
96 92 83
2 11 1143 176.4200 -308.7900 34 602 244.7200 -644.7000
2.1625101340e+00 -7.4352179209e-01 1.5059740039e+00
189 191 190
4 11 1144 142.2700 -290.7700 34 419 208.7500 -624.7100 50 983 -47.0100 87.6400 64 844 75.2200 -206.6800
-3.1667410526e+00 -2.1160616758e+00 -4.5904679635e-02
