# Bundle file v0.3
70 6763
0 0 0
0 0 0
0 0 0
0 0 0
0 0 0
0 0 0
0 0 0
0 0 0
0 0 0
0 0 0
3.8750828105e+04 -2.6566426479e-04 -2.4545243384e-07
-9.8002286402e-01 -3.9501906187e-02 -1.9492251128e-01
5.9082660240e-02 -9.9365675975e-01 -9.5684288457e-02
-1.8990635918e-01 -1.0528933092e-01 9.7614022125e-01
-7.4009151364e-01 1.5517250933e+01 1.2357664719e+03
1.1036987361e+06 5.6043727635e-05 1.3050074944e-19
9.8208215368e-01 3.2770498020e-02 1.8558215938e-01
-5.2358328661e-02 9.9344133124e-01 1.0165100492e-01
-1.8103383342e-01 -1.0954640953e-01 9.7735681065e-01
3.6094127554e+00 -3.3477028311e+00 -1.4441349605e+04
0 0 0
0 0 0
0 0 0
0 0 0
0 0 0
0 0 0
0 0 0
0 0 0
0 0 0
0 0 0
0 0 0
0 0 0
0 0 0
0 0 0
0 0 0
0 0 0
0 0 0
0 0 0
0 0 0
0 0 0
0 0 0
0 0 0
0 0 0
0 0 0
0 0 0
0 0 0
0 0 0
0 0 0
0 0 0
0 0 0
1.2726200325e+06 -2.2288123926e-05 -1.0762774402e-18
9.8268844286e-01 4.0859413580e-02 1.8070399162e-01
-6.0067338133e-02 9.9295553805e-01 1.0213331657e-01
-1.7525792180e-01 -1.1121963760e-01 9.7822024773e-01
-2.1395325146e+00 -1.0874189468e+01 -2.4228536614e+04
-2.1336756877e+03 1.4167692373e+00 -1.3550477215e+00
9.5990037048e-01 2.3586399882e-02 2.7934738318e-01
-1.0344523285e-01 9.5593556751e-01 2.7474765616e-01
-2.6055779119e-01 -2.9262753204e-01 9.2004280604e-01
-9.6183887947e-01 -1.1097692586e+00 9.4052248644e+00
0 0 0
0 0 0
0 0 0
0 0 0
0 0 0
0 0 0
0 0 0
0 0 0
0 0 0
0 0 0
0 0 0
0 0 0
0 0 0
0 0 0
0 0 0
0 0 0
0 0 0
0 0 0
0 0 0
0 0 0
0 0 0
0 0 0
0 0 0
0 0 0
0 0 0
6.1371285370e+03 2.8091636543e+00 1.5042896591e-02
-9.0749811943e-01 6.8958337703e-02 -4.1435722619e-01
-3.4279232117e-02 -9.9530048774e-01 -9.0564194603e-02
-4.1865510564e-01 -6.7982988754e-02 9.0559715976e-01
3.2254164110e-01 7.8804248850e+00 2.8616561639e+01
0 0 0
0 0 0
0 0 0
0 0 0
0 0 0
0 0 0
0 0 0
0 0 0
0 0 0
0 0 0
2.0410000517e+06 -3.0855760161e-07 1.2620076749e-18
9.6396527492e-01 1.4050086720e-02 2.6565681585e-01
-1.1944781387e-01 9.1514177468e-01 3.8502954692e-01
-2.3770395139e-01 -4.0288723894e-01 8.8384314456e-01
-9.8637724875e-01 8.1337868935e-01 -1.1712350603e+03
0 0 0
0 0 0
0 0 0
0 0 0
0 0 0
3.4585806079e+03 8.7008314205e-01 4.3227099167e-02
-9.6046796542e-01 2.1374858504e-02 -2.7756873530e-01
-2.2809342183e-03 -9.9761879593e-01 -6.8931381394e-02
-2.7838118603e-01 -6.5573267615e-02 9.5822964984e-01
-1.5057268617e+01 9.9138631744e+00 1.2636676528e+02
1.4591109681e+05 -6.7240640124e-04 6.6733971113e-20
9.7427280062e-01 8.9779249816e-02 2.0671767286e-01
-1.1931413305e-01 9.8361620735e-01 1.3514175627e-01
-1.9119792787e-01 -1.5632927729e-01 9.6902245043e-01
-1.8668439103e+00 -2.3619734374e+00 -2.8257014864e+03
0 0 0
0 0 0
0 0 0
0 0 0
0 0 0
3.8337640500e+03 1.6832138877e+00 3.5746334406e-01
8.8414627722e-01 -1.1537374571e-01 4.5274083014e-01
-2.1325168455e-02 9.5805486786e-01 2.8579032062e-01
-4.6672325597e-01 -2.6233522252e-01 8.4460028023e-01
1.8918806298e+00 -1.0629169832e+01 -2.6534616447e+01
0 0 0
0 0 0
0 0 0
0 0 0
0 0 0
3.6808298324e+04 1.1353919226e-01 2.1588248402e-05
-9.7011897447e-01 -9.7583168993e-02 -2.2214117248e-01
1.2563550390e-01 -9.8528976590e-01 -1.1584384913e-01
-2.0756901392e-01 -1.4029113426e-01 9.6810820785e-01
-4.0027208750e+00 -3.1009376063e+00 7.1343903171e+02
0 0 0
0 0 0
0 0 0
0 0 0
0 0 0
9.4566721333e+05 3.9915770760e-06 1.8360405462e-18
-9.8311596331e-01 -3.1580898783e-02 -1.8023775828e-01
5.2842110672e-02 -9.9202737433e-01 -1.1440891540e-01
-1.7518765373e-01 -1.2200137464e-01 9.7694674909e-01
5.1301376224e-01 8.4225551750e+00 1.7985561835e+04
0 0 0
0 0 0
0 0 0
0 0 0
0 0 0
0 0 0
0 0 0
0 0 0
0 0 0
0 0 0
0 0 0
0 0 0
0 0 0
0 0 0
0 0 0
0 0 0
0 0 0
0 0 0
0 0 0
0 0 0
-6.6505496297e+03 1.6349310828e+00 -9.9217471881e-02
9.2948360768e-01 -6.8005180619e-03 3.6880072668e-01
-1.1759001361e-01 9.4220133813e-01 3.1373432569e-01
-3.4961809413e-01 -3.3497819537e-01 8.7496102592e-01
-8.2373381529e-01 -2.8176772695e+00 3.2014948412e+01
0 0 0
0 0 0
0 0 0
0 0 0
0 0 0
0 0 0
0 0 0
0 0 0
0 0 0
0 0 0
0 0 0
0 0 0
0 0 0
0 0 0
0 0 0
0 0 0
0 0 0
0 0 0
0 0 0
0 0 0
9.6995268661e+05 5.1455027732e-05 2.9388275007e-22
9.7486240904e-01 2.8996496361e-02 2.2091284852e-01
-1.2304731412e-01 8.9664824701e-01 4.2530139857e-01
-1.8574886791e-01 -4.4179307865e-01 8.7767661113e-01
-8.9235894743e-01 -1.3596196113e+00 -6.8027570500e+02
0 0 0
0 0 0
0 0 0
0 0 0
0 0 0
1.1868960945e+06 2.6185534724e-06 2.8668434600e-19
-9.8389265160e-01 -2.2547958074e-02 -1.7733256814e-01
4.4036535079e-02 -9.9201379639e-01 -1.1819226438e-01
-1.7325135992e-01 -1.2409761225e-01 9.7702801849e-01
5.1979108119e-01 -2.9382459323e-01 8.7126231946e+03
0 0 0
0 0 0
0 0 0
0 0 0
0 0 0
0 0 0
0 0 0
0 0 0
0 0 0
0 0 0
7.4316320622e+05 1.1858620905e-05 -3.1633548102e-18
9.7912814897e-01 6.5094031020e-02 1.9253787944e-01
-8.2765496661e-02 9.9292007479e-01 8.5203272432e-02
-1.8562850120e-01 -9.9360415640e-02 9.7758353472e-01
-4.9116262600e-01 -1.4442245718e+01 -2.2677755099e+04
0 0 0
0 0 0
0 0 0
0 0 0
0 0 0
0 0 0
0 0 0
0 0 0
0 0 0
0 0 0
0 0 0
0 0 0
0 0 0
0 0 0
0 0 0
0 0 0
0 0 0
0 0 0
0 0 0
0 0 0
0 0 0
0 0 0
0 0 0
0 0 0
0 0 0
1.2245419786e+03 2.1100779008e-01 4.5153001913e-01
8.6590928607e-01 8.8337902044e-02 4.9233882983e-01
-9.5060184691e-02 9.9540611140e-01 -1.1412040983e-02
-4.9108519585e-01 -3.6920027834e-02 8.7032881256e-01
-2.6706667694e+00 2.2537911398e+00 -1.9465149683e+01
1.5652794691e+05 4.5646322636e-06 -6.1382373289e-08
9.7842900337e-01 6.4065965119e-02 1.9639816057e-01
-8.5145649438e-02 9.9125322853e-01 1.0083280872e-01
-1.8822035954e-01 -1.1538019347e-01 9.7532584668e-01
-1.0042226873e+00 -1.1974543047e+01 -3.7296273514e+03
2.4066020451e+05 1.5497835981e-05 -1.1970318237e-20
-9.8152847317e-01 -3.4307928653e-02 -1.8821483043e-01
5.5547105264e-02 -9.9251506086e-01 -1.0875832407e-01
-1.8307478106e-01 -1.1720418077e-01 9.7608749841e-01
-4.2642967480e-01 1.0445613324e+01 9.1265862005e+03
0 0 0
0 0 0
0 0 0
0 0 0
0 0 0
5.0484079273e+03 -1.2460016122e-01 -1.5753047903e-01
9.8992009152e-01 5.1859768474e-02 1.3179065526e-01
-1.1058342645e-01 8.6440719354e-01 4.9048089621e-01
-8.8484564731e-02 -5.0011075590e-01 8.6142887904e-01
-5.1569656475e-01 -2.9202200530e+00 -1.9973045799e+01
6.0951622707e+05 -4.2343577116e-07 -1.4216524449e-18
9.7720538016e-01 6.3625670426e-02 2.0253745097e-01
-8.5775374099e-02 9.9102514572e-01 1.0252680504e-01
-1.9419637015e-01 -1.1756247112e-01 9.7389261995e-01
-5.5639600281e-01 -8.9954689055e+00 -3.8611380732e+04
0 0 0
0 0 0
0 0 0
0 0 0
0 0 0
0 0 0
0 0 0
0 0 0
0 0 0
0 0 0
1.9222140522e+05 1.3234068994e-03 -2.2926806700e-25
9.0179307997e-01 1.2803956185e-01 4.1276520144e-01
-1.9809243546e-01 9.7132507870e-01 1.3147995473e-01
-3.8409455597e-01 -2.0033337736e-01 9.0129790302e-01
-9.5741026993e-01 2.0441105395e+00 -1.4899014065e+03
4.9939749981e+03 8.2201994845e-01 3.9228118442e-01
8.7873493147e-01 1.3646425769e-02 4.7711497071e-01
4.5924049745e-02 9.9253653711e-01 -1.1296992589e-01
-4.7509567654e-01 1.2118167174e-01 8.7154982679e-01
-2.7377780375e+00 1.6576303443e+01 -8.6326829801e+01
0 0 0
0 0 0
0 0 0
0 0 0
0 0 0
0 0 0
0 0 0
0 0 0
0 0 0
0 0 0
0 0 0
0 0 0
0 0 0
0 0 0
0 0 0
0 0 0
0 0 0
0 0 0
0 0 0
0 0 0
1.5076534247e+02 -3.2218888117e-02 3.1533447333e-04
9.9542675752e-01 6.5680437621e-02 -6.9366061848e-02
-5.4426074347e-02 9.8669034357e-01 1.5323174716e-01
7.8507151608e-02 -1.4875565879e-01 9.8575269775e-01
-2.9067640936e-02 -1.8714695855e+00 -3.8646567167e+00
0 0 0
0 0 0
0 0 0
0 0 0
0 0 0
0 0 0
0 0 0
0 0 0
0 0 0
0 0 0
0 0 0
0 0 0
0 0 0
0 0 0
0 0 0
6.2885698760e+05 7.5605143766e-06 2.6663977486e-17
-9.8037676222e-01 -5.0006643895e-02 -1.9068492250e-01
7.4052602348e-02 -9.8986945028e-01 -1.2113910800e-01
-1.8269541918e-01 -1.3288268122e-01 9.7414812880e-01
4.4085383392e-01 1.4870114350e+01 2.0813078146e+04
0 0 0
0 0 0
0 0 0
0 0 0
0 0 0
-2.6003230316e+00 4.8218329463e+00 3.8898788277e+00
218 219 224
10 11 706 -477.6900 1031.3201 34 576 -361.8500 635.8700 25 645 144.3900 -853.5000 51 5125 -103.1300 -284.8500 22 17368 359.6801 -134.7100 29 6036 -120.4300 -169.3800 52 4040 -31.7600 -138.1100 2 4078 -27.3500 -324.3800 10 4534 -203.6700 -298.9500 55 3533 -31.0100 -59.7200
-5.1210078019e-01 -8.7702924728e-01 1.2568673554e+00
161 161 159
10 11 221 -229.4700 -311.1899 34 24 -171.8900 -640.6500 51 2459 -54.6400 -534.7700 3 693 258.7000 -312.4200 22 5896 414.4500 -295.2500 52 1842 6.4900 -295.5100 2 1931 13.1600 -508.4800 10 2112 -122.8100 -611.8101 41 187 -108.7800 -58.3199 55 1527 -15.5100 -151.7600
2.7998630761e+00 6.4624479261e-01 2.9384207451e+00
73 61 44
5 11 242 525.0601 6.4800 34 98 577.6300 -326.2600 23 669 74.8600 -87.5900 51 3543 96.8199 -479.0400 2 2759 125.2100 -464.5601
-3.1559034705e+00 -2.4602753128e-01 2.6031217200e+00
89 78 67
2 11 397 -596.5900 -53.3600 34 201 -533.6400 -356.1500
2.9807223411e+00 6.7713225541e-01 3.1595268580e+00
168 166 154
7 11 608 571.8999 21.1300 34 311 627.0699 -308.7900 54 312 814.3501 -314.7600 23 1562 85.2600 -85.8400 2 8049 130.6700 -464.4399 27 5318 386.9800 191.3600 68 8546 90.6700 -427.6300
-1.0685225857e+00 1.3373980063e+00 1.4101838631e+00
172 166 150
5 11 421 -325.7600 132.5601 34 214 -263.5300 -195.4400 23 399 -132.3300 -40.8200 3 735 220.1899 -131.1600 29 2578 -63.8400 -357.5699
-9.9013755044e-02 -5.8198968775e-01 1.6239145799e+00
177 177 175
7 11 574 -126.1801 -240.1600 34 292 -62.2700 -564.7000 23 1005 -83.4700 -141.7800 51 4913 -33.7400 -521.1600 59 4815 -121.3400 956.0601 3 1805 296.2700 -287.3900 22 16387 427.6100 -285.5400
1.9905316039e+00 1.0395004444e-01 2.1440379780e+00
181 181 174
8 11 830 313.5601 -126.5900 34 440 371.1000 -460.6899 50 1036 10.1000 139.2700 58 163 224.1200 260.1600 64 625 152.6200 -134.9700 23 1547 23.1400 -113.5100 3 1833 459.4600 -240.8100 10 4381 16.1500 -563.8101
1.7129004486e+00 1.1310681558e+00 2.0916061402e+00
132 127 122
5 11 615 267.2700 75.3400 34 462 311.3000 -264.8800 50 664 -1.5200 211.8500 58 89 206.7700 399.5200 23 1043 16.2700 -58.5200
-3.6256061244e+00 -3.4637813430e+00 5.3270279337e+00
129 131 128
2 11 801 -431.2300 -363.4399 34 408 -382.6000 -694.5601
-2.2904643536e+00 -1.0434288935e+00 2.6411707432e+00
168 170 171
2 11 820 -431.5000 -199.2100 34 431 -378.6400 -518.1200
-3.3567998414e+00 -1.3226907689e+00 2.9402893480e+00
86 77 61
2 11 1176 -592.6700 -210.7900 34 633 -534.7600 -516.6700
-2.4306363636e+00 -1.1299231385e+00 2.6688944993e+00
106 100 88
2 11 1174 -453.4000 -208.0400 34 628 -400.8800 -529.2900
1.9868412695e+00 -2.0690288379e-01 2.2209584345e+00
97 89 78
9 11 1189 313.3800 -180.0300 34 635 374.2800 -513.7500 54 640 481.4800 -621.6600 50 1015 8.6700 121.1100 58 275 219.8300 225.7900 23 3085 22.7200 -127.3100 59 17060 4.7000 975.6001 3 4850 460.8400 -262.0100 29 20546 96.6500 -447.5200
-4.2426244829e+00 -5.2628154140e-01 3.0750549159e+00
171 170 165
2 11 841 -743.6100 -56.5900 34 453 -678.5800 -347.0900
5.6086618453e-01 4.4202173243e-01 1.9272079652e+00
30 29 26
7 11 1857 24.2400 -43.1600 34 1054 80.0400 -372.3700 54 669 85.3700 -448.1400 58 299 50.5200 334.9400 51 15784 -1.9100 -477.7200 3 4891 352.0699 -208.3900 22 40765 446.9500 -256.4301
-1.8217990936e-02 -9.4507342327e-01 1.5372209452e+00
79 76 64
8 11 1714 -116.8000 -314.7900 34 956 -53.9600 -644.6801 23 3036 -82.3000 -160.2700 3 5852 298.9200 -315.3700 29 20408 -13.1200 -483.5800 10 14132 -95.4301 -614.7900 41 1535 -39.5600 -63.8900 44 19421 -12.0100 -499.9800
-5.3398154483e-01 1.6241382273e+00 1.4426795552e+00
95 86 69
7 11 1286 -219.2700 181.6400 34 726 -161.7100 -153.3500 23 2281 -105.0100 -28.6400 51 10390 -50.1801 -423.3300 59 11149 -148.1400 1105.9800 29 13665 -35.7500 -342.7600 10 9630 -116.1900 -471.0300
-3.7821581768e+00 -4.3070281661e+00 6.5686480336e+00
124 123 119
2 11 1127 -366.9500 -395.5500 34 584 -319.3900 -731.1600
1.0610675466e+00 -1.1342060268e+00 1.9993184390e+00
53 48 44
6 11 1703 116.0800 -345.3800 34 945 184.1000 -681.1100 64 1776 63.7400 -230.4500 23 4288 -27.2600 -168.1900 10 14115 -36.8101 -622.3899 41 1526 111.8600 -80.5900
-1.4841083696e-01 5.7780828716e-01 1.7614915798e+00
115 109 98
7 11 1880 -121.1801 -11.2500 34 1070 -63.2000 -337.9301 58 463 -39.6300 367.0900 23 4517 -81.8500 -81.9000 59 28485 -120.2600 1033.0801 29 20716 -11.8700 -400.9100 10 14405 -93.7900 -530.8900
-6.1817941173e-01 8.5300641433e-01 1.5350330202e+00
83 76 70
8 11 2869 -227.8800 37.9900 34 1659 -169.6000 -288.7400 23 4541 -107.9800 -67.8500 51 15910 -53.3300 -457.9700 59 28568 -151.1200 1051.2500 10 14446 -120.1600 -515.9800 41 1640 -108.7900 180.3000 68 12779 -22.9900 -416.3101
-3.2199219952e-01 8.5652444206e-01 1.6573940717e+00
64 57 48
8 11 2872 -159.2500 39.6400 34 1658 -102.1500 -288.5699 58 476 -62.7000 405.2800 23 3142 -90.8600 -67.6100 29 20759 -22.0300 -386.3101 10 14451 -103.0600 -515.7100 27 11832 210.5601 212.2500 68 12781 -12.9100 -415.9700
6.6059130317e-01 5.1241456195e+00 4.1608631943e+00
85 72 55
4 11 2288 214.8400 1087.0300 34 1386 257.3700 647.5601 17 1906 328.5400 -468.3000 25 2554 640.3701 -770.5500
4.7743058448e-01 5.1895653215e+00 4.1513205566e+00
96 78 65
4 11 2293 175.6899 1104.2000 34 2071 222.4900 662.6600 17 1908 292.9000 -453.8700 25 2557 608.3401 -757.4200
-1.4213846539e-01 -9.2697843610e-01 1.4654885330e+00
96 88 73
7 11 2625 -145.8400 -313.4100 34 1456 -84.0700 -643.6700 23 6135 -89.1600 -159.6300 59 27922 -127.6800 934.2100 29 32842 -19.6600 -483.0400 10 21948 -102.3000 -613.9600 41 3254 -54.0600 -62.3700
-1.1863020404e-01 -7.8409656812e-01 1.5707905269e+00
99 88 70
6 11 1730 -132.5500 -280.1300 34 967 -70.5900 -607.8900 23 4336 -85.4800 -151.7600 59 27972 -124.3900 943.6499 29 32885 -18.2600 -474.5699 10 21980 -98.3600 -606.2300
5.3553839848e-01 -9.4892587897e-02 2.0564904133e+00
116 112 102
7 11 2749 23.3400 -134.1899 34 1561 83.4900 -462.3101 58 437 48.0600 273.4500 64 2886 28.5100 -139.3800 23 4450 -47.0700 -114.6400 29 33099 22.8300 -434.7600 10 22166 -59.1899 -565.5500
-4.7972917944e+00 2.4519251271e+00 3.5614804967e+00
166 163 158
2 11 56 -865.3500 522.6500 34 14 -755.4700 219.9400
3.1393202710e+00 3.2283574647e+00 4.2642875620e+00
161 153 149
2 11 58 720.7700 609.0100 34 59 735.3800 243.8600
-3.4586135176e+00 3.6423609169e+00 3.5254683994e+00
173 167 156
2 11 61 -650.2800 749.8800 34 18 -532.7900 409.4399
4.9031558606e-01 4.0661611548e-01 1.8616598254e+00
112 107 102
3 11 103 7.3400 -53.5900 34 32 62.4800 -381.3600 54 27 64.7500 -462.4301
2.6960762834e+00 3.6910263159e-01 2.7950406532e+00
189 182 172
3 11 104 489.5000 -51.5900 34 30 547.8000 -386.2100 54 28 712.5300 -429.7100
-2.4253407002e+00 2.9895987714e-01 2.0934510178e+00
161 159 146
2 11 106 -516.0100 2.1899 34 36 -451.1700 -311.4800
-4.6797160255e+00 1.4164995715e+00 3.3268168736e+00
182 178 175
2 11 120 -837.7700 307.2200 34 43 -744.1300 20.2800
3.2820632085e+00 2.4258013076e+00 3.9952176940e+00
189 186 181
3 11 128 710.9600 418.2600 34 46 743.8199 69.0100 54 45 945.4399 213.8500
-5.1727928889e+00 2.1104458354e+00 3.7200604092e+00
183 182 178
2 11 132 -910.4000 460.4399 34 52 -797.2600 179.0800
-2.8236406041e+00 2.6423784430e+00 2.8227679394e+00
141 140 137
2 11 134 -565.4700 499.5500 34 50 -472.1200 172.1600
-3.5220142319e+00 2.8164925509e+00 3.2072234243e+00
186 185 180
2 11 142 -669.7800 560.4900 34 58 -563.3200 241.1700
-2.8467043475e+00 3.7512709707e+00 3.3595622206e+00
135 128 113
3 11 149 -550.4900 761.2100 34 67 -437.1100 409.4200 17 115 -350.3000 -778.9900
-1.6959664973e+00 4.0821468804e+00 3.2675191172e+00
154 147 136
2 11 151 -334.6400 820.3400 34 163 -241.5700 443.4800
3.2599621509e+00 9.7428113129e-01 3.4276172405e+00
194 188 172
3 11 252 647.3701 86.6899 34 101 699.6100 -241.1800 54 102 908.2000 -215.2600
3.6339898445e+00 1.0182280916e+00 3.8904445833e+00
182 177 174
2 11 254 744.7100 113.1300 34 39 802.0300 -213.8200
-4.3676029962e+00 5.3761829957e-01 3.0357561706e+00
183 179 170
2 11 256 -790.5700 127.9000 34 108 -709.4000 -159.6900
-4.3676029962e+00 5.3761829957e-01 3.0357561706e+00
183 179 170
2 11 257 -790.5700 127.9000 34 109 -709.4000 -159.6900
-1.7903062252e+00 1.1610095645e+00 1.8523575061e+00
70 58 46
2 11 258 -426.2300 139.4299 34 105 -359.4700 -184.4900
3.3867428883e+00 1.2504640746e+00 3.5582026696e+00
65 57 44
3 11 259 689.4600 147.4900 34 102 735.7000 -187.3000 54 110 948.1201 -130.9800
3.3867428883e+00 1.2504640746e+00 3.5582026696e+00
65 57 44
3 11 260 689.4600 147.4900 34 103 735.7000 -187.3000 54 111 948.1201 -130.9800
9.0452262400e-01 1.5313955217e+00 2.0113970009e+00
185 174 152
4 11 263 105.4301 165.7600 34 106 150.1700 -172.5500 54 105 190.7200 -187.2400 23 404 -23.5900 -34.8700
9.3125721328e-01 1.5589119854e+00 1.9227908103e+00
185 174 152
4 11 264 105.4301 165.7600 34 107 150.1700 -172.5500 50 282 -54.5100 251.9500 23 405 -23.5900 -34.8700
2.9072780863e+00 1.6169309818e+00 3.3027199175e+00
164 160 151
2 11 268 580.4299 216.6100 34 110 624.1600 -121.1100
2.9072780863e+00 1.6169309818e+00 3.3027199175e+00
164 160 151
2 11 269 580.4299 216.6100 34 111 624.1600 -121.1100
1.7738198980e+00 1.8526430831e+00 2.4109889904e+00
68 55 39
3 11 270 305.6500 238.2500 34 113 344.5200 -107.3100 50 288 17.4900 266.8200
2.4667664270e+00 2.2314545211e+00 3.1569588790e+00
156 152 143
2 11 278 494.1899 344.6100 34 121 529.9500 -2.5200
5.7618698810e-01 2.3812555175e+00 1.9158960296e+00
173 162 144
2 11 279 38.8101 349.6300 34 120 82.1200 -8.4300
-3.2858843902e+00 2.1302545561e+00 2.7730355198e+00
159 157 151
3 11 282 -648.9700 398.5901 34 125 -555.0300 89.4500 64 287 -257.8400 62.0900
2.1940638106e+00 2.5634129276e+00 3.1162594718e+00
185 177 165
2 11 284 441.1000 418.3401 34 124 475.1801 64.4500
-4.1115134541e+00 2.2318576197e+00 3.2533329502e+00
174 173 168
2 11 285 -761.5100 452.4399 34 131 -658.3000 149.8600
-1.7278068058e+00 2.6795136728e+00 2.4341458458e+00
144 134 125
2 11 286 -387.2700 473.1100 34 129 -304.8300 133.0100
-1.7278068058e+00 2.6795136728e+00 2.4341458458e+00
144 134 125
2 11 287 -387.2700 473.1100 34 130 -304.8300 133.0100
2.1399379764e+00 2.8672850475e+00 3.2285037475e+00
87 75 66
2 11 289 441.2400 493.4299 34 240 474.0800 129.7200
-2.3843470253e+00 2.7705980348e+00 2.7430928786e+00
58 49 39
2 11 290 -491.1800 514.6500 34 137 -398.7100 182.3700
-2.3843470253e+00 2.7705980348e+00 2.7430928786e+00
58 49 39
2 11 291 -491.1800 514.6500 34 138 -398.7100 182.3700
-1.7776268232e+00 3.2210227322e+00 2.7273659111e+00
59 48 31
2 11 297 -382.4600 604.5801 34 143 -292.7000 252.6200
4.5676494585e-01 3.6400147274e+00 2.9017352505e+00
150 143 115
3 11 304 80.0500 677.9700 34 151 130.0000 294.3400 54 141 133.2400 417.7200
7.6441333510e-01 3.8648557813e+00 3.1925095487e+00
154 151 134
2 11 308 164.7300 738.7600 34 157 209.0000 349.2100
-1.3091038850e+00 4.0263401005e+00 3.1434719966e+00
86 72 57
2 11 315 -266.3500 799.3700 34 162 -179.6800 418.5900
1.2280319705e-01 4.4952120711e+00 3.5234202578e+00
194 185 181
4 11 317 54.5300 910.5400 34 267 109.5699 502.1200 17 325 191.1400 -621.0900 25 427 524.8400 -903.7400
1.1603132981e-01 4.4972412101e+00 3.5292751668e+00
194 185 181
3 11 318 54.5300 910.5400 34 268 109.5699 502.1200 25 428 524.8400 -903.7400
-1.5326288155e+00 4.4341479585e+00 3.4690807062e+00
89 75 70
2 11 319 -290.1801 910.2500 34 170 -198.7800 518.4299
1.4474293092e+00 3.9148587613e-01 2.1083884801e+00
194 190 183
6 11 393 206.2000 -61.3199 34 200 260.4200 -393.9100 54 199 332.0300 -465.3800 50 418 -23.7400 165.3500 58 58 161.5900 310.9600 64 415 108.7900 -105.0300
-3.1559034705e+00 -2.4602753128e-01 2.6031217200e+00
89 78 67
2 11 398 -596.5900 -53.3600 34 202 -533.6400 -356.1500
-5.9131333028e+00 -9.1158692753e-01 3.8024935013e+00
190 187 178
2 11 399 -955.3800 -54.7500 34 206 -893.5200 -325.8900
-5.9131333028e+00 -9.1158692753e-01 3.8024935013e+00
190 187 178
2 11 400 -955.3800 -54.7500 34 207 -893.5200 -325.8900
-4.0094329241e+00 -1.4186258221e-01 2.9141353149e+00
169 163 141
2 11 406 -724.0000 -3.9000 34 210 -654.5900 -295.8700
-4.0094329241e+00 -1.4186258221e-01 2.9141353149e+00
169 163 141
2 11 407 -724.0000 -3.9000 34 211 -654.5900 -295.8700
1.7977516553e-01 6.9943835483e-01 2.0345298831e+00
173 172 168
5 11 408 -39.6700 19.6700 34 208 18.8800 -309.0601 58 62 14.9800 384.0900 64 430 4.0500 -70.0700 59 3240 -95.9399 1044.8799
2.9202708232e+00 9.1374577541e-01 3.0754109487e+00
170 166 155
3 11 410 557.4500 64.9000 34 212 609.6700 -267.8400 54 211 791.6001 -266.5500
2.7258803512e+00 9.9554927114e-01 3.0125391507e+00
91 80 57
6 11 413 515.8500 79.7000 34 314 567.5601 -251.3600 54 213 732.5601 -246.4600 50 430 85.6000 199.0000 23 1032 73.8200 -69.3900 27 3656 376.6600 208.3101
-3.0096385861e+00 5.4597751414e-01 2.3958732081e+00
179 174 155
2 11 416 -601.2600 73.5699 34 320 -528.7200 -231.3800
5.8491773276e-01 1.1955512788e+00 1.9091634808e+00
179 175 164
2 11 417 32.3500 99.8600 34 213 83.8199 -233.9600
-1.2169545111e+00 1.2191758176e+00 1.7335118182e+00
172 166 150
2 11 422 -325.7600 132.5601 34 215 -263.5300 -195.4400
3.4825264929e+00 1.4203194884e+00 3.7848986216e+00
186 182 173
5 11 426 721.2100 191.5200 34 221 767.5400 -136.5700 54 226 993.7000 -62.9600 50 437 156.5200 224.0300 23 1045 119.9000 -53.5100
2.5889777210e+00 1.5503484953e+00 2.9227341635e+00
166 158 146
2 11 427 496.2800 188.5400 34 218 537.1899 -150.2300
-2.6053817540e+00 1.2859292219e+00 2.2787384086e+00
175 167 153
2 11 428 -546.6000 199.7600 34 225 -471.0100 -114.4500
2.2377999858e+00 2.0449288236e+00 2.8386729740e+00
165 159 145
3 11 437 427.1300 293.2300 34 230 464.2100 -53.1300 23 1072 56.7800 -12.5800
1.6987833594e+00 2.0918777431e+00 2.4672057753e+00
150 147 140
2 11 438 296.4399 292.7400 34 231 335.1100 -55.0900
-7.3121658632e-01 2.6522843726e+00 2.0504755044e+00
146 135 109
2 11 449 -217.6801 437.3201 34 350 -153.7300 82.4200
-1.5412271313e+00 2.5480650524e+00 2.3119781383e+00
155 149 137
2 11 450 -357.3600 436.8301 34 351 -281.2300 96.8800
7.0386685026e-01 2.8006033543e+00 2.3245175727e+00
120 113 98
2 11 454 92.1801 456.6899 34 237 135.1801 94.8600
-2.0967196816e+00 2.6222503459e+00 2.5851265385e+00
187 186 181
2 11 459 -444.8500 471.8101 34 244 -359.7500 139.2400
-1.3147914643e+00 2.7812622866e+00 2.3381912687e+00
153 144 124
2 11 463 -313.7600 485.2800 34 354 -238.8200 137.2000
-1.3147914643e+00 2.7812622866e+00 2.3381912687e+00
153 144 124
2 11 464 -313.7600 485.2800 34 355 -238.8200 137.2000
1.2816142340e+00 2.9224182829e+00 2.6896494354e+00
140 133 123
2 11 466 232.9301 492.0500 34 241 272.1100 126.8800
1.2816142340e+00 2.9224182829e+00 2.6896494354e+00
140 133 123
2 11 468 232.9301 492.0500 34 242 272.1100 126.8800
1.0357715421e+00 3.0410571761e+00 2.6499660555e+00
142 133 118
2 11 470 181.7500 520.0500 34 357 221.5699 153.3100
7.6888758366e-01 3.2277233061e+00 2.6209923129e+00
139 132 122
2 11 472 125.8700 567.4099 34 245 169.8900 192.8200
1.1274120225e+00 3.3820825792e+00 2.9752297072e+00
183 177 168
3 11 475 221.3199 610.6599 34 248 263.6600 234.3800 23 712 9.5700 71.4700
6.6003540725e-01 3.4151620616e+00 2.7779730381e+00
77 64 55
2 11 477 112.8700 617.8500 34 250 161.2200 240.1000
-6.5229027117e-01 3.3809769801e+00 2.5778167684e+00
75 60 45
2 11 480 -168.3600 620.0100 34 253 -100.6800 250.5300
-5.4395730058e-01 -7.9816956391e-01 1.3091827824e+00
185 185 183
4 11 569 -229.1801 -293.6801 34 284 -169.8600 -621.2200 51 4901 -54.9900 -530.9800 22 16345 414.1600 -292.2200
-3.3435285150e-01 -8.5636911555e-01 2.2084104539e+00
177 177 175
2 11 573 -126.1801 -240.1600 34 291 -62.2700 -564.7000
5.5264738110e-01 -3.8059930146e-01 2.0686009268e+00
181 182 179
3 11 580 24.3500 -187.5000 34 195 90.7200 -514.0800 58 57 47.7800 239.5000
8.1452493957e-01 -3.0155423923e-01 2.1006523406e+00
171 172 166
2 11 581 77.7800 -176.7200 34 294 140.8300 -503.9200
-4.1377600538e+00 -1.2276278401e+00 3.2065990001e+00
148 148 148
2 11 583 -703.6200 -167.9100 34 300 -645.0400 -460.6400
-3.4751122253e+00 -8.3509192069e-01 2.7661363267e+00
189 186 181
2 11 590 -634.1500 -138.5300 34 198 -572.4300 -441.6200
-4.2936724359e+00 -8.5562769854e-01 3.1063098250e+00
176 174 161
2 11 593 -745.7300 -108.3600 34 305 -683.1700 -401.7300
-5.5420925973e+00 -9.0444562211e-01 3.6921273731e+00
186 187 190
2 11 600 -903.2300 -68.3900 34 310 -839.8500 -337.3600
-4.7740384986e+00 -1.1298003238e-01 3.2606924938e+00
167 164 155
2 11 609 -827.1600 31.7800 34 315 -755.0500 -250.0700
-4.7740384986e+00 -1.1298003238e-01 3.2606924938e+00
167 164 155
2 11 610 -827.1600 31.7800 34 316 -755.0500 -250.0700
-2.1017683474e+00 7.3978461684e-01 1.9985387393e+00
111 102 88
2 11 613 -468.0000 71.8500 34 317 -402.0400 -244.6900
-2.1693369782e+00 1.0083806543e+00 2.0944377598e+00
146 140 126
2 11 620 -475.2900 128.4800 34 321 -406.8300 -187.2500
2.5651099219e+00 1.3106103450e+00 2.9566333857e+00
77 61 53
4 11 622 484.2900 141.6300 34 476 531.3199 -193.1000 54 323 684.7000 -170.7100 50 669 76.4600 221.9700
3.1170087758e+00 1.2866327417e+00 3.3971541393e+00
184 178 166
4 11 623 622.5701 149.5300 34 322 668.4800 -181.4100 54 324 864.4900 -135.8500 50 668 122.7100 217.1000
-3.4857172524e+00 8.6870030451e-01 2.6913978291e+00
182 175 165
2 11 626 -667.0900 155.3101 34 327 -587.8400 -142.5400
6.7359665006e-01 1.5323334691e+00 1.9002748169e+00
177 171 166
4 11 627 50.6700 165.0901 34 323 101.1899 -174.1600 23 1062 -37.7100 -34.4800 51 3588 5.1700 -429.7300
-2.0827597416e+00 1.2129840681e+00 2.0621080678e+00
157 147 127
2 11 628 -465.3400 164.4299 34 325 -393.8300 -153.5900
2.3965028394e+00 1.6044533074e+00 2.8111085552e+00
104 88 72
3 11 629 450.8700 197.3201 34 328 492.3600 -142.4000 23 1059 60.1500 -38.1000
-4.9625289788e+00 9.7885734402e-01 3.4026996527e+00
171 166 159
2 11 632 -870.5100 234.0601 34 336 -782.3200 -46.0900
2.0421434023e+00 2.1117719309e+00 2.6938880767e+00
100 85 63
2 11 644 380.4200 303.5300 34 334 417.0200 -45.1500
2.0421434023e+00 2.1117719309e+00 2.6938880767e+00
100 85 63
2 11 645 380.4200 303.5300 34 335 417.0200 -45.1500
3.5301429267e+00 2.1483696052e+00 4.1068317427e+00
163 156 148
4 11 655 764.0701 358.7900 34 341 800.0900 17.7400 54 243 1023.2100 158.8500 50 691 178.7200 277.9900
1.2267978887e+00 2.4562472980e+00 2.3098902767e+00
87 74 58
2 11 657 194.8800 373.0000 34 343 235.2000 14.8600
-2.4137135571e+00 2.3496074268e+00 2.5087399966e+00
174 164 137
3 11 662 -510.5100 418.7300 34 352 -422.2200 94.0400 29 5933 -117.0300 -307.9399
-6.0800402945e+00 2.0892124813e+00 4.0366977101e+00
191 194 200
2 11 669 -1041.6100 486.3201 34 363 -927.5900 210.1600
4.0469802215e+00 2.6565968487e+00 4.8157309833e+00
129 117 105
2 11 670 924.4399 496.3800 34 356 949.1500 147.2100
-2.1139335677e+00 3.1327620588e+00 2.8475723449e+00
187 187 187
2 11 673 -436.2600 592.2500 34 369 -343.6600 249.9000
2.0902081951e+00 3.3437024503e+00 3.5734628038e+00
74 62 50
2 11 676 457.1801 615.9299 34 368 488.1300 243.3900
8.5329540056e-01 3.4802441692e+00 2.9098604558e+00
168 158 133
2 11 677 162.3700 635.4299 34 370 206.3600 256.6100
8.5329540056e-01 3.4802441692e+00 2.9098604558e+00
168 158 133
2 11 678 162.3700 635.4299 34 371 206.3600 256.6100
-4.7226770220e+00 3.2928702586e+00 3.8451179566e+00
164 156 143
2 11 685 -851.3700 701.4399 34 556 -722.7800 388.1799
-1.3959511178e+00 3.7917285840e+00 2.9948481378e+00
172 161 147
2 11 689 -290.8700 739.9299 34 551 -207.7500 367.5400
-2.5573228909e-01 4.5916371456e+00 3.5431378270e+00
143 131 117
3 11 700 -22.2000 939.0901 34 571 41.5500 525.9399 17 741 117.7500 -592.3500
1.5103479122e+00 4.7373163286e+00 4.2090395952e+00
121 112 98
2 11 704 396.0699 986.8201 34 394 423.6300 561.8101
-6.4026080004e+00 -3.6608728929e+00 4.6948527630e+00
42 38 35
2 11 789 -904.4700 -405.1700 34 278 -879.2000 -711.0200
-6.3402789125e+00 -2.9706205408e+00 4.3551702296e+00
163 166 170
2 11 804 -937.6600 -333.6500 34 285 -902.7200 -621.1000
5.9280614627e-01 -7.1989854639e-01 1.9035430017e+00
182 181 177
2 11 810 23.9301 -261.1801 34 286 86.5300 -591.3500
-3.4534003440e+00 -1.6365921790e+00 3.1697742315e+00
184 176 163
2 11 813 -585.0900 -242.5500 34 426 -531.2800 -553.9200
1.4264619695e+00 -2.6286003840e-01 2.2112928769e+00
183 182 178
4 11 824 201.9100 -179.8800 34 433 264.2700 -509.0500 54 423 325.5500 -616.8800 50 1019 -24.7000 123.7900
1.0132740684e+00 -1.3570847827e-01 2.1213187225e+00
137 133 123
4 11 827 116.5000 -148.8700 34 435 180.0300 -478.7600 50 1028 -51.9500 135.4000 58 162 105.5000 257.3400
8.8529530522e-01 1.6964388793e-02 2.0622647089e+00
200 200 197
3 11 836 90.6400 -120.4900 34 663 152.4200 -451.3199 58 174 88.2800 278.1400
6.3826017348e-01 -1.0550144433e-02 2.0737128017e+00
193 193 191
4 11 837 45.8600 -119.2400 34 442 105.9000 -448.4600 58 176 60.1700 282.0200 64 626 37.3900 -132.7200
-4.4451631718e+00 -5.4504105963e-01 3.1453439391e+00
134 126 123
2 11 842 -773.6200 -54.2100 34 455 -705.9100 -339.2800
2.9870935458e+00 3.7017777017e-01 3.0582132642e+00
110 101 94
4 11 843 562.3301 -45.9500 34 449 622.5400 -374.2900 54 444 810.1201 -405.3101 50 1050 95.9300 155.0300
-3.3775729531e+00 -2.2527184282e-01 2.6218321212e+00
172 166 152
2 11 844 -636.4800 -44.4700 34 452 -570.8800 -346.1801
2.2037113163e-01 5.5067341543e-01 1.8333662658e+00
173 168 161
5 11 846 -45.6600 -20.4301 34 451 10.6700 -349.8400 54 442 -7.0500 -421.2400 58 179 8.8400 357.4600 39 9 -366.3800 -162.1500
-1.6418763273e+00 5.1105084452e-01 1.7712364874e+00
179 170 154
4 11 849 -396.4800 7.5400 34 460 -336.6400 -314.2200 50 663 -228.8600 209.0000 58 181 -216.7800 402.3900
-3.1986083538e+00 1.7640606833e-01 2.5341501839e+00
167 164 156
2 11 850 -616.9900 17.5800 34 461 -548.6500 -284.2600
-3.9117452191e+00 8.1025306849e-02 2.8670323779e+00
178 174 162
2 11 853 -714.0500 30.8800 34 463 -643.2500 -262.2000
2.4555442709e+00 1.0718330926e+00 2.6179793292e+00
163 154 137
3 11 861 445.9200 80.0300 34 697 491.8000 -260.1400 23 1580 58.1100 -65.4600
-1.4484338330e+00 9.2696751696e-01 1.7472285871e+00
153 153 146
4 11 862 -365.7100 82.1500 34 468 -304.8300 -243.2900 50 676 -219.7900 236.7300 23 1044 -142.5400 -55.5100
1.8392219909e+00 1.1909689145e+00 2.1422045108e+00
180 179 175
3 11 864 297.5699 89.6600 34 465 338.6000 -253.6500 50 1099 8.5900 215.2400
-2.5345845564e+00 1.4242794205e+00 2.3277028200e+00
164 161 146
2 11 885 -531.1100 226.2400 34 482 -453.6300 -87.1400
3.1693818458e+00 1.7150923051e+00 3.6490579259e+00
209 209 211
2 11 890 652.6201 248.6100 34 483 696.9200 -85.2900
3.1692478895e+00 1.7185099100e+00 3.6355604949e+00
209 209 211
3 11 891 652.6201 248.6100 34 484 696.9200 -85.2900 54 340 891.3401 -0.6100
-2.0637052817e+00 1.8183340633e+00 2.2351209595e+00
76 55 39
2 11 897 -454.8500 291.1100 34 488 -378.6600 -31.5100
1.5160525353e+00 2.1829911945e+00 2.3670416001e+00
86 73 56
3 11 900 254.4800 310.4900 34 487 293.2700 -42.1300 50 697 2.5200 296.1600
-1.4747686526e+00 2.0066522319e+00 2.0772702492e+00
136 123 104
2 11 901 -356.3900 311.5000 34 492 -285.1400 -20.1400
-1.4747686526e+00 2.0066522319e+00 2.0772702492e+00
136 123 104
2 11 902 -356.3900 311.5000 34 493 -285.1400 -20.1400
1.2995420698e+00 2.2750178938e+00 2.2989656243e+00
150 143 127
2 11 907 207.1200 330.7300 34 758 247.6100 -21.8400
1.2995420698e+00 2.2750178938e+00 2.2989656243e+00
150 143 127
2 11 908 207.1200 330.7300 34 759 247.6100 -21.8400
-4.3644278368e+00 1.6330438276e+00 3.2348470212e+00
62 52 43
2 11 911 -794.7000 338.1400 34 503 -698.5100 47.1200
-1.0158504716e+00 2.2750654041e+00 1.9988718563e+00
82 66 48
2 11 914 -274.5200 356.7900 34 497 -209.3900 14.4900
1.8018406713e+00 2.3624386839e+00 2.7262428109e+00
101 88 69
3 11 915 334.5100 361.4800 34 496 372.1000 8.1300 50 699 33.8900 307.8700
1.4041838463e+00 2.4365971755e+00 2.3691997181e+00
131 119 102
2 11 916 235.8400 368.7800 34 773 272.6300 11.2000
3.8118613022e+00 2.2077765822e+00 4.4903678801e+00
76 63 59
2 11 923 839.8101 384.7600 34 779 878.7900 45.9800
9.9806033448e-01 2.5052914244e+00 2.2721808652e+00
165 158 151
2 11 924 146.4600 384.1300 34 499 187.9399 27.9100
-7.8292124516e-01 2.4704430479e+00 2.0478059330e+00
81 64 49
3 11 929 -225.6200 396.7300 34 502 -162.9400 48.1400 23 1625 -105.6400 25.0800
1.6069931745e+00 2.5724901071e+00 2.6729869825e+00
110 94 78
2 11 933 295.2400 408.0000 34 504 332.3000 51.8100
-4.9576183653e+00 2.0117066016e+00 3.6132682775e+00
182 180 181
2 11 936 -876.6400 434.9299 34 518 -770.5500 149.5200
1.3598788266e+00 2.7608470867e+00 2.6194527346e+00
99 83 64
2 11 939 243.6801 451.3401 34 509 281.6500 90.0900
-6.6976969933e-01 2.7078562242e+00 2.1733133861e+00
150 136 119
2 11 940 -197.5100 451.4299 34 789 -131.6700 98.8200
-2.0157002982e+00 2.5921989947e+00 2.5397769930e+00
184 184 176
2 11 942 -433.6600 462.0400 34 515 -347.2200 129.4300
1.1346359214e+00 2.9062183154e+00 2.5862356760e+00
93 79 66
2 11 947 197.0000 485.8401 34 512 236.2700 121.1300
-2.3459981838e+00 2.7407564517e+00 2.7095425871e+00
65 53 42
2 11 955 -485.7900 506.6000 34 525 -394.7300 174.0100
-1.3295797277e+00 2.9739381902e+00 2.5079569655e+00
99 86 69
2 11 964 -306.4200 532.9800 34 823 -227.8300 183.7400
-1.9147463105e+00 3.1226252309e+00 2.7752119280e+00
109 94 76
2 11 970 -403.4200 584.3700 34 534 -312.9800 239.7200
4.9814384831e-01 3.4274523025e+00 2.7127605867e+00
75 58 42
2 11 976 76.4301 620.5800 34 536 124.9200 242.6100
4.9814384831e-01 3.4274523025e+00 2.7127605867e+00
75 58 42
2 11 977 76.4301 620.5800 34 537 124.9200 242.6100
-1.3836132917e+00 3.5093291495e+00 2.8387737162e+00
105 91 78
3 11 981 -299.3500 667.4299 34 543 -213.9700 304.9200 17 711 -130.9301 -854.5601
3.3356059144e+00 3.4696298307e+00 4.5854008899e+00
162 153 132
2 11 982 784.0300 678.6100 34 542 797.9301 303.6100
2.2277292125e-01 3.6711453038e+00 2.8019322501e+00
162 153 142
3 11 983 25.1000 686.1200 34 847 79.6899 301.8300 54 853 69.2400 415.9900
2.8189006644e+00 3.6073459126e+00 4.2545578120e+00
207 199 176
2 11 984 658.1201 701.1400 34 849 675.4200 320.5100
-2.1807291779e+00 3.6918745860e+00 3.1552338222e+00
197 195 189
2 11 989 -434.6100 730.7200 34 552 -334.5400 373.1899
-4.4807731107e+00 3.4781920197e+00 3.8211478161e+00
140 132 121
2 11 991 -814.0700 737.1000 34 561 -684.6600 415.8900
6.8751148366e-01 3.8757989751e+00 3.1521426457e+00
183 182 174
3 11 992 145.6700 741.5500 34 549 192.2900 350.9000 54 543 204.6899 497.2100
1.7090122962e+00 4.0539983482e+00 3.8555673461e+00
88 79 62
3 11 1001 404.3600 799.5500 34 559 433.5400 403.8201 54 556 508.2000 611.4700
-1.6037818375e+00 4.0187462705e+00 3.2175339127e+00
169 163 163
3 11 1002 -318.7900 802.0300 34 870 -226.3500 427.8000 17 724 -146.2800 -727.8600
-3.9309035151e+00 3.9101113173e+00 3.7879370296e+00
64 55 48
3 11 1003 -726.8900 825.3201 34 566 -596.2000 484.1500 17 1133 -498.8200 -732.4399
2.6816542225e+00 4.1376454242e+00 4.4830500316e+00
216 220 223
2 11 1006 654.7200 839.6100 34 873 666.2700 439.5100
1.5464206942e+00 4.2704588524e+00 3.9267373265e+00
173 168 164
2 11 1010 377.3101 856.8101 34 876 410.4800 453.4299
2.3496020287e+00 4.2726204021e+00 4.3476474390e+00
147 137 127
2 11 1012 577.8401 869.9700 34 879 593.3101 463.8700
-2.8611806148e+00 4.4331469455e+00 3.7393056119e+00
185 181 169
2 11 1020 -534.7800 931.8301 34 890 -415.8200 557.5300
-2.8611806148e+00 4.4331469455e+00 3.7393056119e+00
185 181 169
2 11 1021 -534.7800 931.8301 34 891 -415.8200 557.5300
-5.5763939312e+00 -3.0724226364e+00 4.2438024065e+00
153 154 158
2 11 1133 -824.5200 -363.9600 34 415 -787.1900 -664.4700
1.3423407598e+00 -9.6634783923e-01 2.1436196911e+00
96 92 83
2 11 1143 176.4200 -308.7900 34 602 244.7200 -644.7000
1.1862226171e+00 -8.4216307473e-01 2.0250579454e+00
189 191 190
3 11 1144 142.2700 -290.7700 34 419 208.7500 -624.7100 64 844 75.2200 -206.6800
-4.0615783013e+00 -2.0213355014e+00 3.5481782496e+00
179 179 171
2 11 1146 -649.9800 -269.8800 34 614 -600.2600 -576.4200
-4.0615783013e+00 -2.0213355014e+00 3.5481782496e+00
179 179 171
2 11 1147 -649.9800 -269.8800 34 615 -600.2600 -576.4200
1.9530228824e+00 -6.4270427050e-01 2.2815091730e+00
186 185 181
3 11 1152 304.2600 -258.2200 34 612 369.2100 -592.7100 54 614 476.7400 -724.7800
1.0185447319e+00 -6.7593881271e-01 2.0333101532e+00
191 190 185
7 11 1153 111.6899 -256.6400 34 613 177.5500 -586.8101 58 401 95.2900 189.6900 64 1841 60.6300 -192.4700 23 2157 -27.7000 -146.9000 51 15479 12.1000 -526.0200 59 16961 -57.4600 950.4299
1.6597752056e+00 -4.8605959389e-01 2.1863667682e+00
158 151 145
5 11 1164 242.5800 -227.8700 34 425 309.7400 -560.8600 50 1003 -12.6000 106.0700 58 155 177.8000 198.9400 23 2170 4.5100 -139.5100
6.1271435018e-01 -5.8353723901e-01 2.0823261953e+00
99 96 88
3 11 1166 37.3300 -224.2700 34 619 102.8400 -551.6801 51 10102 -1.5300 -519.6700
-3.3567998414e+00 -1.3226907689e+00 2.9402893480e+00
86 77 61
2 11 1175 -592.6700 -210.7900 34 632 -534.7600 -516.6700
3.1598117807e+00 -4.0236939038e-01 3.2869574012e+00
85 82 77
2 11 1186 593.0601 -183.1100 34 636 668.7100 -509.4100
6.5469540861e-01 -3.0963293977e-01 2.1041899345e+00
180 180 180
3 11 1193 46.8400 -173.3000 34 640 110.4600 -501.8600 58 161 62.9400 245.1600
2.3713233196e+00 -1.3561301338e-01 2.3796728752e+00
145 144 139
5 11 1194 402.5000 -167.8199 34 637 460.5900 -504.1500 50 1603 37.2000 122.3400 58 276 274.2600 226.5700 23 2203 44.3300 -124.6200
-4.4607152728e+00 -1.2768229382e+00 3.3120807863e+00
169 167 156
2 11 1198 -748.2000 -161.7000 34 661 -691.5100 -456.7900
3.0892163671e+00 -2.6428996392e-01 3.2103112268e+00
174 171 166
3 11 1199 578.7400 -159.9301 34 647 651.8101 -486.9399 23 2183 82.4400 -132.2700
3.4505830591e+00 -3.2326520995e-01 3.6542446628e+00
176 170 158
2 11 1200 665.1699 -153.7900 34 437 747.6899 -475.8700
2.2785203789e+00 -6.1303703166e-02 2.3314726728e+00
187 186 181
4 11 1201 381.2700 -155.0699 34 648 438.4600 -489.8300 50 1625 30.5900 128.6200 58 278 262.8700 238.1300
-5.7767362790e+00 -1.5287128002e+00 3.8419962407e+00
178 176 172
2 11 1203 -917.4000 -154.6801 34 665 -862.8100 -429.1000
-6.7964207081e-01 -9.0759408647e-02 1.4915768319e+00
122 118 115
4 11 1205 -240.3101 -144.6400 34 1021 -181.2400 -466.8300 23 2215 -111.5700 -116.3600 29 13457 -42.3300 -438.3500
2.4282423845e+00 1.0800742642e-02 2.4180163762e+00
180 179 177
2 11 1207 417.3600 -138.5699 34 656 472.4301 -475.6300
4.2872243181e+00 -2.7167999832e-01 4.5255049309e+00
172 168 158
2 11 1211 869.1799 -113.5500 34 447 965.0500 -429.7600
3.9048564027e+00 -1.4307889756e-01 4.1121371515e+00
190 183 167
2 11 1213 779.4299 -104.8000 34 667 865.0900 -423.0601
2.9356363191e+00 1.1311699210e-01 2.9895594463e+00
51 46 42
4 11 1215 544.5100 -98.0601 34 448 608.5300 -427.0500 54 435 792.2100 -477.4200 50 1035 88.2900 138.0600
-2.8240174477e+00 -2.2016152360e-01 2.4374145392e+00
159 155 144
2 11 1222 -551.9800 -64.0200 34 676 -490.1200 -371.3199
2.2449544834e+00 6.3629306619e-01 2.3102079577e+00
158 151 133
3 11 1231 382.9100 -19.3000 34 1060 428.5000 -358.4100 58 298 272.6100 324.5400
-2.2765419818e+00 2.4669792606e-01 2.1204213543e+00
167 166 162
2 11 1236 -485.0900 -9.7600 34 683 -420.9800 -321.8300
-5.2973167492e+00 -4.3065777215e-01 3.5286375005e+00
171 166 170
2 11 1239 -887.1100 -2.6500 34 1093 -816.1700 -272.8700
-1.0323337344e+00 6.0449680534e-01 1.7871259949e+00
165 159 145
4 11 1244 -281.6200 13.1600 34 684 -221.9400 -310.6700 50 1716 -187.7300 208.5700 58 309 -141.5300 397.2300
-4.8612133224e-01 6.8024823943e-01 1.8317546624e+00
180 179 177
2 11 1245 -177.5699 18.9399 34 686 -118.8100 -307.9200
-5.2364038919e+00 -2.7886541605e-01 3.4900129725e+00
56 51 41
2 11 1247 -883.1600 20.6300 34 466 -810.7000 -251.3600
-5.2364038919e+00 -2.7886541605e-01 3.4900129725e+00
56 51 41
2 11 1248 -883.1600 20.6300 34 467 -810.7000 -251.3600
4.2975647096e+00 5.3990684846e-01 4.4980066351e+00
186 183 176
2 11 1250 896.3999 38.9100 34 691 969.2400 -280.8500
1.6420856788e+00 9.7625966490e-01 2.1024021322e+00
184 177 168
4 11 1251 250.6600 46.3500 34 690 296.7300 -289.9900 54 694 387.0300 -328.6200 50 1080 -7.8800 202.1500
7.0819796119e-01 1.0111102559e+00 2.0174733576e+00
101 88 82
10 11 1254 61.8500 69.1400 34 695 116.6300 -263.8101 54 452 133.3000 -305.2000 50 1104 -67.8600 215.7600 58 184 81.9200 408.7700 64 923 47.2200 -48.7600 23 2257 -36.2600 -61.6900 39 14 389.9900 453.7700 51 10313 6.5500 -452.9900 22 27906 452.1700 -239.9100
4.1125839341e+00 8.3340766093e-01 4.3830352930e+00
111 95 71
2 11 1256 859.6799 92.9900 34 1110 926.0200 -227.7200
