# Bundle file v0.3
90 6071
0 0 0
0 0 0
0 0 0
0 0 0
0 0 0
0 0 0
0 0 0
0 0 0
0 0 0
0 0 0
0 0 0
0 0 0
0 0 0
0 0 0
0 0 0
8.8152773776e+02 -1.0648878315e-01 -1.3084510581e-01
9.4422078989e-01 -3.6113358387e-02 -3.2732693944e-01
3.8176162464e-02 9.9927101702e-01 -1.2313709062e-04
3.2709277057e-01 -1.2379817818e-02 9.4491113844e-01
5.0413622517e+00 -3.3233295307e+00 -1.4555891590e+01
0 0 0
0 0 0
0 0 0
0 0 0
0 0 0
0 0 0
0 0 0
0 0 0
0 0 0
0 0 0
0 0 0
0 0 0
0 0 0
0 0 0
0 0 0
0 0 0
0 0 0
0 0 0
0 0 0
0 0 0
0 0 0
0 0 0
0 0 0
0 0 0
0 0 0
0 0 0
0 0 0
0 0 0
0 0 0
0 0 0
5.8420679895e+02 1.0080742904e-01 -1.0424587152e-01
-9.2243537065e-01 5.2620092807e-03 -3.8611565395e-01
-1.5882753574e-01 -9.1658149153e-01 3.6694983754e-01
-3.5197556855e-01 3.9981330723e-01 8.4632293984e-01
2.7890907699e+00 1.0823237998e+01 1.0668832530e+01
-1.5012568927e+03 6.2552322269e-01 -5.9930433602e-01
9.4039619663e-01 2.7784295309e-02 3.3894398695e-01
-1.3167770703e-01 9.4866355201e-01 2.8757337597e-01
-3.1355378299e-01 -3.1506427603e-01 8.9577816849e-01
-1.3377340724e+00 -1.0008771496e+00 6.2673319881e+00
0 0 0
0 0 0
0 0 0
0 0 0
0 0 0
0 0 0
0 0 0
0 0 0
0 0 0
0 0 0
0 0 0
0 0 0
0 0 0
0 0 0
0 0 0
0 0 0
0 0 0
0 0 0
0 0 0
0 0 0
0 0 0
0 0 0
0 0 0
0 0 0
0 0 0
4.1753522326e+03 2.1280298062e-01 1.1386923736e-01
-8.1568473558e-01 1.0135460413e-01 -5.6954864267e-01
-1.2853698544e-01 -9.9167551022e-01 7.6109007957e-03
-5.6403604097e-01 7.9416161192e-02 8.2192239161e-01
8.4570393422e-01 7.3492321250e+00 1.6965761811e+01
0 0 0
0 0 0
0 0 0
0 0 0
0 0 0
0 0 0
0 0 0
0 0 0
0 0 0
0 0 0
0 0 0
0 0 0
0 0 0
0 0 0
0 0 0
0 0 0
0 0 0
0 0 0
0 0 0
0 0 0
5.8374551942e+04 5.5079648601e-03 8.5551442950e-07
9.4622531417e-01 -5.7633164555e-02 3.1833327374e-01
-1.5702057065e-02 9.7466163666e-01 2.2313256021e-01
-3.2312706515e-01 -2.1613216412e-01 9.2134455412e-01
1.6989587687e+01 -1.1318387642e+01 -2.4232725340e+03
0 0 0
0 0 0
0 0 0
0 0 0
0 0 0
0 0 0
0 0 0
0 0 0
0 0 0
0 0 0
3.0565186294e+03 1.3053722345e+00 2.5047761198e-01
-7.5603759133e-01 4.2761158580e-02 -6.5312988280e-01
-2.9044706350e-01 -9.1615409130e-01 2.7622850014e-01
-5.8655576358e-01 3.9853878645e-01 7.0506678542e-01
-8.6195098845e-01 8.7168580442e+00 1.6659852092e+01
0 0 0
0 0 0
0 0 0
0 0 0
0 0 0
7.0132805281e+02 -4.1766191818e-01 7.2516486247e-01
-9.4778683157e-01 -1.0677020846e-01 -3.0049999082e-01
1.5612005025e-01 -9.7699663374e-01 -1.4527252863e-01
-2.7807670130e-01 -1.8460146329e-01 9.4265351426e-01
-3.8356566714e+00 -3.4360596191e+00 1.1645707454e+01
0 0 0
0 0 0
0 0 0
0 0 0
0 0 0
5.9263669713e+02 7.5167372910e-02 -1.8754344931e-01
-8.9196492495e-01 7.2379084430e-03 -4.5204666278e-01
-1.5557843333e-01 -9.4371915439e-01 2.9187241856e-01
-4.2449254850e-01 3.3066867151e-01 8.4289044718e-01
1.2291609838e+00 8.3136138461e+00 1.0696994393e+01
0 0 0
0 0 0
0 0 0
0 0 0
0 0 0
0 0 0
0 0 0
0 0 0
0 0 0
0 0 0
0 0 0
0 0 0
0 0 0
0 0 0
0 0 0
0 0 0
0 0 0
0 0 0
0 0 0
0 0 0
-5.1069565641e+03 -6.8485489053e-01 1.3634504924e-03
8.8846550877e-01 -7.2803509483e-03 4.5888564612e-01
-1.4426257919e-01 9.4476198266e-01 2.9430104376e-01
-4.3568032772e-01 -3.2767635344e-01 8.3833815339e-01
-1.2614265264e+00 -2.6704337367e+00 2.4388481316e+01
0 0 0
0 0 0
0 0 0
0 0 0
0 0 0
0 0 0
0 0 0
0 0 0
0 0 0
0 0 0
0 0 0
0 0 0
0 0 0
0 0 0
0 0 0
0 0 0
0 0 0
0 0 0
0 0 0
0 0 0
7.1652599222e+04 7.3026051070e-03 3.5182963412e-06
9.1687438598e-01 2.6682280427e-02 3.9828308556e-01
8.9342713265e-02 9.5873405418e-01 -2.6990163568e-01
-3.8904914846e-01 2.8304958800e-01 8.7665482992e-01
-1.4801840109e+00 1.0644736685e-02 -5.2260123330e+01
0 0 0
0 0 0
0 0 0
0 0 0
0 0 0
7.5718875644e+02 -2.2082405985e-01 1.5366302743e-01
-9.5298181880e-01 8.0389135233e-03 -3.0292082945e-01
1.2760055160e-01 -8.9605600353e-01 -4.2520787594e-01
-2.7485223717e-01 -4.4386823991e-01 8.5289931019e-01
9.7680486928e-01 1.3361583404e-01 4.1187327631e+00
0 0 0
0 0 0
0 0 0
0 0 0
0 0 0
0 0 0
0 0 0
0 0 0
0 0 0
0 0 0
0 0 0
0 0 0
0 0 0
0 0 0
0 0 0
0 0 0
0 0 0
0 0 0
0 0 0
0 0 0
0 0 0
0 0 0
0 0 0
0 0 0
0 0 0
0 0 0
0 0 0
0 0 0
0 0 0
0 0 0
0 0 0
0 0 0
0 0 0
0 0 0
0 0 0
0 0 0
0 0 0
0 0 0
0 0 0
0 0 0
7.0084444301e+02 9.0743866587e-03 -1.8709884480e-01
8.4418028364e-01 1.1720964799e-01 5.2308846970e-01
9.2723607054e-03 9.7246451287e-01 -2.3286647361e-01
-5.3597917128e-01 2.0143155071e-01 8.1984855817e-01
-3.0338817970e+00 2.9299380515e+00 -1.2036846420e+01
7.8143295315e+02 1.8770817158e-01 -3.8015734675e-01
9.9729906959e-01 4.2814270428e-02 5.9678338058e-02
-5.7738368451e-02 9.5921342143e-01 2.7672349549e-01
-4.5396548264e-02 -2.7942181446e-01 9.5909467886e-01
-9.8622008317e-01 -1.3608654690e+01 -2.3262622341e+01
5.0897221979e+02 1.6040689089e-01 -4.7316612396e-01
9.9942395857e-01 2.6510618982e-02 -2.1188160004e-02
-2.0892267342e-02 9.7261732718e-01 2.3147148430e-01
2.6744423876e-02 -2.3089547843e-01 9.7261092624e-01
8.8067111639e-01 -1.1949067646e+01 -2.4189510439e+01
0 0 0
0 0 0
0 0 0
0 0 0
0 0 0
6.4509203756e+03 -6.6275718372e-01 -1.1557931008e-01
9.8605267782e-01 5.8659540008e-02 1.5575357116e-01
-1.2447346864e-01 8.8114525126e-01 4.5616817270e-01
-1.1048290442e-01 -4.6919303548e-01 8.7615719097e-01
-7.9720439100e-01 -2.8096000012e+00 -2.5561519685e+01
0 0 0
0 0 0
0 0 0
0 0 0
0 0 0
0 0 0
0 0 0
0 0 0
0 0 0
0 0 0
0 0 0
0 0 0
0 0 0
0 0 0
0 0 0
1.3623017489e+03 -1.7929770242e-01 3.6667145363e-01
9.0932968932e-01 1.4384887070e-01 3.9041902940e-01
-4.3637527342e-02 9.6613195256e-01 -2.5433209875e-01
-4.1378168437e-01 2.1423480727e-01 8.8480967729e-01
-1.1637989590e+00 2.9827878266e+00 -1.2352729033e+01
5.0176502629e+04 4.4027632882e-02 5.5649364753e-05
8.5465252484e-01 3.2849509086e-02 5.1816017942e-01
-6.8252035672e-02 9.9644414079e-01 4.9403784338e-02
-5.1469478471e-01 -7.7588556071e-02 8.5385554666e-01
-3.1659440681e+00 1.7774170495e+01 -8.9070651852e+02
0 0 0
0 0 0
0 0 0
0 0 0
0 0 0
0 0 0
0 0 0
0 0 0
0 0 0
0 0 0
0 0 0
0 0 0
0 0 0
0 0 0
0 0 0
0 0 0
0 0 0
0 0 0
0 0 0
0 0 0
2.6927755507e+02 -1.5814046882e-01 1.4391357892e-02
9.9573513032e-01 3.6124163819e-02 8.4891666433e-02
-3.6278581423e-02 9.9934167733e-01 2.7653525159e-04
-8.4825790720e-02 -3.3551050976e-03 9.9639014874e-01
-5.6047845511e-01 -1.4340300963e+00 -5.2500778395e+00
0 0 0
0 0 0
0 0 0
0 0 0
0 0 0
0 0 0
0 0 0
0 0 0
0 0 0
0 0 0
0 0 0
0 0 0
0 0 0
0 0 0
0 0 0
0 0 0
0 0 0
0 0 0
0 0 0
0 0 0
0 0 0
0 0 0
0 0 0
0 0 0
0 0 0
0 0 0
0 0 0
0 0 0
0 0 0
0 0 0
5.7668621566e+02 1.5487892611e-01 -4.5183832545e-02
9.3444222859e-01 -1.5194034955e-01 3.2207429518e-01
-1.4691942497e-02 8.8719307294e-01 4.6116439385e-01
-3.5581156285e-01 -4.3566338096e-01 8.2679837338e-01
2.8996920595e+00 -1.0158437612e+01 -6.6736976473e+00
2.3851475503e+04 1.3464241573e-02 9.6948732001e-06
9.2871966121e-01 3.0283289473e-01 2.1394398509e-01
-3.6688647754e-01 8.3397966906e-01 4.1215558251e-01
-5.3610665756e-02 -4.6127014804e-01 8.8563860973e-01
-5.1359903512e+00 2.3379556401e+00 -1.2568728146e+02
0 0 0
0 0 0
0 0 0
0 0 0
0 0 0
0 0 0
0 0 0
0 0 0
0 0 0
0 0 0
0 0 0
0 0 0
0 0 0
0 0 0
0 0 0
1.0184862890e+03 1.6330898512e+00 7.3446742250e-01
-9.6670273109e-01 1.0296394476e-01 -2.3427389052e-01
1.0772074729e-01 -6.6669099745e-01 -7.3750888437e-01
-2.3212511778e-01 -7.3818801128e-01 6.3340065496e-01
1.5179938615e-02 7.8064353742e+00 1.1949753662e+01
8.6727979938e+02 -2.0379979833e-01 1.4474825203e-01
9.9864499367e-01 4.6647945664e-02 -2.3068285243e-02
-3.3788807248e-02 9.1835265001e-01 3.9431805276e-01
3.9578947983e-02 -3.9300429946e-01 9.1868445480e-01
3.0382625698e+00 -1.3885599604e+01 -2.5273458259e+01
0 0 0
0 0 0
0 0 0
0 0 0
0 0 0
0 0 0
0 0 0
0 0 0
0 0 0
0 0 0
0 0 0
0 0 0
0 0 0
0 0 0
0 0 0
0 0 0
0 0 0
0 0 0
0 0 0
0 0 0
0 0 0
0 0 0
0 0 0
0 0 0
0 0 0
0 0 0
0 0 0
0 0 0
0 0 0
0 0 0
0 0 0
0 0 0
0 0 0
0 0 0
0 0 0
0 0 0
0 0 0
0 0 0
0 0 0
0 0 0
0 0 0
0 0 0
0 0 0
0 0 0
0 0 0
0 0 0
0 0 0
0 0 0
0 0 0
0 0 0
0 0 0
0 0 0
0 0 0
0 0 0
0 0 0
0 0 0
0 0 0
0 0 0
0 0 0
0 0 0
2.1173675656e+00 -1.1840622657e+00 2.4836206245e+00
170 174 173
11 11 220 279.8800 -315.4800 34 185 348.0200 -654.0000 50 383 -4.7900 75.8800 41 325 214.3300 -61.4100 51 3492 45.4200 -538.3300 3 1112 442.4301 -314.3300 10 2109 3.6100 -614.9800 22 9561 480.6801 -295.6000 27 2386 311.6300 120.1500 29 3776 83.9900 -484.3600 77 1590 180.6700 -506.1300
-5.6013899270e-01 -1.3972097613e+00 1.8597345968e+00
161 161 159
8 11 221 -229.4700 -311.1899 34 24 -171.8900 -640.6500 41 187 -108.7800 -58.3199 51 2459 -54.6400 -534.7700 3 693 258.7000 -312.4200 10 2112 -122.8100 -611.8101 22 5896 414.4500 -295.2500 52 1842 6.4900 -295.5100
3.0598778759e+00 5.3801822105e-01 3.2225056729e+00
73 61 44
3 11 242 525.0601 6.4800 34 98 577.6300 -326.2600 77 1608 226.9000 -446.9600
2.9710641833e+00 8.9933885598e-01 3.2916654924e+00
91 80 57
7 11 413 515.8500 79.7000 34 314 567.5601 -251.3600 50 430 85.6000 199.0000 3 1874 524.9000 -179.8500 27 3656 376.6600 208.3101 77 1613 225.0100 -432.6100 52 2679 98.1100 -247.9100
3.2475963700e+00 5.8186981865e-01 3.4327551103e+00
168 166 154
5 11 608 571.8999 21.1300 34 311 627.0699 -308.7900 50 648 101.3900 176.7200 3 3796 541.2600 -205.9700 27 5318 386.9800 191.3600
-9.0112978635e-01 1.1405558580e+00 1.6069036654e+00
172 166 150
3 11 421 -325.7600 132.5601 34 214 -263.5300 -195.4400 29 2578 -63.8400 -357.5699
-2.3783266561e-02 -9.5130989610e-01 2.0587734537e+00
177 177 175
7 11 574 -126.1801 -240.1600 34 292 -62.2700 -564.7000 64 607 -35.1500 -185.3800 51 4913 -33.7400 -521.1600 59 4815 -121.3400 956.0601 3 1805 296.2700 -287.3900 22 16387 427.6100 -285.5400
2.2115132519e+00 -1.0464348733e-01 2.5645150050e+00
181 181 174
7 11 830 313.5601 -126.5900 34 440 371.1000 -460.6899 50 1036 10.1000 139.2700 58 163 224.1200 260.1600 64 625 152.6200 -134.9700 3 1833 459.4600 -240.8100 10 4381 16.1500 -563.8101
1.9139725914e+00 9.6749160028e-01 2.4359891498e+00
132 127 122
4 11 615 267.2700 75.3400 34 462 311.3000 -264.8800 50 664 -1.5200 211.8500 58 89 206.7700 399.5200
-2.2735853805e+00 -1.3405424583e+00 2.5578279675e+00
168 170 171
2 11 820 -431.5000 -199.2100 34 431 -378.6400 -518.1200
3.7060538663e-01 -1.2652940375e+00 1.9174960807e+00
115 112 103
8 11 1141 -69.6600 -314.9900 34 416 -6.5300 -646.0601 50 978 -114.6900 83.7100 41 1038 -9.0000 -63.1600 59 16896 -106.5800 933.3701 10 14131 -83.6300 -614.7400 22 40402 435.2500 -295.5601 77 4764 115.6700 -506.2400
-2.9759046699e+00 -1.2925503441e+00 2.0765387511e+00
86 77 61
3 11 1176 -592.6700 -210.7900 34 633 -534.7600 -516.6700 22 40460 366.6000 -289.6200
-2.3947942712e+00 -1.3957334433e+00 2.5137645510e+00
106 100 88
3 11 1174 -453.4000 -208.0400 34 628 -400.8800 -529.2900 41 1063 -245.6300 5.9099
2.2298165346e+00 -4.0380153545e-01 2.5796558318e+00
97 89 78
8 11 1189 313.3800 -180.0300 34 635 374.2800 -513.7500 50 1015 8.6700 121.1100 58 275 219.8300 225.7900 64 1276 152.4200 -158.7500 59 17060 4.7000 975.6001 3 4850 460.8400 -262.0100 29 20546 96.6500 -447.5200
-4.0664406248e+00 -5.6896271853e-01 2.3009799889e+00
171 170 165
2 11 841 -743.6100 -56.5900 34 453 -678.5800 -347.0900
7.7661837691e-01 2.7938663183e-01 2.1361029347e+00
30 29 26
6 11 1857 24.2400 -43.1600 34 1054 80.0400 -372.3700 50 1679 -83.0400 176.3800 51 15784 -1.9100 -477.7200 3 4891 352.0699 -208.3900 22 40765 446.9500 -256.4301
-9.7104865553e-03 -1.3947284713e+00 1.8387769526e+00
173 173 171
5 11 1709 -140.7100 -330.1200 34 953 -79.5800 -661.3000 41 1531 -50.8600 -72.6500 22 40384 426.0000 -297.6100 77 6852 102.2400 -508.9700
4.1403751494e-02 -1.3817560675e+00 2.0185855717e+00
79 76 64
6 11 1714 -116.8000 -314.7900 34 956 -53.9600 -644.6801 41 1535 -39.5600 -63.8900 3 5852 298.9200 -315.3700 10 14132 -95.4301 -614.7900 29 20408 -13.1200 -483.5800
-5.1941522525e-01 -1.2348161707e+00 1.7869601320e+00
185 185 183
8 11 569 -229.1801 -293.6801 34 284 -169.8600 -621.2200 41 481 -112.3900 -43.8600 51 4901 -54.9900 -530.9800 59 7257 -153.8700 944.5300 10 6416 -124.9300 -605.5500 22 16345 414.1600 -292.2200 29 8898 -43.2300 -474.6899
-2.3368479872e+00 -2.8510819304e+00 3.0517294131e+00
75 74 71
3 11 1689 -384.0400 -380.5900 34 934 -336.1200 -715.6700 10 14099 -158.2400 -629.1599
1.2621173198e+00 -1.5058589026e+00 2.3950092254e+00
53 48 44
5 11 1703 116.0800 -345.3800 34 945 184.1000 -681.1100 64 1776 63.7400 -230.4500 41 1526 111.8600 -80.5900 10 14115 -36.8101 -622.3899
3.9495087486e-02 4.0486588666e-01 1.9597941477e+00
115 109 98
6 11 1880 -121.1801 -11.2500 34 1070 -63.2000 -337.9301 58 463 -39.6300 367.0900 59 28485 -120.2600 1033.0801 10 14405 -93.7900 -530.8900 29 20716 -11.8700 -400.9100
-4.4450113725e-01 6.7552039163e-01 1.7533582470e+00
83 76 70
7 11 2869 -227.8800 37.9900 34 1659 -169.6000 -288.7400 41 1640 -108.7900 180.3000 51 15910 -53.3300 -457.9700 59 28568 -151.1200 1051.2500 10 14446 -120.1600 -515.9800 77 11324 84.1700 -432.3700
-1.9408728268e-01 6.3868122862e-01 1.9845377338e+00
64 57 48
6 11 2872 -159.2500 39.6400 34 1658 -102.1500 -288.5699 58 476 -62.7000 405.2800 10 14451 -103.0600 -515.7100 27 11832 210.5601 212.2500 29 20759 -22.0300 -386.3101
8.8165346756e-01 5.2109499176e+00 4.0016835693e+00
85 72 55
5 11 2288 214.8400 1087.0300 34 1386 257.3700 647.5601 71 1704 450.2400 -398.6700 25 2554 640.3701 -770.5500 27 12447 320.7600 451.1000
7.0324858904e-01 5.2803048374e+00 3.9621496790e+00
96 78 65
5 11 2293 175.6899 1104.2000 34 2071 222.4900 662.6600 71 1705 428.0400 -393.5900 25 2557 608.3401 -757.4200 27 12454 311.0800 456.3600
-1.0890787706e-02 -1.2740069842e+00 1.7930298853e+00
96 88 73
8 11 2625 -145.8400 -313.4100 34 1456 -84.0700 -643.6700 41 3254 -54.0600 -62.3700 59 27922 -127.6800 934.2100 10 21948 -102.3000 -613.9600 27 37441 214.9700 120.6899 29 32842 -19.6600 -483.0400 77 11133 101.4700 -506.0000
-2.0789741942e+00 -1.8974590749e+00 2.5190907743e+00
111 100 91
5 11 2639 -402.2400 -291.4700 34 1473 -350.5900 -617.4800 41 2286 -211.5400 -48.5800 10 21979 -163.7800 -606.5300 29 49751 -81.5500 -475.3900
4.9870581846e-02 -1.0778755055e+00 1.8315934702e+00
99 88 70
7 11 1730 -132.5500 -280.1300 34 967 -70.5900 -607.8900 50 2420 -135.2800 96.8900 59 27972 -124.3900 943.6499 10 21980 -98.3600 -606.2300 29 32885 -18.2600 -474.5699 77 11155 104.5700 -499.7200
7.6903428640e-01 -2.4733572802e-01 2.1873051470e+00
116 112 102
6 11 2749 23.3400 -134.1899 34 1561 83.4900 -462.3101 50 2514 -83.1300 143.7500 64 2886 28.5100 -139.3800 10 22166 -59.1899 -565.5500 29 33099 22.8300 -434.7600
8.3848228449e-01 7.3354869910e-02 2.1337347863e+00
186 181 175
8 11 2784 33.3101 -82.3199 34 1587 90.1000 -411.8800 50 3686 -80.3700 162.3600 41 2401 63.3900 97.7400 51 26827 -0.0800 -485.4500 59 47175 -75.3101 1008.7700 10 22254 -54.5100 -549.7200 77 11283 134.9700 -456.8400
1.4855042175e-01 4.0663525225e+00 3.1052930502e+00
185 179 172
5 11 2236 -4.6899 805.9800 34 2006 53.6100 410.1899 17 2838 135.1899 -708.5000 76 639 36.1200 -294.6100 41 1861 11.6800 691.3201
4.6782759510e-01 3.9856480517e+00 3.1645641494e+00
199 196 188
5 11 7185 61.7100 788.5601 34 4291 115.2200 394.9800 54 4285 102.4399 542.1200 17 6438 199.6300 -726.6899 41 2739 56.5000 672.4000
1.7483556567e+00 4.9273554214e+00 4.2284580636e+00
180 180 182
5 11 10592 407.6200 1015.7500 34 6528 436.2600 585.0500 71 4857 559.0300 -418.2900 25 8495 802.2300 -826.3300 27 40896 368.3700 428.2300
-4.6688680266e+00 2.5686184168e+00 2.7301165013e+00
166 163 158
2 11 56 -865.3500 522.6500 34 14 -755.4700 219.9400
3.3825985586e+00 3.2625211394e+00 4.4278708784e+00
161 153 149
2 11 58 720.7700 609.0100 34 59 735.3800 243.8600
-3.2719212286e+00 3.7392980314e+00 2.9294307124e+00
173 167 156
2 11 61 -650.2800 749.8800 34 18 -532.7900 409.4399
6.9760633093e-01 2.2798336890e-01 2.0972855064e+00
112 107 102
2 11 103 7.3400 -53.5900 34 32 62.4800 -381.3600
2.9431668692e+00 2.3372546406e-01 3.1195927177e+00
189 182 172
2 11 104 489.5000 -51.5900 34 30 547.8000 -386.2100
-2.1979059675e+00 1.9172352298e-01 1.8295784676e+00
161 159 146
2 11 106 -516.0100 2.1899 34 36 -451.1700 -311.4800
-4.5332873314e+00 1.4698220303e+00 2.5314311438e+00
182 178 175
2 11 120 -837.7700 307.2200 34 43 -744.1300 20.2800
3.5280028759e+00 2.4150459627e+00 4.2014419246e+00
189 186 181
3 11 128 710.9600 418.2600 34 46 743.8199 69.0100 54 45 945.4399 213.8500
-5.0585920523e+00 2.2416938703e+00 2.7812895970e+00
183 182 178
2 11 132 -910.4000 460.4399 34 52 -797.2600 179.0800
-2.6061445476e+00 2.6314877820e+00 2.4405488740e+00
141 140 137
2 11 134 -565.4700 499.5500 34 50 -472.1200 172.1600
-3.3266297788e+00 2.8626106570e+00 2.6532781970e+00
186 185 180
2 11 142 -669.7800 560.4900 34 58 -563.3200 241.1700
3.0365968388e+00 3.6203733081e+00 4.3504684543e+00
211 203 189
2 11 147 654.8899 693.7400 34 153 670.5100 314.7800
3.0365968388e+00 3.6203733081e+00 4.3504684543e+00
211 203 189
2 11 148 654.8899 693.7400 34 154 670.5100 314.7800
-2.6524194058e+00 3.8170659249e+00 2.8957911473e+00
135 128 113
3 11 149 -550.4900 761.2100 34 67 -437.1100 409.4200 17 115 -350.3000 -778.9900
-1.4871598858e+00 4.0939813300e+00 2.9855315636e+00
154 147 136
2 11 151 -334.6400 820.3400 34 163 -241.5700 443.4800
3.5249166410e+00 8.9069470489e-01 3.7159320049e+00
194 188 172
3 11 252 647.3701 86.6899 34 101 699.6100 -241.1800 50 268 128.4500 193.6300
3.9361390370e+00 9.5520999164e-01 4.1647149007e+00
182 177 174
2 11 254 744.7100 113.1300 34 39 802.0300 -213.8200
-4.1977480933e+00 5.3435761839e-01 2.3022069073e+00
183 179 170
2 11 256 -790.5700 127.9000 34 108 -709.4000 -159.6900
-4.2807407117e+00 4.9304531799e-01 2.3948685525e+00
183 179 170
3 11 257 -790.5700 127.9000 34 109 -709.4000 -159.6900 64 261 -309.5900 -56.3400
-1.5199004556e+00 1.0647240907e+00 1.7041879243e+00
70 58 46
2 11 258 -426.2300 139.4299 34 105 -359.4700 -184.4900
3.6526618564e+00 1.1815912844e+00 3.8236835200e+00
65 57 44
3 11 259 689.4600 147.4900 34 102 735.7000 -187.3000 54 110 948.1201 -130.9800
3.6526618564e+00 1.1815912844e+00 3.8236835200e+00
65 57 44
3 11 260 689.4600 147.4900 34 103 735.7000 -187.3000 54 111 948.1201 -130.9800
1.1344118127e+00 1.4051186989e+00 2.2027011080e+00
185 174 152
2 11 263 105.4301 165.7600 34 106 150.1700 -172.5500
1.1395065822e+00 1.4117245878e+00 2.1800231801e+00
185 174 152
3 11 264 105.4301 165.7600 34 107 150.1700 -172.5500 50 282 -54.5100 251.9500
3.1361216651e+00 1.5391231946e+00 3.5762608972e+00
164 160 151
2 11 268 580.4299 216.6100 34 110 624.1600 -121.1100
3.1361216651e+00 1.5391231946e+00 3.5762608972e+00
164 160 151
2 11 269 580.4299 216.6100 34 111 624.1600 -121.1100
1.9803388673e+00 1.7317854250e+00 2.6694232751e+00
68 55 39
4 11 270 305.6500 238.2500 34 113 344.5200 -107.3100 54 115 444.9200 -83.3000 50 288 17.4900 266.8200
2.6709990985e+00 2.1496811276e+00 3.4297516294e+00
156 152 143
4 11 278 494.1899 344.6100 34 121 529.9500 -2.5200 54 124 672.1100 84.7600 50 293 88.3300 290.9900
7.7442629736e-01 2.2337659089e+00 2.1633436142e+00
173 162 144
3 11 279 38.8101 349.6300 34 120 82.1200 -8.4300 54 119 113.4100 13.4900
-3.0657038056e+00 2.1267603479e+00 2.3063127989e+00
159 157 151
3 11 282 -648.9700 398.5901 34 125 -555.0300 89.4500 64 287 -257.8400 62.0900
2.3849229003e+00 2.4852272022e+00 3.3466464525e+00
185 177 165
2 11 284 441.1000 418.3401 34 124 475.1801 64.4500
-3.9357254342e+00 2.2878411819e+00 2.5857237496e+00
174 173 168
2 11 285 -761.5100 452.4399 34 131 -658.3000 149.8600
-1.4951412399e+00 2.6109381361e+00 2.2732809062e+00
144 134 125
2 11 286 -387.2700 473.1100 34 129 -304.8300 133.0100
-1.4951412399e+00 2.6109381361e+00 2.2732809062e+00
144 134 125
2 11 287 -387.2700 473.1100 34 130 -304.8300 133.0100
2.3277440280e+00 2.7992603045e+00 3.4400269868e+00
87 75 66
2 11 289 441.2400 493.4299 34 240 474.0800 129.7200
-2.1592203139e+00 2.7420652710e+00 2.4394759117e+00
58 49 39
2 11 290 -491.1800 514.6500 34 137 -398.7100 182.3700
-2.1592203139e+00 2.7420652710e+00 2.4394759117e+00
58 49 39
2 11 291 -491.1800 514.6500 34 138 -398.7100 182.3700
-1.5550506225e+00 3.1771509448e+00 2.5215795619e+00
59 48 31
2 11 297 -382.4600 604.5801 34 143 -292.7000 252.6200
6.4904782117e-01 3.5609387797e+00 2.9562800294e+00
150 143 115
2 11 304 80.0500 677.9700 34 151 130.0000 294.3400
9.5692190783e-01 3.8105919981e+00 3.2505253119e+00
154 151 134
3 11 308 164.7300 738.7600 34 157 209.0000 349.2100 54 147 230.8300 499.3201
-1.1002148503e+00 4.0129245174e+00 2.9378977149e+00
86 72 57
2 11 315 -266.3500 799.3700 34 162 -179.6800 418.5900
3.1326852557e-01 4.4928773961e+00 3.4431460860e+00
194 185 181
3 11 318 54.5300 910.5400 34 268 109.5699 502.1200 25 428 524.8400 -903.7400
-1.3264585478e+00 4.4703572316e+00 3.1699866575e+00
89 75 70
2 11 319 -290.1801 910.2500 34 170 -198.7800 518.4299
1.6729306670e+00 2.3293725530e-01 2.3755750212e+00
194 190 183
5 11 393 206.2000 -61.3199 34 200 260.4200 -393.9100 50 418 -23.7400 165.3500 58 58 161.5900 310.9600 64 415 108.7900 -105.0300
-2.9455396864e+00 -3.2673628425e-01 2.1137268746e+00
89 78 67
2 11 398 -596.5900 -53.3600 34 202 -533.6400 -356.1500
-5.8788453709e+00 -9.1871863224e-01 2.6077502652e+00
190 187 178
2 11 399 -955.3800 -54.7500 34 206 -893.5200 -325.8900
-5.8788453709e+00 -9.1871863224e-01 2.6077502652e+00
190 187 178
2 11 400 -955.3800 -54.7500 34 207 -893.5200 -325.8900
-3.8300020883e+00 -1.9487924399e-01 2.2417203730e+00
169 163 141
4 11 406 -724.0000 -3.9000 34 210 -654.5900 -295.8700 64 416 -282.4300 -104.9300 22 16537 347.8000 -266.4000
-3.8446664116e+00 -2.0073511413e-01 2.2552837770e+00
169 163 141
3 11 407 -724.0000 -3.9000 34 211 -654.5900 -295.8700 64 417 -282.4300 -104.9300
4.3845169422e-01 5.9369213312e-01 2.0877119075e+00
173 172 168
5 11 408 -39.6700 19.6700 34 208 18.8800 -309.0601 50 434 -102.7000 202.0400 64 430 4.0500 -70.0700 59 3240 -95.9399 1044.8799
3.1551069507e+00 8.0731740421e-01 3.4021653242e+00
170 166 155
3 11 410 557.4500 64.9000 34 212 609.6700 -267.8400 50 428 98.3000 190.7900
-2.7792519767e+00 4.8116860687e-01 1.9818338567e+00
179 174 155
2 11 416 -601.2600 73.5699 34 320 -528.7200 -231.3800
7.9982907939e-01 1.0503450586e+00 2.1268025849e+00
179 175 164
2 11 417 32.3500 99.8600 34 213 83.8199 -233.9600
-9.3571907620e-01 1.1154359661e+00 1.6665082030e+00
172 166 150
2 11 422 -325.7600 132.5601 34 215 -263.5300 -195.4400
3.7571295214e+00 1.3805576753e+00 4.0358240857e+00
186 182 173
3 11 426 721.2100 191.5200 34 221 767.5400 -136.5700 50 437 156.5200 224.0300
2.8037592285e+00 1.4486958663e+00 3.2183534967e+00
166 158 146
2 11 427 496.2800 188.5400 34 218 537.1899 -150.2300
-2.3658013454e+00 1.2200105608e+00 1.9743740702e+00
175 167 153
2 11 428 -546.6000 199.7600 34 225 -471.0100 -114.4500
2.4337414707e+00 1.9446677247e+00 3.1133410636e+00
165 159 145
2 11 437 427.1300 293.2300 34 230 464.2100 -53.1300
1.8888443964e+00 1.9698765535e+00 2.7432716648e+00
150 147 140
2 11 438 296.4399 292.7400 34 231 335.1100 -55.0900
-5.0190070307e-01 2.5360200885e+00 2.0872100285e+00
146 135 109
2 11 449 -217.6801 437.3201 34 350 -153.7300 82.4200
-1.3066406792e+00 2.4665465516e+00 2.1949123662e+00
155 149 137
2 11 450 -357.3600 436.8301 34 351 -281.2300 96.8800
8.9632757067e-01 2.6761075954e+00 2.5140919159e+00
120 113 98
2 11 454 92.1801 456.6899 34 237 135.1801 94.8600
-1.8228283405e+00 2.5888539417e+00 2.2861793748e+00
187 186 181
3 11 459 -444.8500 471.8101 34 244 -359.7500 139.2400 64 294 -175.3600 107.8200
-1.0850485732e+00 2.6957756778e+00 2.2541865947e+00
153 144 124
2 11 463 -313.7600 485.2800 34 354 -238.8200 137.2000
-1.0850485732e+00 2.6957756778e+00 2.2541865947e+00
153 144 124
2 11 464 -313.7600 485.2800 34 355 -238.8200 137.2000
1.4640170177e+00 2.8173757162e+00 2.8916962835e+00
140 133 123
2 11 466 232.9301 492.0500 34 241 272.1100 126.8800
1.4640170177e+00 2.8173757162e+00 2.8916962835e+00
140 133 123
2 11 468 232.9301 492.0500 34 242 272.1100 126.8800
1.2203210419e+00 2.9352497023e+00 2.8287805896e+00
142 133 118
2 11 470 181.7500 520.0500 34 357 221.5699 153.3100
9.5540566199e-01 3.1222099179e+00 2.7753176876e+00
139 132 122
2 11 472 125.8700 567.4099 34 245 169.8900 192.8200
1.3093836959e+00 3.2970428963e+00 3.1123283230e+00
183 177 168
2 11 475 221.3199 610.6599 34 248 263.6600 234.3800
8.4676794130e-01 3.3230063272e+00 2.8941272887e+00
77 64 55
2 11 477 112.8700 617.8500 34 250 161.2200 240.1000
-4.2898246720e-01 3.2957002385e+00 2.5249626610e+00
75 60 45
3 11 480 -168.3600 620.0100 34 253 -100.6800 250.5300 54 258 -165.0900 335.1100
-3.4319118976e-02 -9.6400388771e-01 2.0796316719e+00
177 177 175
3 11 573 -126.1801 -240.1600 34 291 -62.2700 -564.7000 64 606 -35.1500 -185.3800
8.0289593769e-01 -5.3246108216e-01 2.1842235879e+00
181 182 179
5 11 580 24.3500 -187.5000 34 195 90.7200 -514.0800 50 406 -82.3800 125.6200 58 57 47.7800 239.5000 64 399 26.3700 -163.4100
1.0694537908e+00 -4.5353850548e-01 2.2411441875e+00
171 172 166
2 11 581 77.7800 -176.7200 34 294 140.8300 -503.9200
-3.9164553344e+00 -1.2675216271e+00 2.3385744202e+00
148 148 148
2 11 583 -703.6200 -167.9100 34 300 -645.0400 -460.6400
-3.2790628024e+00 -9.2767438605e-01 2.1665420679e+00
189 186 181
2 11 590 -634.1500 -138.5300 34 198 -572.4300 -441.6200
-4.1293959526e+00 -9.1610124803e-01 2.3067949327e+00
176 174 161
2 11 593 -745.7300 -108.3600 34 305 -683.1700 -401.7300
-5.4376709516e+00 -9.0291987248e-01 2.5506182378e+00
186 187 190
2 11 600 -903.2300 -68.3900 34 310 -839.8500 -337.3600
-4.6304408916e+00 -1.2032801906e-01 2.3909254987e+00
167 164 155
2 11 609 -827.1600 31.7800 34 315 -755.0500 -250.0700
-4.6304408916e+00 -1.2032801906e-01 2.3909254987e+00
167 164 155
2 11 610 -827.1600 31.7800 34 316 -755.0500 -250.0700
-1.8431072463e+00 6.4741259532e-01 1.7801483361e+00
111 102 88
2 11 613 -468.0000 71.8500 34 317 -402.0400 -244.6900
-1.9148034703e+00 9.2466718126e-01 1.8643095642e+00
146 140 126
2 11 620 -475.2900 128.4800 34 321 -406.8300 -187.2500
2.7903290982e+00 1.2138294709e+00 3.2049520928e+00
77 61 53
4 11 622 484.2900 141.6300 34 476 531.3199 -193.1000 54 323 684.7000 -170.7100 50 669 76.4600 221.9700
3.3670044606e+00 1.2129179113e+00 3.6499276749e+00
184 178 166
3 11 623 622.5701 149.5300 34 322 668.4800 -181.4100 54 324 864.4900 -135.8500
-3.2686506376e+00 8.3882363315e-01 2.1660047781e+00
182 175 165
2 11 626 -667.0900 155.3101 34 327 -587.8400 -142.5400
9.0304133900e-01 1.3999917354e+00 2.0927822946e+00
177 171 166
3 11 627 50.6700 165.0901 34 323 101.1899 -174.1600 51 3588 5.1700 -429.7300
-1.8214634255e+00 1.1310154196e+00 1.8480367078e+00
157 147 127
2 11 628 -465.3400 164.4299 34 325 -393.8300 -153.5900
2.6046964315e+00 1.4920673753e+00 3.1340983138e+00
104 88 72
4 11 629 450.8700 197.3201 34 328 492.3600 -142.4000 54 327 633.1700 -104.3300 50 445 66.5700 242.2400
-4.8582953342e+00 1.0160183009e+00 2.5557889501e+00
171 166 159
3 11 632 -870.5100 234.0601 34 336 -782.3200 -46.0900 64 660 -342.9600 -19.8200
2.2337128695e+00 2.0023530651e+00 2.9730092543e+00
100 85 63
2 11 644 380.4200 303.5300 34 334 417.0200 -45.1500
2.2337128695e+00 2.0023530651e+00 2.9730092543e+00
100 85 63
2 11 645 380.4200 303.5300 34 335 417.0200 -45.1500
3.7999084202e+00 2.1453925417e+00 4.3071694694e+00
163 156 148
3 11 655 764.0701 358.7900 34 341 800.0900 17.7400 50 691 178.7200 277.9900
1.4134955107e+00 2.3260477201e+00 2.5656809193e+00
87 74 58
2 11 657 194.8800 373.0000 34 343 235.2000 14.8600
-2.1797235164e+00 2.3126486683e+00 2.2232970979e+00
174 164 137
3 11 662 -510.5100 418.7300 34 352 -422.2200 94.0400 64 690 -201.7300 82.0400
-6.0501408566e+00 2.2937021930e+00 2.8635684286e+00
191 194 200
2 11 669 -1041.6100 486.3201 34 363 -927.5900 210.1600
4.3879335343e+00 2.7333905106e+00 5.0234686438e+00
129 117 105
2 11 670 924.4399 496.3800 34 356 949.1500 147.2100
-1.8929678348e+00 3.1068451600e+00 2.5733223064e+00
187 187 187
2 11 673 -436.2600 592.2500 34 369 -343.6600 249.9000
2.2803938659e+00 3.3091219210e+00 3.7235584496e+00
74 62 50
2 11 676 457.1801 615.9299 34 368 488.1300 243.3900
1.0376036443e+00 3.3967355666e+00 3.0265994363e+00
168 158 133
2 11 677 162.3700 635.4299 34 370 206.3600 256.6100
1.0376036443e+00 3.3967355666e+00 3.0265994363e+00
168 158 133
2 11 678 162.3700 635.4299 34 371 206.3600 256.6100
-4.5890588911e+00 3.4730525488e+00 2.9690080573e+00
164 156 143
2 11 685 -851.3700 701.4399 34 556 -722.7800 388.1799
-1.1838646386e+00 3.7639184231e+00 2.8032992359e+00
172 161 147
2 11 689 -290.8700 739.9299 34 551 -207.7500 367.5400
-3.8055159559e-02 4.5877731196e+00 3.3563209025e+00
143 131 117
3 11 700 -22.2000 939.0901 34 571 41.5500 525.9399 17 741 117.7500 -592.3500
1.7199692848e+00 4.8108370552e+00 4.1656259593e+00
121 112 98
2 11 704 396.0699 986.8201 34 394 423.6300 561.8101
-6.4564949860e+00 -3.8549871992e+00 3.0913494790e+00
42 38 35
2 11 789 -904.4700 -405.1700 34 278 -879.2000 -711.0200
-6.3757030049e+00 -3.1123101010e+00 2.8539352808e+00
163 166 170
2 11 804 -937.6600 -333.6500 34 285 -902.7200 -621.1000
8.3610268564e-01 -9.2969537649e-01 2.0909456865e+00
182 181 177
3 11 810 23.9301 -261.1801 34 286 86.5300 -591.3500 50 613 -83.1200 98.8400
-2.3165453209e+00 -1.7239694124e+00 2.6077607465e+00
172 173 168
2 11 811 -430.9800 -253.0200 34 289 -377.5900 -573.6400
-3.2329513649e+00 -1.7235533603e+00 2.4327999403e+00
184 176 163
2 11 813 -585.0900 -242.5500 34 426 -531.2800 -553.9200
-1.9369888585e+00 -1.1933593813e+00 2.5045180573e+00
167 168 163
2 11 822 -387.4700 -187.5100 34 432 -332.3800 -510.6500
1.6889806811e+00 -4.2924981837e-01 2.4176259556e+00
183 182 178
3 11 824 201.9100 -179.8800 34 433 264.2700 -509.0500 50 1019 -24.7000 123.7900
1.2618897980e+00 -2.8846877863e-01 2.3001379676e+00
137 133 123
4 11 827 116.5000 -148.8700 34 435 180.0300 -478.7600 50 1028 -51.9500 135.4000 58 162 105.5000 257.3400
1.1235781968e+00 -1.3764140579e-01 2.2496710080e+00
200 200 197
4 11 836 90.6400 -120.4900 34 663 152.4200 -451.3199 50 1044 -61.7600 146.8500 58 174 88.2800 278.1400
8.8232212214e-01 -1.5450066638e-01 2.2110274335e+00
193 193 191
3 11 837 45.8600 -119.2400 34 442 105.9000 -448.4600 64 626 37.3900 -132.7200
-4.2646220120e+00 -5.7297461499e-01 2.3061076143e+00
134 126 123
2 11 842 -773.6200 -54.2100 34 455 -705.9100 -339.2800
3.2553471860e+00 2.4270147354e-01 3.3760063597e+00
110 101 94
3 11 843 562.3301 -45.9500 34 449 622.5400 -374.2900 50 1050 95.9300 155.0300
-3.1777884312e+00 -3.0390840959e-01 2.0976619648e+00
172 166 152
2 11 844 -636.4800 -44.4700 34 452 -570.8800 -346.1801
4.4690940227e-01 3.9397376025e-01 2.0109817497e+00
173 168 161
5 11 846 -45.6600 -20.4301 34 451 10.6700 -349.8400 50 653 -106.0100 186.7300 58 179 8.8400 357.4600 39 9 -366.3800 -162.1500
-1.3106974399e+00 4.3762487457e-01 1.5545504585e+00
179 170 154
3 11 849 -396.4800 7.5400 34 460 -336.6400 -314.2200 50 663 -228.8600 209.0000
-2.9813750140e+00 1.0962775097e-01 2.0603250084e+00
167 164 156
2 11 850 -616.9900 17.5800 34 461 -548.6500 -284.2600
-3.7209659242e+00 4.2735013057e-02 2.2180489416e+00
178 174 162
2 11 853 -714.0500 30.8800 34 463 -643.2500 -262.2000
2.6769342788e+00 9.4360285074e-01 2.9476594434e+00
163 154 137
2 11 861 445.9200 80.0300 34 697 491.8000 -260.1400
-1.1432476129e+00 8.4080149517e-01 1.6065249009e+00
153 153 146
2 11 862 -365.7100 82.1500 34 468 -304.8300 -243.2900
2.0446120784e+00 1.0401673982e+00 2.4783170785e+00
180 179 175
3 11 864 297.5699 89.6600 34 465 338.6000 -253.6500 50 1099 8.5900 215.2400
-2.2907860899e+00 1.3634431693e+00 2.0253652050e+00
164 161 146
2 11 885 -531.1100 226.2400 34 482 -453.6300 -87.1400
3.4146645531e+00 1.6621527300e+00 3.8988822069e+00
209 209 211
2 11 890 652.6201 248.6100 34 483 696.9200 -85.2900
3.4146645531e+00 1.6621527300e+00 3.8988822069e+00
209 209 211
2 11 891 652.6201 248.6100 34 484 696.9200 -85.2900
-1.8174432700e+00 1.7444718594e+00 2.0306145841e+00
76 55 39
2 11 897 -454.8500 291.1100 34 488 -378.6600 -31.5100
1.6952088401e+00 2.0525818796e+00 2.6649821776e+00
86 73 56
4 11 900 254.4800 310.4900 34 487 293.2700 -42.1300 54 486 371.8900 2.5000 50 697 2.5200 296.1600
-1.2273293937e+00 1.9117618638e+00 1.9854837773e+00
136 123 104
2 11 901 -356.3900 311.5000 34 492 -285.1400 -20.1400
-1.2273293937e+00 1.9117618638e+00 1.9854837773e+00
136 123 104
2 11 902 -356.3900 311.5000 34 493 -285.1400 -20.1400
1.4883291330e+00 2.1444758217e+00 2.5610414211e+00
150 143 127
2 11 907 207.1200 330.7300 34 758 247.6100 -21.8400
1.4883291330e+00 2.1444758217e+00 2.5610414211e+00
150 143 127
2 11 908 207.1200 330.7300 34 759 247.6100 -21.8400
-4.1959299254e+00 1.6785546937e+00 2.5109803274e+00
62 52 43
2 11 911 -794.7000 338.1400 34 503 -698.5100 47.1200
-7.7581766704e-01 2.1644420434e+00 1.9930188459e+00
82 66 48
2 11 914 -274.5200 356.7900 34 497 -209.3900 14.4900
1.9929574246e+00 2.2596502890e+00 2.9569911097e+00
101 88 69
3 11 915 334.5100 361.4800 34 496 372.1000 8.1300 50 699 33.8900 307.8700
1.5898125069e+00 2.3091920292e+00 2.6343997529e+00
131 119 102
2 11 916 235.8400 368.7800 34 773 272.6300 11.2000
4.1167598565e+00 2.2315006425e+00 4.7113462061e+00
76 63 59
2 11 923 839.8101 384.7600 34 779 878.7900 45.9800
1.1883216969e+00 2.3752552568e+00 2.5041733281e+00
165 158 151
2 11 924 146.4600 384.1300 34 499 187.9399 27.9100
-5.3862495369e-01 2.3592041716e+00 2.0551399742e+00
81 64 49
2 11 929 -225.6200 396.7300 34 502 -162.9400 48.1400
1.7912175720e+00 2.4645833522e+00 2.9109152917e+00
110 94 78
2 11 933 295.2400 408.0000 34 504 332.3000 51.8100
-4.8308455560e+00 2.1195490159e+00 2.7350358475e+00
182 180 181
2 11 936 -876.6400 434.9299 34 518 -770.5500 149.5200
1.5430838313e+00 2.6504537305e+00 2.8402860003e+00
99 83 64
2 11 939 243.6801 451.3401 34 509 281.6500 90.0900
-4.1085033534e-01 2.6085060296e+00 2.1451340929e+00
150 136 119
3 11 940 -197.5100 451.4299 34 789 -131.6700 98.8200 54 794 -184.1000 134.5100
-1.7833473163e+00 2.5379738175e+00 2.3183533984e+00
184 184 176
2 11 942 -433.6600 462.0400 34 515 -347.2200 129.4300
1.3187632285e+00 2.7950091684e+00 2.7871483745e+00
93 79 66
2 11 947 197.0000 485.8401 34 512 236.2700 121.1300
-2.0658757406e+00 2.7250286335e+00 2.3434725665e+00
65 53 42
3 11 955 -485.7900 506.6000 34 525 -394.7300 174.0100 64 1013 -193.2500 119.0700
-1.1050339251e+00 2.9001542832e+00 2.3992154760e+00
99 86 69
2 11 964 -306.4200 532.9800 34 823 -227.8300 183.7400
-1.6922020279e+00 3.0851073655e+00 2.5413660204e+00
109 94 76
2 11 970 -403.4200 584.3700 34 534 -312.9800 239.7200
6.8784328550e-01 3.3324665356e+00 2.8188429318e+00
75 58 42
2 11 976 76.4301 620.5800 34 536 124.9200 242.6100
6.8784328550e-01 3.3324665356e+00 2.8188429318e+00
75 58 42
2 11 977 76.4301 620.5800 34 537 124.9200 242.6100
-1.1379774512e+00 3.4759611089e+00 2.6371048636e+00
105 91 78
4 11 981 -299.3500 667.4299 34 543 -213.9700 304.9200 17 711 -130.9301 -854.5601 64 1040 -116.7900 197.7600
3.6057321538e+00 3.5490293212e+00 4.7246914169e+00
162 153 132
2 11 982 784.0300 678.6100 34 542 797.9301 303.6100
4.1349482634e-01 3.5877699327e+00 2.8607952305e+00
162 153 142
3 11 983 25.1000 686.1200 34 847 79.6899 301.8300 54 853 69.2400 415.9900
3.0475262076e+00 3.6489114957e+00 4.3811657813e+00
207 199 176
2 11 984 658.1201 701.1400 34 849 675.4200 320.5100
-1.9688766491e+00 3.7020592314e+00 2.8231141725e+00
197 195 189
2 11 989 -434.6100 730.7200 34 552 -334.5400 373.1899
-4.3346955175e+00 3.6519758370e+00 2.9917069085e+00
140 132 121
2 11 991 -814.0700 737.1000 34 561 -684.6600 415.8900
8.7211879280e-01 3.8175798148e+00 3.2081840209e+00
183 182 174
3 11 992 145.6700 741.5500 34 549 192.2900 350.9000 54 543 204.6899 497.2100
1.8996815416e+00 4.0608613841e+00 3.9163236831e+00
88 79 62
3 11 1001 404.3600 799.5500 34 559 433.5400 403.8201 54 556 508.2000 611.4700
-1.3968042403e+00 4.0259795431e+00 2.9652161337e+00
169 163 163
3 11 1002 -318.7900 802.0300 34 870 -226.3500 427.8000 17 724 -146.2800 -727.8600
-3.7742902737e+00 4.0770214003e+00 3.0635752868e+00
64 55 48
3 11 1003 -726.8900 825.3201 34 566 -596.2000 484.1500 17 1133 -498.8200 -732.4399
2.9209673595e+00 4.2256789900e+00 4.5468258041e+00
216 220 223
2 11 1006 654.7200 839.6100 34 873 666.2700 439.5100
1.7409641282e+00 4.2902390892e+00 3.9505887854e+00
173 168 164
2 11 1010 377.3101 856.8101 34 876 410.4800 453.4299
2.5745120101e+00 4.3468445581e+00 4.3807026034e+00
147 137 127
3 11 1012 577.8401 869.9700 34 879 593.3101 463.8700 71 730 674.0800 -480.6899
-2.6650078082e+00 4.5573057458e+00 3.1851505668e+00
185 181 169
2 11 1020 -534.7800 931.8301 34 890 -415.8200 557.5300
-2.6650078082e+00 4.5573057458e+00 3.1851505668e+00
185 181 169
2 11 1021 -534.7800 931.8301 34 891 -415.8200 557.5300
-2.5831264143e-03 5.1656429969e+00 3.6159479361e+00
193 189 185
4 11 1032 7.7500 1084.4600 34 1387 70.6899 647.0900 17 1157 142.6899 -467.4399 71 742 342.1300 -414.5400
-5.4760432000e+00 -3.1807289207e+00 2.8456656746e+00
153 154 158
2 11 1133 -824.5200 -363.9600 34 415 -787.1900 -664.4700
1.5932275756e+00 -1.2085682391e+00 2.4116261691e+00
96 92 83
2 11 1143 176.4200 -308.7900 34 602 244.7200 -644.7000
1.4061249105e+00 -1.1171738487e+00 2.3685981423e+00
189 191 190
4 11 1144 142.2700 -290.7700 34 419 208.7500 -624.7100 50 983 -47.0100 87.6400 64 844 75.2200 -206.6800
-3.8155642316e+00 -2.0623676202e+00 2.5622628483e+00
179 179 171
2 11 1146 -649.9800 -269.8800 34 614 -600.2600 -576.4200
-3.8155642316e+00 -2.0623676202e+00 2.5622628483e+00
179 179 171
2 11 1147 -649.9800 -269.8800 34 615 -600.2600 -576.4200
2.2064498934e+00 -8.6083421823e-01 2.5982858094e+00
186 185 181
2 11 1152 304.2600 -258.2200 34 612 369.2100 -592.7100
1.2384005267e+00 -9.2276282184e-01 2.3190500136e+00
191 190 185
6 11 1153 111.6899 -256.6400 34 613 177.5500 -586.8101 50 2425 -56.3000 100.3900 64 1841 60.6300 -192.4700 51 15479 12.1000 -526.0200 59 16961 -57.4600 950.4299
1.8971136031e+00 -7.1212223805e-01 2.5135704751e+00
158 151 145
4 11 1164 242.5800 -227.8700 34 425 309.7400 -560.8600 50 1003 -12.6000 106.0700 64 1250 119.1400 -180.4600
8.5354868168e-01 -7.7147111456e-01 2.2398178574e+00
99 96 88
3 11 1166 37.3300 -224.2700 34 619 102.8400 -551.6801 51 10102 -1.5300 -519.6700
-3.1172928327e+00 -1.3980787180e+00 2.2534211970e+00
86 77 61
2 11 1175 -592.6700 -210.7900 34 632 -534.7600 -516.6700
3.4819851540e+00 -5.6470629837e-01 3.5801737570e+00
85 82 77
2 11 1186 593.0601 -183.1100 34 636 668.7100 -509.4100
9.0986113683e-01 -4.5506549013e-01 2.2089482552e+00
180 180 180
3 11 1193 46.8400 -173.3000 34 640 110.4600 -501.8600 50 1022 -74.9500 129.0000
2.6233094717e+00 -3.4500913951e-01 2.7816414587e+00
145 144 139
3 11 1194 402.5000 -167.8199 34 637 460.5900 -504.1500 50 1603 37.2000 122.3400
-4.3032033523e+00 -1.3417984564e+00 2.4223010538e+00
169 167 156
2 11 1198 -748.2000 -161.7000 34 661 -691.5100 -456.7900
3.4080224536e+00 -3.9572257041e-01 3.4621765943e+00
174 171 166
4 11 1199 578.7400 -159.9301 34 647 651.8101 -486.9399 27 7610 382.6801 145.4500 77 4797 232.7100 -483.4301
3.7971197304e+00 -4.6468358657e-01 3.9267698127e+00
176 170 158
2 11 1200 665.1699 -153.7900 34 437 747.6899 -475.8700
2.5239247361e+00 -2.6224840689e-01 2.7170397760e+00
187 186 181
3 11 1201 381.2700 -155.0699 34 648 438.4600 -489.8300 50 1625 30.5900 128.6200
-5.7136036783e+00 -1.5646823876e+00 2.6081532224e+00
178 176 172
2 11 1203 -917.4000 -154.6801 34 665 -862.8100 -429.1000
2.6752637138e+00 -1.8386435331e-01 2.8055328238e+00
180 179 177
3 11 1207 417.3600 -138.5699 34 656 472.4301 -475.6300 50 1025 42.1200 131.1800
4.7435670444e+00 -3.9419001356e-01 4.8211897070e+00
172 168 158
2 11 1211 869.1799 -113.5500 34 447 965.0500 -429.7600
4.2938999852e+00 -2.6226634768e-01 4.3920564935e+00
190 183 167
2 11 1213 779.4299 -104.8000 34 667 865.0900 -423.0601
3.2124623441e+00 -3.1899612935e-02 3.3121761117e+00
51 46 42
3 11 1215 544.5100 -98.0601 34 448 608.5300 -427.0500 50 1035 88.2900 138.0600
-2.6164494479e+00 -3.2249646500e-01 2.0448539772e+00
159 155 144
2 11 1222 -551.9800 -64.0200 34 676 -490.1200 -371.3199
4.5063674858e+00 1.2667578554e-01 4.5520023338e+00
81 78 73
2 11 1227 840.1799 -32.1200 34 1061 916.2300 -352.1500
2.4666053093e+00 4.7199910337e-01 2.6814563735e+00
158 151 133
3 11 1231 382.9100 -19.3000 34 1060 428.5000 -358.4100 50 1677 33.6800 173.7900
-2.0265536545e+00 1.5148889951e-01 1.8441960994e+00
167 166 162
2 11 1236 -485.0900 -9.7600 34 683 -420.9800 -321.8300
-5.1738021182e+00 -4.1863602795e-01 2.4871617294e+00
171 166 170
