# Bundle file v0.3
120 23786
0 0 0
0 0 0
0 0 0
0 0 0
0 0 0
0 0 0
0 0 0
0 0 0
0 0 0
0 0 0
2.9196650353e+03 1.5992095969e-02 -4.1208576775e-02
6.2583725102e-01 -6.0337601960e-01 4.9423184256e-01
6.0248263142e-01 7.7640675769e-01 1.8495195441e-01
-4.9532051650e-01 1.8201627832e-01 8.4942784294e-01
-1.5131035387e+00 -1.2425356018e+00 -2.6735828047e+00
0 0 0
0 0 0
0 0 0
0 0 0
0 0 0
0 0 0
0 0 0
0 0 0
0 0 0
0 0 0
1.2198234186e+03 7.6212395718e-04 5.0338000331e-03
6.0300655490e-01 -6.5197826386e-01 4.5968188805e-01
6.4882193716e-01 7.3608640355e-01 1.9289090275e-01
-4.6412626365e-01 1.8193721434e-01 8.6688272646e-01
-1.3395435976e+00 -1.2610825606e+00 -2.7460574700e+00
1.1203645337e+03 -7.8559200845e-03 8.9146914062e-02
6.4554424483e-01 -6.9009042783e-01 3.2718164585e-01
6.8433774516e-01 7.1286078406e-01 1.5333412244e-01
-3.3904937475e-01 1.2491878949e-01 9.3243810385e-01
-9.3654752461e-01 -1.1228863788e+00 -2.9289360503e+00
1.1109534983e+03 1.9333421625e-02 4.7763700144e-02
6.3273228761e-01 -7.3949095857e-01 2.2978897799e-01
6.8628210657e-01 6.7295422495e-01 2.7595195473e-01
-3.5870143911e-01 -1.6903647699e-02 9.3329927905e-01
-5.9343747659e-01 -1.5310029145e+00 -2.9175656626e+00
1.1364228984e+03 2.1888989414e-02 -5.3271460466e-02
5.7260365952e-01 -6.5416731983e-01 4.9415601460e-01
5.3972147502e-01 7.5449820683e-01 3.7340753246e-01
-6.1711083162e-01 5.2892093511e-02 7.8509658510e-01
-1.4392938401e+00 -1.8217748970e+00 -2.3546495479e+00
0 0 0
0 0 0
0 0 0
0 0 0
0 0 0
2.4024442399e+03 2.3158640466e-02 -4.5930732468e-02
6.3780558475e-01 -7.2958837631e-01 2.4678905408e-01
6.0337180995e-01 6.7246071987e-01 4.2864791985e-01
-4.7869248482e-01 -1.2448847894e-01 8.6911226179e-01
-6.2477162636e-01 -1.9765851378e+00 -2.5815759257e+00
0 0 0
0 0 0
0 0 0
0 0 0
0 0 0
0 0 0
0 0 0
0 0 0
0 0 0
0 0 0
1.1828659239e+03 1.1917124658e-02 6.2455003469e-02
6.6925485776e-01 -7.3024538517e-01 1.3725746902e-01
6.5710071236e-01 6.6790414586e-01 3.4946059257e-01
-3.4686681763e-01 -1.4368621850e-01 9.2684285693e-01
-3.1982425617e-01 -1.7459372058e+00 -2.8177173592e+00
0 0 0
0 0 0
0 0 0
0 0 0
0 0 0
0 0 0
0 0 0
0 0 0
0 0 0
0 0 0
0 0 0
0 0 0
0 0 0
0 0 0
0 0 0
0 0 0
0 0 0
0 0 0
0 0 0
0 0 0
0 0 0
0 0 0
0 0 0
0 0 0
0 0 0
1.4878983668e+03 7.9755610424e-02 -2.1600258178e-01
6.4840156651e-01 -7.2422734556e-01 2.3467032300e-01
6.7218020708e-01 6.8934102784e-01 2.7015313536e-01
-3.5742016977e-01 -1.7426969851e-02 9.3378108942e-01
-6.2299142393e-01 -1.5269701543e+00 -2.9552189170e+00
0 0 0
0 0 0
0 0 0
0 0 0
0 0 0
1.0866789623e+03 -1.2594760537e-02 1.0735955018e-01
6.8635934912e-01 -7.2404486271e-01 -6.8336525138e-02
7.0015667237e-01 6.3244011506e-01 3.3136103422e-01
-1.9670149471e-01 -2.7527901781e-01 9.4102602745e-01
3.0951934833e-01 -1.6860692268e+00 -2.8649859890e+00
0 0 0
0 0 0
0 0 0
0 0 0
0 0 0
1.1320368947e+03 -5.6659520339e-03 1.1457232330e-01
6.2883689269e-01 -7.6158653831e-01 1.5668473780e-01
6.3808713026e-01 6.2062039466e-01 4.5571387946e-01
-4.4430729972e-01 -1.8659118521e-01 8.7622756919e-01
-3.4934899318e-01 -2.0567575556e+00 -2.5910052060e+00
1.1321811417e+03 -8.0550692940e-03 1.2248447171e-01
6.2884007418e-01 -7.6158636022e-01 1.5667283436e-01
6.3812517515e-01 6.2063300353e-01 4.5564343051e-01
-4.4424815356e-01 -1.8654996877e-01 8.7626633349e-01
-3.4931339423e-01 -2.0565611476e+00 -2.5911809733e+00
0 0 0
0 0 0
0 0 0
0 0 0
0 0 0
0 0 0
0 0 0
0 0 0
0 0 0
0 0 0
0 0 0
0 0 0
0 0 0
0 0 0
0 0 0
0 0 0
0 0 0
0 0 0
0 0 0
0 0 0
0 0 0
0 0 0
0 0 0
0 0 0
0 0 0
0 0 0
0 0 0
0 0 0
0 0 0
0 0 0
0 0 0
0 0 0
0 0 0
0 0 0
0 0 0
0 0 0
0 0 0
0 0 0
0 0 0
0 0 0
0 0 0
0 0 0
0 0 0
0 0 0
0 0 0
0 0 0
0 0 0
0 0 0
0 0 0
0 0 0
3.3195772017e+03 8.3637297736e-02 -1.8296206311e-02
6.3824981908e-01 -7.0032114005e-01 3.1966774822e-01
7.2057307451e-01 6.8961969586e-01 7.2104919241e-02
-2.7094577455e-01 1.8432302050e-01 9.4478220314e-01
-8.9552630293e-01 -9.1886582069e-01 -3.3055326379e+00
3.2960148050e+03 6.3723672284e-02 1.6822449053e-02
6.2287976516e-01 -6.9100136596e-01 3.6679409809e-01
7.3053950676e-01 6.8149711969e-01 4.3286313173e-02
-2.7988002290e-01 2.4099541092e-01 9.2929456293e-01
-1.0596323846e+00 -8.1656255551e-01 -3.2807043732e+00
0 0 0
0 0 0
0 0 0
0 0 0
0 0 0
3.2619477520e+03 8.9731546416e-02 -8.1756427172e-02
6.4298954786e-01 -6.7852635025e-01 3.5519914605e-01
7.4548284249e-01 6.6079772290e-01 -8.7187733979e-02
-1.7555561197e-01 3.2085567070e-01 9.3071578137e-01
-1.0356348678e+00 -3.5547505842e-01 -3.3693575459e+00
3.3022098420e+03 4.0311563160e-02 1.9022493673e-01
6.5576039464e-01 -7.1376903263e-01 2.4599201793e-01
7.4604590812e-01 6.6259433093e-01 -6.6213711512e-02
-1.1573161972e-01 2.2694166800e-01 9.6700758607e-01
-6.3857360468e-01 -4.2956744649e-01 -3.4611586079e+00
0 0 0
0 0 0
0 0 0
0 0 0
0 0 0
0 0 0
0 0 0
0 0 0
0 0 0
0 0 0
0 0 0
0 0 0
0 0 0
0 0 0
0 0 0
0 0 0
0 0 0
0 0 0
0 0 0
0 0 0
0 0 0
0 0 0
0 0 0
0 0 0
0 0 0
0 0 0
0 0 0
0 0 0
0 0 0
0 0 0
0 0 0
0 0 0
0 0 0
0 0 0
0 0 0
0 0 0
0 0 0
0 0 0
0 0 0
0 0 0
0 0 0
0 0 0
0 0 0
0 0 0
0 0 0
0 0 0
0 0 0
0 0 0
0 0 0
0 0 0
0 0 0
0 0 0
0 0 0
0 0 0
0 0 0
0 0 0
0 0 0
0 0 0
0 0 0
0 0 0
0 0 0
0 0 0
0 0 0
0 0 0
0 0 0
0 0 0
0 0 0
0 0 0
0 0 0
0 0 0
0 0 0
0 0 0
0 0 0
0 0 0
0 0 0
-1.8332773298e+03 2.6911818163e-01 2.9596432472e+00
6.6698428743e-01 -7.4479845320e-01 -2.0179802671e-02
7.2672503306e-01 6.5629515361e-01 -2.0284821338e-01
1.6432494225e-01 1.2063140329e-01 9.7900223590e-01
1.7785478526e-01 -2.5042713698e-02 -3.0303372176e+00
0 0 0
0 0 0
0 0 0
0 0 0
0 0 0
0 0 0
0 0 0
0 0 0
0 0 0
0 0 0
0 0 0
0 0 0
0 0 0
0 0 0
0 0 0
0 0 0
0 0 0
0 0 0
0 0 0
0 0 0
0 0 0
0 0 0
0 0 0
0 0 0
0 0 0
0 0 0
0 0 0
0 0 0
0 0 0
0 0 0
0 0 0
0 0 0
0 0 0
0 0 0
0 0 0
0 0 0
0 0 0
0 0 0
0 0 0
0 0 0
0 0 0
0 0 0
0 0 0
0 0 0
0 0 0
1.2835054870e+03 5.3209737475e-02 -1.6575943859e-01
6.6998808164e-01 -7.2066564011e-01 1.7820495399e-01
7.2141298278e-01 6.8867293450e-01 7.2752302770e-02
-1.7515501346e-01 7.9816191640e-02 9.8130020728e-01
-4.6331174320e-01 -9.2072195648e-01 -3.3991325955e+00
0 0 0
0 0 0
0 0 0
0 0 0
0 0 0
0 0 0
0 0 0
0 0 0
0 0 0
0 0 0
2.6352348087e+03 -9.5266853200e-03 8.4810863153e-02
6.5354086388e-01 -7.4905881528e-01 1.0860584926e-01
7.5672829081e-01 6.4366146535e-01 -1.1429003413e-01
1.5704557487e-02 1.5687832632e-01 9.8749306712e-01
-1.6260286103e-01 -2.5856793671e-01 -3.4467369571e+00
2.5028780076e+03 8.9523139624e-04 7.4864746162e-02
6.3510212959e-01 -7.0082331486e-01 3.2479526835e-01
7.0609440046e-01 6.9722341000e-01 1.2373445025e-01
-3.1317085214e-01 1.5075210742e-01 9.3765549083e-01
-9.1239189283e-01 -1.0520399787e+00 -3.0575072115e+00
0 0 0
0 0 0
0 0 0
0 0 0
0 0 0
2.5040268335e+03 -6.4395134019e-03 5.4119062411e-02
6.3113307603e-01 -7.0513885330e-01 3.2318762029e-01
7.3624649290e-01 6.7572592106e-01 3.6545605721e-02
-2.4415597891e-01 2.1488061144e-01 9.4562898686e-01
-9.0176712859e-01 -7.6376944772e-01 -3.1463711746e+00
2.5042311837e+03 8.7586920694e-03 -8.9404492894e-03
6.5978969150e-01 -7.0510309507e-01 2.5982145471e-01
7.4569176913e-01 6.5707459191e-01 -1.1043897008e-01
-9.2851216705e-02 2.6661321421e-01 9.5932061667e-01
-7.0322267558e-01 -2.7256166748e-01 -3.2758237183e+00
0 0 0
0 0 0
0 0 0
0 0 0
0 0 0
0 0 0
0 0 0
0 0 0
0 0 0
0 0 0
0 0 0
0 0 0
0 0 0
0 0 0
0 0 0
0 0 0
0 0 0
0 0 0
0 0 0
0 0 0
0 0 0
0 0 0
0 0 0
0 0 0
0 0 0
1.1595451499e+04 -4.7807292072e-03 -3.6014217935e-03
6.4170505390e-01 -6.7931920469e-01 3.5600567683e-01
7.3865257040e-01 6.7233981017e-01 -4.8492885075e-02
-2.0641464106e-01 2.9408263770e-01 9.3322473079e-01
-1.0292795653e+00 -4.8277282139e-01 -3.1614346930e+00
2.5044596843e+03 -2.4539792547e-03 6.4004542287e-02
6.4456717567e-01 -7.0375799660e-01 2.9876050320e-01
7.1311501527e-01 6.9430688523e-01 9.6978987989e-02
-2.7568121270e-01 1.5054112841e-01 9.4938782256e-01
-8.2692171170e-01 -9.6493984850e-01 -3.1120022841e+00
2.5020490079e+03 -3.4533200266e-03 4.9620911097e-02
6.4141007982e-01 -7.0381142081e-01 3.0535650221e-01
7.1733450436e-01 6.9132165075e-01 8.6634773984e-02
-2.7207410454e-01 1.6347433787e-01 9.4828889190e-01
-8.4749779782e-01 -9.3069973641e-01 -3.1167241419e+00
0 0 0
0 0 0
0 0 0
0 0 0
0 0 0
2.4853105844e+03 2.3472324879e-03 4.7275370210e-02
6.5079787508e-01 -7.5874570747e-01 2.7696158297e-02
7.4985079040e-01 6.4803499996e-01 1.3332078221e-01
-1.1910465116e-01 -6.5996895576e-02 9.9068586941e-01
4.3677873040e-02 -1.0779271122e+00 -3.1921827033e+00
2.4693526045e+03 -8.0924890458e-03 7.8547817491e-02
6.7093708652e-01 -7.4022297122e-01 4.3742185739e-02
7.3247323784e-01 6.7078611209e-01 1.1631400465e-01
-1.1543994882e-01 -4.5999398979e-02 9.9224879617e-01
-2.7047001157e-02 -1.0243424938e+00 -3.2020184961e+00
-2.6176176134e+03 5.0549581468e-01 9.5447518110e-01
6.4517687190e-01 -7.3483160655e-01 2.0921117076e-01
7.5916916658e-01 5.8571865686e-01 -2.8389404981e-01
8.6075434780e-02 3.4198854515e-01 9.3575362917e-01
-5.4365924671e-01 2.3937238923e-01 -2.9742993239e+00
2.8918489780e+03 8.6241140877e-02 -7.4635774928e-02
6.7360974410e-01 -7.3370146718e-01 8.9062167672e-02
7.0294065233e-01 5.9877301329e-01 -3.8385585556e-01
2.2830758191e-01 3.2117446288e-01 9.1908792422e-01
-1.7937375370e-01 6.7626861650e-01 -3.2998320803e+00
0 0 0
0 0 0
0 0 0
0 0 0
0 0 0
0 0 0
0 0 0
0 0 0
0 0 0
0 0 0
2.4546120164e+03 6.4050073295e-02 -1.3303897655e-01
6.6936261667e-01 -7.3516211553e-01 1.0719305619e-01
7.4216526032e-01 6.6824154425e-01 -5.1419499441e-02
-3.3829185411e-02 1.1397325314e-01 9.9290769147e-01
-2.3035546631e-01 -4.8604424149e-01 -3.4142032509e+00
7.0191917198e+03 8.7758610603e-01 6.6660728725e-01
6.5513135167e-01 -7.4873340286e-01 1.0100100744e-01
7.5424649655e-01 6.4041719432e-01 -1.4483797726e-01
4.3762249769e-02 1.7106755583e-01 9.8428692811e-01
-1.9988833275e-01 -1.5615019606e-01 -3.6563878769e+00
0 0 0
0 0 0
0 0 0
0 0 0
0 0 0
0 0 0
0 0 0
0 0 0
0 0 0
0 0 0
0 0 0
0 0 0
0 0 0
0 0 0
0 0 0
0 0 0
0 0 0
0 0 0
0 0 0
0 0 0
0 0 0
0 0 0
0 0 0
0 0 0
0 0 0
0 0 0
0 0 0
0 0 0
0 0 0
0 0 0
8.7274242711e+05 -1.6407039440e-03 -9.1448559214e-20
6.5219303386e-01 -7.4876830106e-01 1.1828050522e-01
7.3658285781e-01 6.6283153706e-01 1.3453641537e-01
-1.7913665224e-01 -6.2032034887e-04 9.8382400612e-01
-2.5394791956e-01 -1.0689130997e+00 -6.4156079991e+01
0 0 0
0 0 0
0 0 0
0 0 0
0 0 0
0 0 0
0 0 0
0 0 0
0 0 0
0 0 0
0 0 0
0 0 0
0 0 0
0 0 0
0 0 0
0 0 0
0 0 0
0 0 0
0 0 0
0 0 0
0 0 0
0 0 0
0 0 0
0 0 0
0 0 0
0 0 0
0 0 0
0 0 0
0 0 0
0 0 0
6.9552637677e+05 5.6653520602e-04 -2.4417966686e-21
6.4402741522e-01 -7.5991304671e-01 -8.8095685961e-02
7.0906075112e-01 6.3618791768e-01 -3.0413448442e-01
2.8716117368e-01 1.3340575263e-01 9.4854697591e-01
3.8549120332e-01 3.4136423732e-01 -1.0958172366e+02
0 0 0
0 0 0
0 0 0
0 0 0
0 0 0
0 0 0
0 0 0
0 0 0
0 0 0
0 0 0
0 0 0
0 0 0
0 0 0
0 0 0
0 0 0
0 0 0
0 0 0
0 0 0
0 0 0
0 0 0
9.9110636266e+02 1.4732283931e-01 -2.0124405561e-01
6.7683230616e-01 -7.2815013253e-01 1.0814533664e-01
7.2256810573e-01 6.8522501353e-01 9.1444045249e-02
-1.4068888343e-01 1.6250087009e-02 9.8992048810e-01
-2.4061839077e-01 -9.7134720392e-01 -3.3132706557e+00
0 0 0
0 0 0
0 0 0
0 0 0
0 0 0
0 0 0
0 0 0
0 0 0
0 0 0
0 0 0
0 0 0
0 0 0
0 0 0
0 0 0
0 0 0
0 0 0
0 0 0
0 0 0
0 0 0
0 0 0
0 0 0
0 0 0
0 0 0
0 0 0
0 0 0
0 0 0
0 0 0
0 0 0
0 0 0
0 0 0
0 0 0
0 0 0
0 0 0
0 0 0
0 0 0
0 0 0
0 0 0
0 0 0
0 0 0
0 0 0
0 0 0
0 0 0
0 0 0
0 0 0
0 0 0
0 0 0
0 0 0
0 0 0
0 0 0
0 0 0
0 0 0
0 0 0
0 0 0
0 0 0
0 0 0
4.6280465244e-01 5.1637477359e-01 3.1397466721e+00
193 184 169
21 55 351 395.6801 135.1599 84 176 482.9700 34.5900 82 328 583.5000 328.1200 83 238 580.5699 396.5300 88 321 351.7700 397.9399 23 105 320.4300 -79.0000 24 105 320.4300 -79.0000 71 299 572.4500 567.3700 79 290 638.1300 389.8300 19 138 299.5400 -89.4000 21 113 291.5400 38.4900 72 205 799.9099 965.3899 5 96 389.1200 211.6800 65 517 120.8300 -11.1300 8 109 305.4400 -75.6300 35 314 375.9301 -31.0000 38 340 237.5000 509.8000 39 251 628.7100 452.1599 108 341 135.8700 14.6400 36 276 209.5400 78.8101 68 301 961.3601 663.9800
4.1931691265e-01 5.6386224827e-01 3.1289700275e+00
179 170 157
15 55 249 -278.7500 162.5400 84 173 -482.1900 -5.3900 96 246 -461.3700 494.9900 80 209 -291.5000 451.5500 88 317 -275.1200 392.2400 23 102 -198.9700 -105.6500 24 102 -198.9700 -105.6500 71 210 -349.2000 598.7700 19 140 -194.0500 -86.2800 21 154 -168.8400 6.2500 72 163 -172.3400 1001.7900 5 68 -155.6400 287.9900 65 375 -111.9300 -7.6000 8 79 -196.1800 -13.9300 108 343 -108.4500 14.9100
4.1381811104e-01 5.7272824450e-01 3.1274520827e+00
195 188 178
21 55 1116 -391.3700 190.1200 84 934 -630.2600 16.5100 80 806 -444.8300 486.1200 88 1581 -374.8200 411.9399 23 567 -282.0100 -96.8800 24 566 -282.0100 -96.8800 69 871 -524.7200 393.9700 71 639 -506.7700 633.7700 79 880 -425.1000 456.3500 19 603 -274.8900 -70.3000 21 882 -233.1200 14.5500 72 588 -335.7300 1040.6599 5 446 -256.6500 318.8800 7 375 -258.8600 10.3100 13 416 -258.9900 11.7000 65 1600 -149.2400 0.7100 8 280 -289.8200 13.1600 35 1291 -306.1100 -0.8200 39 1152 -63.8900 481.5601 108 1793 -145.9900 23.3800 10 391 -126.6500 -22.7800
4.1382796999e-01 5.7268261889e-01 3.1274833520e+00
195 188 178
17 55 1115 -391.3700 190.1200 84 933 -630.2600 16.5100 80 805 -444.8300 486.1200 88 1580 -374.8200 411.9399 23 566 -282.0100 -96.8800 24 565 -282.0100 -96.8800 69 870 -524.7200 393.9700 79 879 -425.1000 456.3500 19 602 -274.8900 -70.3000 21 881 -233.1200 14.5500 5 445 -256.6500 318.8800 7 374 -258.8600 10.3100 13 415 -258.9900 11.7000 65 1599 -149.2400 0.7100 8 279 -289.8200 13.1600 108 1792 -145.9900 23.3800 10 390 -126.6500 -22.7800
4.2807505553e-01 5.1925004648e-01 3.1302084806e+00
44 22 9
4 55 4884 150.5300 -96.7700 84 3241 87.8700 -311.2000 88 4663 94.7400 171.4600 103 2639 -58.1500 148.7600
4.2771767230e-01 5.2019235234e-01 3.1300089388e+00
48 28 21
4 55 4901 140.6200 -92.5100 84 3248 73.2000 -305.6801 88 4682 84.6300 175.2300 103 2672 -64.2200 151.3700
4.2011254671e-01 5.2865642029e-01 3.1270207383e+00
136 116 92
4 55 4928 20.0000 -86.9800 84 3251 -111.1899 -306.2300 88 4691 -26.2400 177.6500 103 2687 -138.1600 154.4800
4.5082665446e-01 5.3890067464e-01 3.1351212402e+00
172 162 150
11 55 1689 143.4100 210.5400 84 1476 102.5900 104.7200 82 1777 212.7100 386.0200 83 1918 200.1000 469.1801 96 1916 105.1600 601.1001 88 2362 108.8400 456.6000 103 1371 -61.6600 328.5600 23 907 117.1800 -46.2200 24 905 117.1800 -46.2200 5 1206 193.4500 288.2500 2 1362 -142.9900 589.7600
4.5502965106e-01 5.9158973847e-01 3.1060131018e+00
108 102 95
2 55 2645 -292.8900 873.6799 84 1656 -567.7600 790.4600
4.1347057777e-01 5.4235650271e-01 3.1235969120e+00
157 142 127
3 55 12270 -144.3500 -30.1700 84 6907 -345.9800 -241.8800 103 6198 -240.4500 187.4100
4.4487711548e-01 5.3697382744e-01 3.1343008247e+00
151 139 127
7 55 5246 113.0600 157.4299 84 5072 69.9600 23.4900 82 6082 182.3900 306.6600 23 2872 100.5600 -90.0000 24 2871 100.5600 -90.0000 5 2782 168.2500 242.4400 2 3449 -211.9500 482.6300
4.6342764875e-01 5.2023017130e-01 3.1388564077e+00
159 149 139
18 55 5257 369.3500 168.8401 84 5170 441.7200 72.6600 82 9020 542.2000 363.9399 83 6824 540.3000 435.5200 88 7415 327.3101 427.8700 103 4374 74.6400 302.4100 23 2963 296.9300 -60.9300 24 2962 296.9300 -60.9300 69 4555 509.3600 363.3199 71 4706 534.2100 609.1300 79 4220 599.6500 430.2200 19 2721 279.6100 -66.5400 21 2835 272.4400 55.9100 72 4345 761.2400 1012.1299 5 2768 364.8900 236.0800 8 2192 282.4500 -53.4700 35 6933 352.7100 0.2100 68 6923 934.3301 695.6201
4.4269495378e-01 5.4596857477e-01 3.1336747024e+00
91 74 57
4 55 22317 28.5200 206.9199 84 7404 -48.6100 77.6400 103 6559 -130.6300 324.3600 7 4393 20.0200 31.6900
4.6409761897e-01 5.2026525284e-01 3.1390819790e+00
90 80 63
18 55 8184 374.9900 172.9700 84 5191 447.3101 81.3800 82 6205 547.1600 371.9000 83 6842 545.4399 444.2900 80 3978 587.8800 467.1400 88 7429 331.1200 432.2600 103 4387 77.2800 305.5800 23 2975 299.5700 -56.3600 24 2974 299.5700 -56.3600 69 4560 515.7700 370.1801 71 4712 541.2300 615.5900 79 4224 606.3000 437.0800 21 2839 274.4600 60.5200 72 4352 769.3799 1019.5200 5 2776 369.1400 240.4000 7 2083 250.9800 26.3600 8 1543 286.3700 -49.9800 10 1644 1141.3899 -19.5800
4.4530942233e-01 5.4287377635e-01 3.1335452871e+00
91 74 51
9 55 8273 71.2500 203.3900 84 5187 8.2800 79.8800 82 6193 122.4800 359.7100 23 2967 64.9600 -60.6300 24 2966 64.9600 -60.6300 71 6620 131.1899 650.5200 72 4403 330.2200 1059.5200 5 2867 133.7500 282.0700 2 3533 -291.8100 585.3900
4.6346343455e-01 5.2217271357e-01 3.1385269116e+00
145 137 119
15 55 5282 354.8199 182.6699 84 5211 418.9301 90.0900 82 6232 519.6899 380.7200 83 6867 517.7400 453.3101 80 3993 561.1000 478.8201 88 7455 313.9100 440.1500 103 4405 65.3100 310.8100 23 2988 282.8500 -52.6600 24 2987 282.8500 -52.6600 69 4573 488.8101 381.9000 71 4726 513.8000 627.9500 79 4238 580.0300 448.5699 72 2897 740.8401 1033.6799 5 2798 353.2700 247.2200 8 2219 270.9400 -43.3700
4.3595724787e-01 5.5457085358e-01 3.1316639834e+00
163 152 142
16 55 3592 -81.1600 218.1599 84 3461 -217.3000 87.3300 82 4011 -92.8300 361.2100 83 4422 -116.8200 452.8000 96 4659 -206.6800 584.3701 103 1967 -200.2000 333.5600 23 1329 -54.2500 -56.7700 24 1328 -54.2500 -56.7700 21 1900 -47.5800 53.1200 5 1868 13.6200 313.3000 7 1354 -54.9000 38.7700 13 1052 -25.5800 43.8600 65 4715 -44.8700 12.9800 2 1373 -616.0000 679.6899 108 6602 -40.1100 36.9300 10 1082 379.1899 31.4700
4.3507152333e-01 5.5686583263e-01 3.1313505403e+00
95 85 68
14 55 2414 -106.6900 227.4199 84 2292 -250.3500 98.9100 82 4020 -125.7600 370.9700 83 2905 -151.3000 464.1100 96 4668 -239.5700 598.2700 88 3367 -123.4000 460.1700 103 1972 -215.3800 339.9700 23 1333 -72.2900 -51.0000 24 1332 -72.2900 -51.0000 5 1227 -6.6800 323.6500 65 3255 -53.6900 15.9700 2 1381 -666.2200 710.2600 8 730 -58.1400 20.4900 10 1085 339.2100 45.9300
4.3833974111e-01 5.5728202919e-01 3.1315420624e+00
189 179 170
24 55 2424 -86.7200 255.9800 84 2304 -223.0900 136.4900 82 2687 -100.8900 408.6500 83 2920 -123.9500 501.9199 96 3003 -212.2800 634.3701 80 1780 -32.5699 574.8799 103 1987 -203.4400 356.7300 23 2011 -58.1200 -31.9500 24 2007 -58.1200 -31.9500 69 2028 -106.3200 481.2800 71 2149 -85.7400 725.8201 19 1331 -56.2100 -16.6000 21 1280 -49.5400 75.1200 5 1899 9.5700 343.0400 7 941 -58.9900 61.7000 13 1071 -29.5100 69.5100 65 3263 -47.0200 25.7500 2 1400 -616.3200 755.7900 8 1625 -43.9600 38.2200 35 2868 -45.3800 64.9199 38 2443 -181.7600 617.1799 108 4442 -41.2200 50.5900 10 2588 365.5500 86.8600 36 1710 -210.8000 174.3400
4.3722185553e-01 5.3516194307e-01 3.1336790288e+00
30 17 6
17 55 7993 71.7000 87.2600 84 7126 15.0699 -77.3000 82 8674 131.8199 208.4000 83 9822 110.9600 286.6500 96 10147 19.6400 419.9800 103 4217 -102.6300 252.5700 23 2745 73.8100 -143.6600 24 2743 73.8100 -143.6600 69 6381 113.2000 251.5000 71 6470 135.4500 492.0601 79 5757 203.0900 317.2800 19 2605 63.8000 -133.6900 21 3891 62.2800 -22.9900 72 4220 328.9500 884.5000 13 2651 101.8400 -51.7000 2 5290 -307.5800 354.9800 68 6775 630.6500 592.9299
4.1222875469e-01 5.5221805865e-01 3.0973198741e+00
137 123 113
2 55 8061 -284.4500 124.0000 84 4947 -646.5600 -69.2500
4.2101830621e-01 5.6825151241e-01 3.1285551290e+00
159 147 135
16 55 8290 -301.4400 209.5000 84 7330 -510.3100 51.0400 96 10372 -489.2500 552.8799 80 5736 -322.2800 513.4099 88 10817 -296.6900 434.1200 103 4467 -336.0500 328.8200 23 4060 -215.5500 -77.6200 24 4062 -215.5500 -77.6200 69 6535 -400.1800 420.7200 71 6633 -381.4600 661.9399 79 5920 -302.4400 483.3101 21 4022 -180.1300 31.5000 72 4413 -205.5100 1072.0200 5 4366 -175.7500 326.7100 7 3001 -198.8400 25.8400 8 2300 -213.4900 21.1400
4.6631795685e-01 5.1993251325e-01 3.1394985863e+00
183 168 148
8 55 5286 393.5400 185.1899 84 5230 472.0800 102.3800 82 6248 570.9200 393.4399 88 7472 347.2000 444.3300 103 4413 88.0600 313.3400 21 2858 286.2300 71.3900 72 2901 798.6899 1040.6799 5 2801 385.3900 249.7700
4.2201785442e-01 5.6932976628e-01 3.1285487902e+00
189 178 167
12 55 8325 -302.3400 224.8700 84 7390 -513.9700 72.3400 83 6828 -408.3000 436.1300 96 10431 -493.2800 574.4399 88 7484 -298.1500 446.7700 103 4491 -337.0700 338.5700 23 2953 -216.4100 -66.2100 24 2952 -216.4100 -66.2100 21 4052 -181.9100 41.3200 72 4426 -206.5100 1096.0100 5 2996 -174.4500 340.2600 8 2324 -212.5400 33.7800
4.2205798320e-01 5.6932137366e-01 3.1285277303e+00
189 178 167
12 55 8326 -302.3400 224.8700 84 7391 -513.9700 72.3400 96 10432 -493.2800 574.4399 80 5753 -321.9500 534.2900 103 4492 -337.0700 338.5700 23 2954 -216.4100 -66.2100 24 2953 -216.4100 -66.2100 21 4053 -181.9100 41.3200 72 4427 -206.5100 1096.0100 5 2997 -174.4500 340.2600 8 2325 -212.5400 33.7800 38 8774 -369.0600 587.7900
4.6653318799e-01 5.2179158532e-01 3.1392209018e+00
105 96 79
15 55 8260 381.4301 200.1500 84 7496 451.8500 121.7900 83 10220 549.9700 485.4800 80 5723 594.6200 505.4000 103 4442 80.4300 322.5700 23 3007 300.1100 -34.9400 24 3006 300.1100 -34.9400 69 6520 521.9700 407.8199 71 6621 548.0500 654.7600 19 3744 284.6100 -42.7000 21 4160 275.6600 80.6600 72 4408 780.2200 1063.5500 5 4219 374.5300 262.6900 8 2234 288.9700 -29.3300 68 6965 946.4399 728.8101
4.6482132598e-01 5.2491363444e-01 3.1386395530e+00
182 172 154
16 55 13029 345.5000 211.0400 84 7511 396.7300 131.3101 82 9169 498.0200 419.7400 83 6912 497.0900 494.9099 80 5739 547.4301 518.3000 103 6580 59.5200 328.6800 23 4201 271.7200 -31.1700 24 4203 271.7200 -31.1700 69 6533 475.9000 420.7000 71 6639 500.8199 667.8400 79 5924 565.9301 487.8401 72 4418 729.9700 1078.3201 5 4250 347.5900 272.4600 7 3059 228.4800 49.7600 8 3083 264.3400 -21.0900 10 3897 1079.9800 39.5900
4.4765312373e-01 5.4552086716e-01 3.1339700788e+00
146 136 126
13 55 3601 70.6500 236.7000 84 3496 -2.1899 130.3800 82 4055 110.6100 408.3101 83 4464 95.4500 494.9500 96 4695 2.7400 626.6099 88 5015 40.1300 476.7000 103 1976 -106.3700 344.3900 21 1921 53.3100 76.0200 5 1867 135.9400 313.8700 65 4729 6.8800 20.8100 2 2220 -287.2100 662.7900 8 1599 71.9000 13.5700 10 2566 622.8700 65.3300
4.6039786849e-01 5.3258834230e-01 3.1366617710e+00
179 174 158
12 55 5339 257.4301 234.2000 84 3514 265.7500 151.0100 82 4064 370.1500 436.2200 83 4482 365.1200 515.4500 88 5028 216.3600 484.5100 103 2968 6.5000 342.7000 23 2018 201.3400 -22.5600 24 2014 201.3400 -22.5600 21 1947 183.5400 90.5700 7 1380 168.2800 60.8400 65 4731 71.9400 21.6400 108 6643 83.6000 48.9000
4.2305554764e-01 5.7350951459e-01 3.1282308758e+00
189 181 173
5 55 5372 -328.0100 264.9500 84 5249 -544.9700 119.6500 103 2987 -354.2200 363.2700 21 2843 -194.5200 62.4200 13 1766 -209.8300 65.9600
4.9409020492e-01 5.2239916163e-01 3.1425805512e+00
127 135 137
9 55 8569 568.7600 408.0801 84 3659 713.8899 423.0601 103 4627 189.7700 444.0300 19 2846 409.9200 103.1000 35 19433 522.7200 212.8201 38 14709 397.3700 757.0701 39 16736 790.3400 709.4299 10 2699 1345.9700 312.4500 36 17765 353.7400 322.7900
4.6094655593e-01 5.6393459303e-01 3.1322151709e+00
146 136 127
5 55 3743 19.5100 474.5601 84 3655 -72.1200 421.1799 65 4858 -9.4600 100.9300 8 1731 24.2600 166.0200 108 6889 -1.6700 129.3800
4.4861356255e-01 5.3527852321e-01 3.1356591027e+00
82 73 63
17 55 12875 156.8900 168.6300 84 10893 120.9200 50.2500 82 12750 230.8800 332.8101 83 15211 217.6400 413.4500 96 15186 122.6700 546.5400 80 8223 297.1100 461.4800 103 6478 -53.4100 303.7000 23 4074 130.1600 -73.2000 24 4076 130.1600 -73.2000 69 9421 225.2700 366.1000 19 5155 121.6900 -70.9000 21 5908 112.0300 40.8500 72 8880 454.0400 1013.8799 7 4351 104.7800 16.3300 35 18521 166.4900 -5.5100 36 12505 0.7700 103.9800 68 11671 714.5601 679.6299
4.5953012144e-01 5.2689180726e-01 3.1376053589e+00
107 94 75
10 55 12940 294.1000 186.5701 84 10981 322.6600 91.5300 82 9061 425.9800 378.7100 80 8266 480.3500 485.4700 23 6361 234.3300 -51.4400 24 6375 234.3300 -51.4400 79 8507 498.8400 455.4700 21 5967 211.0400 63.6500 7 4400 195.7400 32.5400 68 11721 855.3700 708.1099
4.6528501550e-01 5.2404418921e-01 3.1387312494e+00
176 167 150
15 55 13018 355.0100 207.9600 84 7506 411.9600 128.3500 82 9163 512.2200 417.5699 83 10233 511.8101 492.0100 80 5737 560.4399 514.2400 103 6570 64.8600 326.9500 23 4187 279.3600 -32.5100 24 4189 279.3600 -32.5100 69 9490 488.4800 416.7600 71 9595 513.9399 663.7800 79 8535 579.6000 483.5500 72 6194 743.1599 1074.0801 5 5915 355.0700 269.5700 7 4462 235.2400 48.0900 8 3075 271.0600 -23.6100
4.9368113088e-01 5.2248818160e-01 3.1424192484e+00
251 246 252
9 55 13600 564.1100 406.5000 84 11624 709.3799 418.5701 103 6828 186.8100 442.6500 69 9823 748.7400 665.1899 79 8831 844.2000 736.6401 35 31355 519.0200 212.9299 38 14710 393.6200 756.8500 10 6007 1338.7800 306.6599 36 17761 350.9700 321.9299
4.7247923674e-01 5.7024019623e-01 3.1604427198e+00
75 71 59
2 55 8708 40.8000 466.4700 84 7938 40.6400 418.2400
4.1360393525e-01 5.3458950778e-01 3.1205531251e+00
145 124 103
2 55 33425 -87.0300 -82.4301 84 10126 -271.0200 -309.9301
4.1365173429e-01 5.3488124088e-01 3.1203656886e+00
102 84 64
2 55 33449 -89.2600 -79.7400 84 15318 -274.7200 -305.6100
4.4834825084e-01 5.3558022481e-01 3.1356076806e+00
182 172 161
7 55 22095 151.9900 168.6200 84 16548 115.3800 49.0400 83 23455 212.0400 412.4399 23 6283 126.8400 -74.2800 24 6297 126.8400 -74.2800 72 8879 447.2900 1012.5701 2 13370 -127.3200 507.3900
4.4852621821e-01 5.3622690929e-01 3.1355971942e+00
174 165 155
6 55 22115 148.9400 173.4099 84 10908 110.3800 55.7600 96 15196 112.4200 552.0000 23 6296 123.6400 -70.6800 24 6310 123.6400 -70.6800 2 13385 -134.1400 520.0801
4.2178389151e-01 5.6871058114e-01 3.1286566777e+00
106 99 81
13 55 22376 -298.9100 218.4199 84 10927 -509.2000 63.8000 96 22693 -488.5300 565.7100 80 8315 -319.2500 525.7600 23 6297 -214.2400 -70.3700 24 6311 -214.2400 -70.3700 69 15045 -396.0500 432.9800 71 9611 -378.1600 674.6300 79 13682 -299.3000 496.0200 72 14137 -202.8000 1086.4700 5 6063 -172.3000 335.0200 13 7932 -190.1200 35.7100 8 3157 -210.2200 28.6400
4.5742305267e-01 5.6883203915e-01 3.1311554635e+00
91 82 72
10 55 13962 -42.4500 484.8700 84 7963 -156.2300 426.1799 82 9627 -46.3199 699.8501 83 10794 -59.1899 802.6799 103 7042 -178.0000 494.8500 21 6456 -14.5400 207.8400 7 3317 -33.9700 196.1000 2 9469 -483.5300 1149.1899 8 3427 -18.9400 178.9500 10 6215 392.1100 385.4399
4.5745363071e-01 6.1330715176e-01 3.1351043477e+00
157 163 156
2 55 15416 -419.8400 840.1000 84 8240 -582.0400 748.7300
4.1274191737e-01 5.0838298256e-01 3.1296416410e+00
145 128 109
5 55 1473 130.9900 -301.2500 84 792 64.9000 -630.9100 82 1558 187.9399 -308.0500 96 1700 67.8800 -101.0601 85 1219 75.0200 1232.9700
3.9986262052e-01 4.9825394664e-01 3.1354044398e+00
146 137 120
2 55 3083 118.3200 -490.5601 84 2684 69.9900 -948.3401
3.9765906708e-01 5.0142417368e-01 3.1415727378e+00
29 15 7
8 55 6905 77.9500 -476.4200 84 6063 20.1400 -923.6001 69 3939 142.0300 -515.9700 71 4048 165.7700 -266.4000 79 5230 231.2400 -439.7700 72 5236 331.5500 96.5400 6 984 31.6600 -187.4500 36 4803 -56.2300 -454.6200
3.9779061026e-01 5.0461539247e-01 3.1349656126e+00
105 93 76
2 55 10861 47.3200 -457.2300 84 6094 -33.1200 -892.8500
3.9545852503e-01 5.0872681873e-01 3.1328391326e+00
165 153 128
2 55 10903 -5.0500 -445.5601 84 8967 -116.6100 -874.8199
4.1390217228e-01 5.0699254819e-01 3.1287614914e+00
93 76 60
6 55 19519 151.5900 -304.5900 84 9536 92.2600 -633.0400 82 11674 211.5500 -308.8101 96 21009 91.3800 -102.1500 89 13203 113.9800 418.5601 85 17821 106.4500 1228.8701
3.9595385826e-01 5.0497618502e-01 3.1406392808e+00
39 29 26
7 55 30455 37.1700 -463.6300 84 21456 -48.4700 -903.2100 69 13246 83.5500 -498.0300 71 21644 108.8500 -249.5800 79 20319 172.2900 -422.8400 72 20271 273.2000 113.9199 6 4288 -27.2600 -168.1900
4.3862959105e-01 5.5626178458e-01 3.1317093091e+00
181 172 165
19 55 480 -75.3500 248.6699 84 598 -209.8000 131.2600 82 493 -86.9900 402.6400 83 515 -110.0400 496.1100 96 535 -198.2800 628.8201 80 508 -18.7800 567.8301 88 691 -95.9500 481.7000 103 383 -196.5600 352.6800 69 552 -92.5900 474.0900 71 643 -72.8101 719.3000 19 264 -49.0200 -20.4000 21 341 -43.3800 72.6200 5 250 17.7400 337.5900 7 239 -52.2600 58.7100 65 740 -43.0700 23.6100 2 355 -596.0600 742.2700 8 162 -35.8800 33.2800 108 714 -37.4300 48.3700 10 250 382.7500 78.7300
4.1341544449e-01 5.2628499551e-01 3.1258898951e+00
176 159 145
4 55 1548 -11.9900 -153.9000 84 845 -157.9301 -409.7100 103 800 -157.1900 113.4400 65 1467 -26.6400 -113.8900
4.2331371448e-01 5.2076108026e-01 3.1294022057e+00
192 185 169
6 55 1037 104.9000 -121.6200 84 875 19.6300 -352.9900 88 1488 52.5900 147.5900 103 519 -85.8200 133.6300 65 1500 13.4800 -102.8400 108 1668 18.8600 -81.8800
4.2871967901e-01 5.6680845923e-01 3.1294339843e+00
181 172 157
19 55 1124 -231.8000 256.2600 84 947 -419.7300 120.3600 82 1127 -287.3200 386.8300 83 1264 -317.9100 484.3700 96 1275 -402.4300 620.8201 80 812 -229.0500 575.4399 88 1594 -236.5700 479.0300 23 576 -164.9700 -41.1300 24 575 -164.9700 -41.1300 69 876 -304.1800 482.3900 71 1004 -286.5900 726.1300 79 887 -208.9500 545.1200 19 611 -160.1100 -19.4800 21 887 -139.5800 64.0200 65 1614 -95.8200 24.4500 2 572 -940.1100 812.8000 38 1108 -308.6100 615.8800 39 1163 72.5400 544.6200 108 1809 -92.0500 48.2500
4.2084561800e-01 5.2483220790e-01 3.1276668622e+00
89 69 57
6 55 2249 55.8700 -109.1700 84 1341 -58.4399 -338.1100 88 2215 5.7900 157.3500 103 1240 -116.0200 141.1800 65 2225 -3.5100 -98.7200 108 2653 0.9300 -77.9600
4.3565923024e-01 5.3770917756e-01 3.1214931457e+00
48 42 46
2 55 1651 54.9500 114.3101 84 1451 -72.4000 -7.5699
4.5345711982e-01 5.3944085003e-01 3.1351309434e+00
165 153 137
11 55 1693 157.1200 233.8900 84 1490 121.1700 137.6500 82 1789 229.9500 419.1700 83 1930 219.4700 502.4900 88 2373 121.2700 479.3101 103 1380 -53.6400 342.7400 23 922 126.0200 -30.4900 24 920 126.0200 -30.4900 5 745 202.6000 302.9900 65 2343 37.2800 20.5900 2 884 -112.8900 626.7200
4.2580379768e-01 5.6375734821e-01 3.1296216342e+00
174 166 155
22 55 1686 -229.1300 210.0300 84 1467 -417.0300 62.2000 83 1908 -314.8200 426.3400 96 1905 -399.5500 561.9500 80 1212 -223.9200 516.0601 88 2347 -233.3100 438.4900 103 1373 -291.2900 329.5400 23 895 -162.8500 -70.9200 24 893 -162.8500 -70.9200 69 1357 -299.9400 423.0699 71 1524 -281.0000 665.0900 21 1256 -139.0500 37.7400 72 1338 -101.8500 1075.4600 5 747 -110.8100 322.3200 7 915 -152.1100 29.2000 65 2322 -95.0900 8.8900 2 895 -946.7200 722.7900 8 728 -153.9700 17.7600 35 1949 -166.0699 23.0200 38 1691 -304.8700 576.1100 39 1748 76.4200 505.8900 108 2848 -91.2200 32.4400
4.3619950745e-01 5.5746214552e-01 3.1312025272e+00
182 172 162
12 55 2418 -103.9700 240.8201 84 2301 -244.6500 115.3201 82 2681 -120.4400 386.9700 83 2913 -145.3100 480.1899 96 1921 -233.1200 613.1499 103 1388 -213.4500 347.7700 23 914 -69.4300 -42.6800 24 912 -69.4300 -42.6800 21 1273 -59.6200 65.0400 65 2347 -52.5500 20.5000 2 897 -657.3800 734.7200 108 2863 -47.0400 45.1400
4.2821147530e-01 5.6439298348e-01 3.1297848484e+00
164 154 142
20 55 1695 -216.1900 233.2400 84 2291 -402.6000 93.5699 82 2674 -269.6900 361.6000 83 2903 -301.9200 459.9600 96 2992 -386.1300 594.4199 80 1218 -204.8000 546.2900 103 925 -283.4900 343.5300 23 904 -153.1900 -54.9600 24 902 -153.1900 -54.9600 69 1363 -280.5600 453.1200 71 1529 -261.8500 696.2600 5 756 -99.5300 338.4200 7 928 -142.0600 44.4800 13 681 -126.6400 49.7400 2 899 -910.1900 761.7600 8 739 -142.9400 33.0200 35 1960 -154.0800 43.2300 38 1700 -292.3800 596.8700 39 1761 88.5500 526.6300 108 2857 -87.0000 40.7400
4.3392476582e-01 5.5697028746e-01 3.1312693773e+00
174 164 152
17 55 2413 -116.6900 220.5601 84 2289 -262.1100 87.2500 82 2673 -136.4400 359.0200 83 2901 -163.1500 451.6000 96 2991 -249.8100 584.7200 103 1377 -221.0400 335.4000 23 1331 -78.5300 -56.9300 24 1330 -78.5300 -56.9300 72 1944 61.0500 1091.0701 5 1219 -14.7400 319.3200 7 1356 -77.6300 39.0700 13 1054 -51.1400 44.5700 65 3254 -56.9400 13.4800 2 1378 -688.3500 699.3900 8 1038 -65.6500 16.4300 108 4412 -51.5200 37.7700 10 1084 324.3000 36.0100
4.3507153718e-01 5.5686948213e-01 3.1313330947e+00
95 85 68
11 55 2416 -106.6900 227.4199 84 2293 -250.3500 98.9100 82 4021 -125.7600 370.9700 83 2906 -151.3000 464.1100 96 4670 -239.5700 598.2700 88 3369 -123.4000 460.1700 103 1974 -215.3800 339.9700 5 1229 -6.6800 323.6500 65 3257 -53.6900 15.9700 2 1382 -666.2200 710.2600 10 1087 339.2100 45.9300
4.4067939345e-01 5.5473043817e-01 3.1319724076e+00
179 173 162
14 55 2422 -48.5500 253.8301 84 2306 -170.7800 138.3401 82 2689 -52.6300 411.1700 83 2924 -72.7000 503.6699 96 3005 -160.8900 635.4500 88 2376 -71.7500 486.2700 103 1391 -180.5500 355.2500 21 1924 -25.8600 76.9600 5 1242 38.6700 338.1400 7 940 -34.8800 61.6300 13 1070 -1.0100 69.5700 2 1388 -539.7100 738.6899 108 4441 -27.8000 50.5500 10 1683 423.3400 84.4199
4.2562938728e-01 5.6488832160e-01 3.1294690559e+00
98 85 70
27 55 3594 -238.9600 218.4199 84 2284 -430.1801 71.8400 82 2672 -295.0300 338.8900 83 2891 -327.7200 436.2800 96 2986 -412.6200 571.8301 80 1766 -238.3700 525.4099 103 1378 -297.9500 334.4700 23 897 -170.6600 -66.4100 24 895 -170.6600 -66.4100 69 2018 -314.5800 432.3900 71 2138 -295.8900 674.3000 79 1914 -218.7800 495.6000 19 931 -166.1500 -46.8200 21 1261 -145.1600 41.7100 72 1343 -117.2700 1085.7100 5 1237 -119.7700 329.3900 7 604 -159.2800 33.4500 13 675 -146.0200 37.6600 65 3252 -98.4800 11.6200 2 1393 -966.7400 742.7500 8 734 -161.9900 24.4300 35 1952 -175.8500 27.8900 38 2434 -314.7300 580.4500 39 2563 66.4800 509.2800 108 2851 -94.7500 34.9800 36 2443 -343.1400 135.8000 68 1987 326.2700 698.9600
4.3700534531e-01 5.7568693500e-01 3.1282262001e+00
163 153 141
9 55 2454 -247.0500 391.1500 84 2344 -421.8800 281.2200 88 2404 -246.0000 601.8901 103 1415 -302.9500 438.0000 23 1381 -170.0900 36.4400 24 1380 -170.0900 36.4400 21 1964 -136.6500 134.5100 2 1463 -938.5600 1052.8701 38 2489 -323.1800 737.3600
4.7074469451e-01 5.7317387936e-01 3.1598707920e+00
115 106 97
2 55 3744 10.9800 474.5801 84 2412 -0.5400 424.9199
4.1658946918e-01 5.2510861329e-01 3.1270796380e+00
171 156 139
4 55 3296 22.4700 -140.1600 84 4516 -106.2800 -386.0300 88 6674 -23.6100 128.9900 103 2555 -135.9900 122.3100
4.1638576628e-01 5.2584125041e-01 3.1274643741e+00
30 14 8
6 55 3301 14.8600 -136.3600 84 2065 -115.8400 -382.7700 88 4541 -29.9900 131.9900 103 1775 -140.5400 123.7700 65 4430 -17.2200 -108.4300 108 4062 -13.6000 -88.5100
4.3793569354e-01 5.4389999785e-01 3.1325360462e+00
159 148 132
13 55 3563 9.6500 157.2900 84 3424 -72.6801 9.9600 88 3345 -8.3400 400.0900 103 1942 -140.7300 294.2700 24 1929 22.5900 -98.7900 19 1932 17.4300 -85.8200 72 2874 241.4900 986.8000 65 4698 -12.2300 -6.3800 2 2164 -427.8700 509.2300 38 3655 -95.9500 529.6100 39 3826 285.0200 464.6400 36 2438 -125.4100 91.1100 68 2890 568.9800 657.5601
4.4881865568e-01 5.3969075576e-01 3.1349160520e+00
166 157 146
8 55 3585 123.9900 202.0500 84 3462 73.9301 91.0601 82 4019 185.0200 371.1400 83 4423 171.0300 454.4399 96 4660 77.1000 587.0400 88 4979 89.3600 447.2200 103 1957 -73.6100 323.2200 2 2195 -181.5900 580.2800
4.4632908388e-01 5.4807469259e-01 3.1333753572e+00
156 146 134
10 55 3604 41.9500 245.7600 84 3507 -43.8600 138.8800 82 4057 70.6400 415.4399 83 4475 54.6899 504.0901 96 4702 -37.5300 635.1699 103 1979 -124.0500 350.0300 21 1927 34.6000 79.1300 65 4736 -2.9200 23.5500 2 2227 -346.1500 689.9900 8 1609 50.5500 21.6700
4.3558179619e-01 5.5602497373e-01 3.1314987000e+00
180 173 167
12 55 3597 -95.4700 225.4800 84 3468 -236.9800 95.9301 82 4016 -111.3700 368.9100 83 4430 -134.9200 462.1200 96 4663 -225.2700 593.5400 88 4985 -115.1900 456.6700 103 1970 -208.0500 338.6400 72 1945 91.2000 1099.0500 5 1226 3.9100 322.1300 13 1755 -37.3400 48.5000 65 4721 -49.9300 15.1900 2 2234 -645.3500 702.5200
4.4514995273e-01 5.4963433486e-01 3.1330558065e+00
145 134 125
11 55 3607 20.8300 248.6400 84 3511 -72.0500 140.4099 83 4478 26.0699 505.2500 96 4710 -65.2100 636.6401 103 1982 -136.6900 352.0100 71 2145 61.3000 715.8500 21 1929 20.8400 79.2500 5 1883 95.9400 327.6200 2 2235 -388.9100 703.1899 8 1045 35.2600 25.2500 108 6646 -2.2500 49.6500
4.4436976374e-01 5.5046533136e-01 3.1328708770e+00
136 128 117
14 55 3608 8.7300 249.0300 84 3512 -88.2500 139.7100 82 4060 27.3700 414.6000 83 4479 10.3600 504.8101 96 4704 -80.7300 635.9600 88 3387 -17.7300 485.0100 103 1983 -144.7800 352.1900 69 2024 21.2100 470.8800 5 1235 85.6000 328.8500 13 1068 45.1000 68.5600 2 2236 -413.1700 707.7100 8 1047 26.0900 26.2400 108 6647 -6.9500 49.6300 10 1681 519.6600 80.0600
4.4038130913e-01 5.5328796312e-01 3.1321470438e+00
146 139 129
9 55 3603 -40.5200 240.7200 84 3489 -158.2400 122.8301 82 4043 -38.3199 396.4399 83 4453 -59.7200 487.6300 96 4688 -148.6801 619.8201 88 5013 -63.3800 474.9100 5 1884 46.6400 327.1800 65 4730 -31.1100 21.0200 2 2239 -521.2900 710.1001
4.2763774219e-01 5.6660706745e-01 3.1293003905e+00
84 75 65
19 55 8366 -237.4200 246.8201 84 5238 -428.1500 106.6500 82 6212 -294.6800 373.0500 83 6899 -326.1300 471.7500 96 7176 -411.0300 607.2800 80 4039 -237.5100 562.7000 88 7533 -242.4800 469.7700 103 2980 -297.4700 351.8300 79 4274 -218.1500 532.6200 19 2752 -164.9000 -26.5600 21 4094 -142.8100 58.7400 5 1906 -120.4900 351.1700 7 2122 -158.2500 51.1100 13 2861 -144.2700 57.3900 2 2264 -958.5300 795.2800 8 1057 -161.9300 43.9300 35 6990 -176.0500 52.5700 10 1676 121.7100 67.7300 68 6964 326.9399 727.6799
4.2840926570e-01 5.6631660279e-01 3.1294257645e+00
182 178 166
22 55 3611 -230.3600 249.6400 84 3478 -417.9000 112.1799 82 4024 -285.2800 379.4301 83 4440 -316.4200 477.9399 96 4683 -400.8900 612.6499 80 2678 -226.0200 566.8999 88 3379 -234.9400 473.7500 103 1985 -292.7800 353.9500 23 1999 -163.8000 -45.0800 24 1995 -163.8000 -45.0800 69 3078 -302.2000 473.8800 71 2147 -283.8300 717.8201 79 2868 -206.7000 536.9600 19 1329 -159.2200 -23.7000 5 1909 -111.7100 353.2700 7 1372 -153.2800 54.1500 13 1760 -138.1500 59.4500 65 3260 -95.4800 22.4800 2 2265 -938.6400 798.3401 8 1061 -154.2200 45.8100 39 2576 73.7900 540.5100 108 6635 -91.4900 46.1900
4.6752233967e-01 5.5262731729e-01 3.1340538012e+00
101 91 75
18 55 3713 152.1700 436.8101 84 3644 110.8000 392.3700 82 4193 216.7300 674.8000 83 4616 212.6300 767.8301 80 2750 280.1700 803.7200 103 2068 -58.5000 463.1500 23 2118 107.9400 91.7200 24 2114 107.9400 91.7200 69 3133 207.5400 705.8901 71 3339 231.3500 962.9399 79 2937 299.0400 772.4800 21 2037 110.5700 198.6800 7 1485 90.7400 174.5300 13 1860 150.6900 195.8200 65 4827 36.0200 90.1300 2 2302 -105.0900 981.2800 8 1685 113.0900 131.0300 108 6817 46.2600 119.0200
4.6095033935e-01 5.6395761899e-01 3.1320398900e+00
146 136 127
14 55 3742 19.5100 474.5601 84 3654 -72.1200 421.1799 82 2770 35.0800 697.3701 83 3018 26.6801 797.6401 23 2140 13.1900 105.9000 24 2136 13.1900 105.9000 19 2078 17.7300 129.8000 7 1508 5.6500 191.6700 13 1139 51.6200 213.7800 65 4857 -9.4600 100.9300 2 2354 -358.0800 1101.2600 8 1730 24.2600 166.0200 108 6888 -1.6700 129.3800 10 2775 488.7800 371.9500
3.9370831993e-01 5.0947739397e-01 3.1349564812e+00
163 149 123
3 55 6962 -20.8500 -454.3500 84 4070 -140.7600 -887.7000 103 3604 -154.8200 -68.2400
4.3791240366e-01 5.4143739809e-01 3.1327680663e+00
26 17 9
8 55 8097 30.1800 140.2600 84 5012 -44.5800 -11.7200 103 4295 -128.3600 283.9900 19 2660 32.2700 -97.2600 8 2179 41.3300 -59.8800 35 6868 57.9900 -32.5700 39 5916 302.8900 449.9500 10 2388 573.8101 -98.1600
4.4049445681e-01 5.4714525325e-01 3.1318693747e+00
154 145 124
12 55 5305 2.2600 201.1100 84 5163 -84.1801 67.0601 88 7458 -15.3101 440.5100 103 2943 -145.9200 320.5200 21 2821 17.0700 43.3200 7 2087 3.3300 26.8900 13 1732 44.5600 27.6400 2 3546 -437.0800 594.9000 8 1566 17.7600 -14.7200 108 6593 -6.2800 32.7200 10 2492 513.3400 -7.6100 68 4363 560.9900 700.7000
4.3823185572e-01 5.4878031123e-01 3.1314529282e+00
146 129 112
12 55 8255 -26.3600 196.7000 84 5145 -123.9399 58.0800 88 7435 -41.4800 434.6600 103 4432 -163.1600 318.0400 24 2926 -6.3900 -74.9200 72 4386 190.5800 1044.5100 5 2861 53.6300 280.9200 13 2809 22.4000 23.0500 2 3547 -497.8300 595.9500 8 2256 -2.5500 -16.2400 10 3798 469.1300 -16.6500 36 5565 -157.1300 124.9500
4.4998948400e-01 5.4039038829e-01 3.1350903008e+00
189 185 181
