# Bundle file v0.3
110 26184
0 0 0
0 0 0
0 0 0
0 0 0
0 0 0
0 0 0
0 0 0
0 0 0
0 0 0
0 0 0
3.2277449495e+03 2.3964527853e-01 -3.3670978107e-01
9.2278126673e-01 3.5835707382e-01 1.4161547024e-01
-3.6087153735e-01 9.3257765693e-01 -8.4051966856e-03
-1.3507948511e-01 -4.3348834415e-02 9.8988605973e-01
-1.0066280904e+00 -3.6787629361e-01 -2.9840618080e+00
0 0 0
0 0 0
0 0 0
0 0 0
0 0 0
0 0 0
0 0 0
0 0 0
0 0 0
0 0 0
1.1201246224e+03 5.0571758306e-01 -1.3226634450e+00
9.4936634845e-01 2.8627599489e-01 1.2942021162e-01
-2.9095767968e-01 9.5655831618e-01 1.8434108955e-02
-1.1852073683e-01 -5.5156527184e-02 9.9141847494e-01
-9.1151092896e-01 -4.8420103830e-01 -2.9717069763e+00
2.4582922893e+03 -2.5727865565e+00 -2.1348843449e-01
9.5735526923e-01 2.8405539906e-01 -5.2758115376e-02
-2.8804499997e-01 9.2428232870e-01 -2.5046407897e-01
-2.2382280164e-02 2.5497981710e-01 9.6668729505e-01
-3.8645354513e-01 3.4719184832e-01 -3.1451919124e+00
1.3377272008e+03 3.3716791880e-01 5.0745636272e-02
-9.6606993383e-01 -1.8582291220e-01 1.7938430325e-01
2.5801453942e-01 -7.2585217836e-01 6.3762615428e-01
1.1720938396e-02 6.6227521505e-01 7.4916897902e-01
-4.6983947075e-02 -1.5560809459e+00 -2.4396655803e+00
1.3768300225e+03 -4.8980006438e-03 -4.1839639306e-02
9.3647190207e-01 2.8124605986e-01 2.0957344878e-01
-3.2056175665e-01 9.2878782375e-01 1.8599284561e-01
-1.4233951242e-01 -2.4135830679e-01 9.5994043094e-01
-1.1465867436e+00 -9.8217670371e-01 -2.7892569540e+00
1.1950596975e+03 2.9755608395e-01 -9.7233139283e-02
9.7599579250e-01 2.0236965062e-01 -8.0490605245e-02
-2.1360668211e-01 9.6156096241e-01 -1.7254767728e-01
4.2478210677e-02 1.8559913816e-01 9.8170696317e-01
-2.6464450210e-01 2.3147811349e-02 -3.2492279794e+00
2.9479137482e+03 9.9130704338e-02 -5.7825115867e-01
9.7426801039e-01 2.2361789120e-01 -2.8229110199e-02
-2.1361827201e-01 9.5605285744e-01 2.0082372282e-01
7.1896298869e-02 -1.8962587513e-01 9.7922058275e-01
-3.9897018271e-01 -1.0823608296e+00 -2.9632275089e+00
0 0 0
0 0 0
0 0 0
0 0 0
0 0 0
1.3917186873e+03 8.5284689000e-01 4.0661734907e-02
9.4533235761e-01 1.7769383807e-01 -2.7344402274e-01
-2.3924280660e-01 9.4770209566e-01 -2.1124302918e-01
2.2160688877e-01 2.6511438625e-01 9.3840542893e-01
3.2250166429e-01 1.6316375707e-01 -3.4003048525e+00
1.3989802478e+03 3.0166693169e-01 8.3002877261e-02
-9.5981995873e-01 -2.6048362004e-01 1.0437399348e-01
2.5509682629e-01 -6.5495429237e-01 7.1130899342e-01
-1.1692414653e-01 7.0935404319e-01 6.9508674665e-01
2.1282007634e-01 -1.8151619084e+00 -2.2782670142e+00
8.1866760720e+02 -7.7947493979e-02 1.1007722553e-01
9.5640874423e-01 2.4401107362e-01 -1.6043973920e-01
-2.7115419802e-01 9.4600375885e-01 -1.7762964038e-01
1.0843299710e-01 2.1339045010e-01 9.7093089401e-01
-3.9118188898e-02 1.0143371277e-01 -3.2170266607e+00
0 0 0
0 0 0
0 0 0
0 0 0
0 0 0
0 0 0
0 0 0
0 0 0
0 0 0
0 0 0
0 0 0
0 0 0
0 0 0
0 0 0
0 0 0
0 0 0
0 0 0
0 0 0
0 0 0
0 0 0
1.8864424857e+03 4.2264649271e-01 1.1409281560e-01
9.6734585658e-01 2.3565317245e-01 -9.3325109545e-02
-2.3568873848e-01 9.7176859282e-01 1.0799099831e-02
9.3235252512e-02 1.1549212861e-02 9.9557712076e-01
-2.3686105756e-01 -5.2748598106e-01 -3.2145339678e+00
0 0 0
0 0 0
0 0 0
0 0 0
0 0 0
1.3530334686e+03 2.9204010417e-01 1.7625354863e-01
-9.2173295696e-01 -3.7631889418e-01 -9.3768043264e-02
2.0504402362e-01 -6.7808798069e-01 7.0579999916e-01
-3.2918885831e-01 6.3133254337e-01 7.0217797975e-01
8.5709470168e-01 -1.7680399972e+00 -2.1545472265e+00
0 0 0
0 0 0
0 0 0
0 0 0
0 0 0
1.5606656050e+03 -3.9488449765e-01 -5.8976370972e-02
9.6965374182e-01 1.7637586758e-01 -1.6930202101e-01
-1.4148923422e-01 9.6958116508e-01 1.9973272370e-01
1.9938008321e-01 -1.6971716959e-01 9.6511329116e-01
2.2580462075e-02 -1.1226963526e+00 -3.0068260953e+00
1.3549499153e+03 2.3806958875e-01 1.1451847597e-01
-9.7292851963e-01 -2.0839266375e-01 9.9912929008e-02
2.0662151504e-01 -5.9069658496e-01 7.7999044484e-01
-1.0352606054e-01 7.7951910959e-01 6.1776396186e-01
2.0323201822e-01 -2.0270172872e+00 -2.0966696627e+00
0 0 0
0 0 0
0 0 0
0 0 0
0 0 0
0 0 0
0 0 0
0 0 0
0 0 0
0 0 0
0 0 0
0 0 0
0 0 0
0 0 0
0 0 0
0 0 0
0 0 0
0 0 0
0 0 0
0 0 0
0 0 0
0 0 0
0 0 0
0 0 0
0 0 0
0 0 0
0 0 0
0 0 0
0 0 0
0 0 0
0 0 0
0 0 0
0 0 0
0 0 0
0 0 0
0 0 0
0 0 0
0 0 0
0 0 0
0 0 0
0 0 0
0 0 0
0 0 0
0 0 0
0 0 0
4.6457780786e+03 -3.1613348142e-01 -9.6010593953e-04
8.9606200747e-01 1.0197505215e-01 -4.3205782890e-01
-1.9196793291e-01 9.6656529786e-01 -1.6999952266e-01
4.0027639389e-01 2.3527136186e-01 8.8567838112e-01
8.6819145588e-01 -3.1230499486e-02 -3.5581661195e+00
5.7352893684e+03 9.4200520949e-01 2.1723518270e-02
9.6477512424e-01 2.6279580657e-01 -1.2137697566e-02
-2.6016859672e-01 9.4625664281e-01 -1.9212149077e-01
-3.9003345176e-02 1.8851188287e-01 9.8129608635e-01
-4.8991565083e-01 1.0521511842e-01 -3.5719422955e+00
4.1592745573e+03 3.0307911651e-01 1.0387288890e-02
9.6209532153e-01 2.7086164346e-01 3.1726367341e-02
-2.5736985691e-01 9.4027206375e-01 -2.2282101088e-01
-9.0185082099e-02 2.0620964149e-01 9.7434297592e-01
-6.3978915203e-01 2.0940494923e-01 -3.3835960942e+00
3.0671440946e+03 -5.2360709206e-02 1.9126152251e-01
8.0215903031e-01 4.2835973220e-01 4.1599138204e-01
-3.2480808705e-01 8.9761452286e-01 -2.9797294329e-01
-5.0103951609e-01 1.0390432221e-01 8.5916430043e-01
-1.9423565647e+00 5.0469318737e-01 -2.6753715727e+00
2.1471250758e+03 1.8175627702e-01 1.0073486847e-01
9.6253441458e-01 2.6687608783e-01 -4.8006817109e-02
-2.6652830771e-01 8.9856842457e-01 -3.4862221322e-01
-4.9901522377e-02 3.4835605363e-01 9.3603306457e-01
-3.9884644005e-01 6.5343795009e-01 -3.1741792225e+00
1.8885926071e+03 -2.1875110888e-01 6.5836909642e-01
9.6496679116e-01 2.3288902893e-01 -1.2083787551e-01
-2.6083296546e-01 9.0132013367e-01 -3.4581524080e-01
2.8377034484e-02 3.6521872465e-01 9.3048913324e-01
-1.2648554397e-01 6.3441326901e-01 -3.1630381031e+00
0 0 0
0 0 0
0 0 0
0 0 0
0 0 0
3.7537762584e+03 4.7562968663e-01 3.1330920683e-02
9.7504103970e-01 2.2097831328e-01 2.1530349760e-02
-2.1335118341e-01 9.5937442918e-01 -1.8461304716e-01
-6.1451146781e-02 1.7541177184e-01 9.8257542553e-01
-5.7546887288e-01 7.0276676770e-02 -3.2901636228e+00
0 0 0
0 0 0
0 0 0
0 0 0
0 0 0
0 0 0
0 0 0
0 0 0
0 0 0
0 0 0
0 0 0
0 0 0
0 0 0
0 0 0
0 0 0
0 0 0
0 0 0
0 0 0
0 0 0
0 0 0
0 0 0
0 0 0
0 0 0
0 0 0
0 0 0
0 0 0
0 0 0
0 0 0
0 0 0
0 0 0
0 0 0
0 0 0
0 0 0
0 0 0
0 0 0
0 0 0
0 0 0
0 0 0
0 0 0
0 0 0
0 0 0
0 0 0
0 0 0
0 0 0
0 0 0
0 0 0
0 0 0
0 0 0
0 0 0
0 0 0
0 0 0
0 0 0
0 0 0
0 0 0
0 0 0
0 0 0
0 0 0
0 0 0
0 0 0
0 0 0
0 0 0
0 0 0
0 0 0
0 0 0
0 0 0
-4.2348757635e+03 1.5730951627e+00 3.0614597480e+00
9.3003275457e-01 1.5435668139e-01 -3.3348626708e-01
-2.9934081290e-01 8.4461449612e-01 -4.4387096175e-01
2.1315288681e-01 5.1264058351e-01 8.3172440086e-01
5.3571736537e-01 9.4101289033e-01 -2.4810315963e+00
0 0 0
0 0 0
0 0 0
0 0 0
0 0 0
1.0847647143e+03 1.4350799489e+00 5.8428997410e-02
8.7982197289e-01 1.6121274056e-01 -4.4712833539e-01
-2.6272098525e-01 9.4889988050e-01 -1.7483335124e-01
3.9609466033e-01 2.7129222082e-01 8.7721693496e-01
8.8694552808e-01 5.5097842499e-02 -3.2852440390e+00
0 0 0
0 0 0
0 0 0
0 0 0
0 0 0
0 0 0
0 0 0
0 0 0
0 0 0
0 0 0
0 0 0
0 0 0
0 0 0
0 0 0
0 0 0
0 0 0
0 0 0
0 0 0
0 0 0
0 0 0
0 0 0
0 0 0
0 0 0
0 0 0
0 0 0
0 0 0
0 0 0
0 0 0
0 0 0
0 0 0
0 0 0
0 0 0
0 0 0
0 0 0
0 0 0
1.3572043379e+03 6.9226986708e-01 2.6011735762e-02
9.5812304808e-01 2.6616932825e-01 -1.0561303634e-01
-2.8635526006e-01 8.9178769373e-01 -3.5030754252e-01
9.4328283497e-04 3.6588057889e-01 9.3066133056e-01
-2.2037109621e-01 6.1571902663e-01 -3.3158368006e+00
0 0 0
0 0 0
0 0 0
0 0 0
0 0 0
0 0 0
0 0 0
0 0 0
0 0 0
0 0 0
2.7761094041e+03 -2.0534619307e-01 7.2020495155e-01
9.6132722699e-01 1.8478944543e-01 -2.0421269181e-01
-2.5172261203e-01 8.9038133794e-01 -3.7928458925e-01
1.1173938085e-01 4.1602155462e-01 9.0246350445e-01
1.7271899185e-01 7.4945136743e-01 -3.2039915240e+00
2.6509210438e+03 5.7739707359e-01 -1.1074343315e+00
9.6578526792e-01 2.5920436550e-01 -8.4801639893e-03
-2.5904186733e-01 9.6257242227e-01 -7.9697194842e-02
-1.2495088829e-02 7.9167094188e-02 9.9678304759e-01
-5.0119478052e-01 -2.1354088658e-01 -3.1630366000e+00
0 0 0
0 0 0
0 0 0
0 0 0
0 0 0
2.7697877674e+03 2.0498502565e-01 9.1936764648e-02
-9.4862289566e-01 -1.4978058001e-01 2.7871200132e-01
2.7375848249e-01 -8.3020510823e-01 4.8560866090e-01
1.5865338033e-01 5.3695926859e-01 8.2855527805e-01
-3.7139797499e-01 -1.0869099403e+00 -2.6565948980e+00
3.0971206706e+03 9.1148890031e-02 1.1739533075e-01
9.6483797930e-01 2.5652443084e-01 -5.7296510290e-02
-2.6248041260e-01 9.2884542579e-01 -2.6143872704e-01
-1.3845819158e-02 2.6728522477e-01 9.6351798214e-01
-3.4217690300e-01 3.8321468654e-01 -3.1933512708e+00
1.4554137790e+03 5.4337230909e-02 2.3087240263e-01
9.3779351256e-01 3.4637609466e-01 2.3810267546e-02
-3.0471502721e-01 8.5398842668e-01 -4.2172564457e-01
-1.6640937471e-01 3.8823622724e-01 9.0641080745e-01
-6.4855970513e-01 9.2243466056e-01 -3.0002819767e+00
0 0 0
0 0 0
0 0 0
0 0 0
0 0 0
0 0 0
0 0 0
0 0 0
0 0 0
0 0 0
2.9020893823e+03 2.9654867267e-01 -1.0358780948e-01
9.6052947120e-01 2.7739029014e-01 -2.0922760123e-02
-2.7333633508e-01 9.2716529523e-01 -2.5622600032e-01
-5.1675747504e-02 2.5183157516e-01 9.6639043604e-01
-4.7795291791e-01 3.4570448628e-01 -3.2620663498e+00
2.3344960603e+03 2.1498087166e-01 1.5475434543e-01
9.6448662502e-01 2.5853659725e-01 -5.4077518726e-02
-2.6350238424e-01 9.2768216649e-01 -2.6452276172e-01
-1.8222064982e-02 2.6937822082e-01 9.6286205165e-01
-3.5232983164e-01 3.7312070371e-01 -3.2213359857e+00
1.6650366802e+04 -1.1154260183e-01 1.6472591454e-03
9.5866039385e-01 2.8414700959e-01 1.5189674483e-02
-2.7418082318e-01 9.3668124509e-01 -2.1783737350e-01
-7.6125721463e-02 2.0466734482e-01 9.7586687232e-01
-5.8741662138e-01 2.4426887318e-01 -3.1998225661e+00
2.8247903153e+03 6.6483785218e-01 -1.3932851236e+00
9.6565008821e-01 2.5874275793e-01 -2.3918452196e-02
-2.5982929970e-01 9.6044751052e-01 -1.0014646556e-01
-2.9397548307e-03 1.0292115799e-01 9.9468517285e-01
-4.4953752620e-01 -1.4718479743e-01 -3.1880629808e+00
2.8158210950e+03 5.6334071327e-01 -1.0358952729e+00
9.6584149049e-01 2.5840685919e-01 -1.9393565448e-02
-2.5898963048e-01 9.6010354085e-01 -1.0547778032e-01
-8.6363510705e-03 1.0689754891e-01 9.9423253189e-01
-4.6397651635e-01 -1.2972806442e-01 -3.1851140864e+00
0 0 0
0 0 0
0 0 0
0 0 0
0 0 0
5.6012470421e+03 4.2079730930e-01 5.0482308287e-01
9.2941656272e-01 1.4561521160e-01 -3.3908857705e-01
-1.7851997939e-01 9.8159888950e-01 -6.7780801762e-02
3.2297905488e-01 1.2353068558e-01 9.3830949043e-01
5.5881713433e-01 -2.9493896669e-01 -3.3297056541e+00
5.8057672952e+03 3.3415094183e-01 5.2470051999e-01
9.2548306442e-01 1.7531430436e-01 -3.3577669985e-01
-2.1009406510e-01 9.7517812634e-01 -6.9914989177e-02
3.1518499534e-01 1.3524983027e-01 9.3934333559e-01
5.3149539815e-01 -2.6801949675e-01 -3.3362931186e+00
-3.2881213738e+03 4.0120787710e-01 4.9677252279e-01
9.5472793098e-01 2.9738324759e-01 -7.6014380031e-03
-2.3040925837e-01 7.2306680583e-01 -6.5121883262e-01
-1.8816522384e-01 6.2348825038e-01 7.5885192902e-01
-5.2973353214e-01 1.5878367869e+00 -2.3424548246e+00
5.6739612613e+03 8.7501827794e-01 6.5519947205e-01
9.2898446954e-01 1.8304978399e-01 -3.2168405608e-01
-2.7910472900e-01 9.1728698278e-01 -2.8405130076e-01
2.4308106796e-01 3.5366278825e-01 9.0323542147e-01
4.7847631680e-01 5.0397026140e-01 -3.2722207674e+00
0 0 0
0 0 0
0 0 0
0 0 0
0 0 0
0 0 0
0 0 0
0 0 0
0 0 0
0 0 0
7.4127838439e+03 1.4457149293e+00 6.0941835064e-01
9.5258997020e-01 3.0424264977e-01 2.9595156072e-03
-2.5720143317e-01 8.1042317905e-01 -5.2636650125e-01
-1.6254159914e-01 5.0065025808e-01 8.5025263753e-01
-5.5994402954e-01 1.2127295264e+00 -3.4445189965e+00
5.6967968211e+03 8.2390393072e-01 -1.0220738166e-01
9.3208963177e-01 1.6021757441e-01 -3.2486804582e-01
-2.2745574928e-01 9.5687766895e-01 -1.8069036715e-01
2.8190920606e-01 2.4231272256e-01 9.2833816254e-01
5.0071352045e-01 1.1700150198e-01 -3.3368130893e+00
0 0 0
0 0 0
0 0 0
0 0 0
0 0 0
0 0 0
0 0 0
0 0 0
0 0 0
0 0 0
0 0 0
0 0 0
0 0 0
0 0 0
0 0 0
0 0 0
0 0 0
0 0 0
0 0 0
0 0 0
0 0 0
0 0 0
0 0 0
0 0 0
0 0 0
0 0 0
0 0 0
0 0 0
0 0 0
0 0 0
6.0242573626e+03 1.6538988734e-01 6.1003828711e-01
9.3086482029e-01 1.6552628145e-01 -3.2571726465e-01
-2.0205869095e-01 9.7597816102e-01 -8.1479534999e-02
3.0440593252e-01 1.4166043682e-01 9.4194975921e-01
4.9977564008e-01 -2.2854138899e-01 -3.3639890293e+00
0 0 0
0 0 0
0 0 0
0 0 0
0 0 0
0 0 0
0 0 0
0 0 0
0 0 0
0 0 0
0 0 0
0 0 0
0 0 0
0 0 0
0 0 0
0 0 0
0 0 0
0 0 0
0 0 0
0 0 0
0 0 0
0 0 0
0 0 0
0 0 0
0 0 0
0 0 0
0 0 0
0 0 0
0 0 0
0 0 0
6.0020781276e+05 2.7027828405e-07 -6.2322096778e-18
9.3883364932e-01 1.5127039849e-01 -3.0936813901e-01
-3.0370341626e-01 7.8720200878e-01 -5.3672826674e-01
1.6234412169e-01 5.9785471806e-01 7.8499307146e-01
4.4140472602e-01 1.2796516400e+00 -8.6548600010e+01
0 0 0
0 0 0
0 0 0
0 0 0
0 0 0
0 0 0
0 0 0
0 0 0
0 0 0
0 0 0
0 0 0
0 0 0
0 0 0
0 0 0
0 0 0
0 0 0
0 0 0
0 0 0
0 0 0
0 0 0
1.5382201901e+03 9.0247682722e-01 2.3105443366e-02
9.3961653504e-01 2.0661475702e-01 -2.7282065403e-01
-2.6831618415e-01 9.3959658385e-01 -2.1251984600e-01
2.1243161819e-01 2.7288935817e-01 9.3829856964e-01
3.1847811088e-01 1.7868401772e-01 -3.3922328693e+00
0 0 0
0 0 0
0 0 0
0 0 0
0 0 0
3.5422657135e-01 5.8764760552e-01 2.9639808586e+00
195 188 178
24 55 1116 -391.3700 190.1200 84 934 -630.2600 16.5100 88 1581 -374.8200 411.9399 21 882 -233.1200 14.5500 23 567 -282.0100 -96.8800 24 566 -282.0100 -96.8800 69 871 -524.7200 393.9700 71 639 -506.7700 633.7700 79 880 -425.1000 456.3500 80 806 -444.8300 486.1200 5 446 -256.6500 318.8800 7 375 -258.8600 10.3100 13 416 -258.9900 11.7000 19 603 -274.8900 -70.3000 65 1600 -149.2400 0.7100 108 1793 -145.9900 23.3800 8 280 -289.8200 13.1600 12 1542 -177.2800 32.4500 14 492 -149.5600 161.8500 35 1291 -306.1100 -0.8200 39 1152 -63.8900 481.5601 10 391 -126.6500 -22.7800 57 1847 -88.8300 2.2900 9 677 -215.6700 6.5400
3.5426879431e-01 5.8765462805e-01 2.9639718613e+00
195 188 178
21 55 1115 -391.3700 190.1200 84 933 -630.2600 16.5100 88 1580 -374.8200 411.9399 21 881 -233.1200 14.5500 23 566 -282.0100 -96.8800 24 565 -282.0100 -96.8800 69 870 -524.7200 393.9700 79 879 -425.1000 456.3500 80 805 -444.8300 486.1200 5 445 -256.6500 318.8800 7 374 -258.8600 10.3100 13 415 -258.9900 11.7000 19 602 -274.8900 -70.3000 65 1599 -149.2400 0.7100 108 1792 -145.9900 23.3800 8 279 -289.8200 13.1600 12 1541 -177.2800 32.4500 14 491 -149.5600 161.8500 10 390 -126.6500 -22.7800 57 1846 -88.8300 2.2900 9 676 -215.6700 6.5400
4.2376547056e-01 5.8145348524e-01 2.9598109915e+00
45 28 18
15 55 4870 377.9399 -101.7100 84 2158 448.1200 -298.4800 88 4675 311.2800 173.9900 24 1222 339.4400 -248.0800 71 3050 566.2800 259.9600 103 2628 79.1000 146.8400 7 1236 272.8100 -147.6300 13 1465 366.9100 -173.3400 19 1228 297.0300 -260.2300 14 1526 156.9800 54.5100 35 4082 360.4301 -238.4800 38 3421 217.7100 300.9099 39 3481 605.7400 240.6700 36 3496 193.5800 -126.7600 68 2754 935.9199 424.5400
3.7336344877e-01 5.8987220901e-01 2.9589338146e+00
204 196 187
13 55 1675 -147.8000 164.9399 84 935 -336.0800 22.4301 88 1578 -175.2800 399.7400 21 885 -105.4800 24.3700 24 568 -111.2900 -85.6000 103 911 -244.3300 305.5700 7 594 -103.1100 8.9700 65 1595 -70.5300 -6.7400 108 1787 -68.8900 17.5600 12 1539 -108.5000 29.9600 57 1845 -39.6700 -2.0400 9 963 -102.9300 4.3600 34 1086 -120.0000 -256.7300
4.0436842331e-01 5.7650254158e-01 2.9625610072e+00
44 22 9
15 55 4884 150.5300 -96.7700 84 3241 87.8700 -311.2000 88 4663 94.7400 171.4600 24 1195 139.7000 -259.1000 71 4414 253.2600 263.5601 103 2639 -58.1500 148.7600 13 936 160.6100 -175.1400 19 1750 120.2800 -260.8700 14 2567 60.6800 55.3800 35 4085 162.6700 -238.4000 38 3446 22.0100 304.3500 39 3489 405.1899 241.3700 36 5279 -2.4900 -128.4500 6 1211 123.9100 337.5100 68 4047 705.2800 419.4000
4.0332374076e-01 5.7596374212e-01 2.9617552134e+00
48 28 21
9 55 4901 140.6200 -92.5100 84 3248 73.2000 -305.6801 88 4682 84.6300 175.2300 24 1205 130.8200 -256.0300 71 3107 239.4100 269.4600 103 2672 -64.2200 151.3700 13 951 151.7900 -171.6800 6 799 110.5100 343.4700 68 2752 695.8101 422.9900
3.9308316561e-01 5.7344507217e-01 2.9628465671e+00
136 116 92
6 55 4928 20.0000 -86.9800 84 3251 -111.1899 -306.2300 88 4691 -26.2400 177.6500 24 1198 26.9700 -258.6000 103 2687 -138.1600 154.4800 6 1240 -51.5600 361.9600
3.9734654722e-01 6.0154332037e-01 2.9557072951e+00
172 162 150
11 55 1689 143.4100 210.5400 84 1476 102.5900 104.7200 82 1777 212.7100 386.0200 83 1918 200.1000 469.1801 96 1916 105.1600 601.1001 88 2362 108.8400 456.6000 23 907 117.1800 -46.2200 24 905 117.1800 -46.2200 103 1371 -61.6600 328.5600 5 1206 193.4500 288.2500 2 1362 -142.9900 589.7600
3.7827714721e-01 5.7455555862e-01 2.9640873142e+00
157 142 127
5 55 12270 -144.3500 -30.1700 84 6907 -345.9800 -241.8800 21 3763 -117.5100 -98.6800 24 2562 -110.6500 -226.5700 103 6198 -240.4500 187.4100
3.7632499695e-01 5.7434071145e-01 2.9643127755e+00
179 170 155
12 55 7813 -166.5000 -29.3101 84 4733 -381.1100 -240.2000 21 2564 -134.6500 -97.9000 24 2567 -130.3100 -225.5900 71 4546 -191.0400 352.8201 103 4110 -254.9600 188.6000 7 1882 -117.1800 -115.9000 13 2524 -110.7400 -128.0900 19 2492 -121.4000 -215.8900 68 6554 398.0500 469.0601 9 2851 -110.2400 -87.3300 34 5956 -132.1200 -374.4400
3.9671968781e-01 5.9655769095e-01 2.9580651352e+00
151 139 127
5 55 5246 113.0600 157.4299 84 5072 69.9600 23.4900 82 6082 182.3900 306.6600 23 2872 100.5600 -90.0000 24 2871 100.5600 -90.0000
3.8830863620e-01 6.0017369715e-01 2.9596782098e+00
91 74 57
6 55 22317 28.5200 206.9199 84 7404 -48.6100 77.6400 71 9584 72.1801 652.5900 103 6559 -130.6300 324.3600 7 4393 20.0200 31.6900 13 4495 64.5300 33.5000
4.1788918592e-01 6.0378874144e-01 2.9533417240e+00
90 80 63
18 55 8184 374.9900 172.9700 84 5191 447.3101 81.3800 82 6205 547.1600 371.9000 83 6842 545.4399 444.2900 96 7133 439.4900 582.1201 88 7429 331.1200 432.2600 21 2839 274.4600 60.5200 23 2975 299.5700 -56.3600 24 2974 299.5700 -56.3600 69 4560 515.7700 370.1801 71 4712 541.2300 615.5900 103 4387 77.2800 305.5800 72 4352 769.3799 1019.5200 5 2776 369.1400 240.4000 7 2083 250.9800 26.3600 8 1543 286.3700 -49.9800 14 3005 157.4500 161.5300 10 1644 1141.3899 -19.5800
4.1601352112e-01 6.0406046628e-01 2.9533500157e+00
145 137 119
14 55 5282 354.8199 182.6699 84 5211 418.9301 90.0900 82 6232 519.6899 380.7200 83 6867 517.7400 453.3101 88 7455 313.9100 440.1500 23 2988 282.8500 -52.6600 24 2987 282.8500 -52.6600 69 4573 488.8101 381.9000 71 4726 513.8000 627.9500 103 4405 65.3100 310.8100 72 2897 740.8401 1033.6799 5 2798 353.2700 247.2200 8 2219 270.9400 -43.3700 14 3026 149.0600 164.9100
3.7839651909e-01 5.9700329266e-01 2.9588888445e+00
163 152 142
17 55 3592 -81.1600 218.1599 84 3461 -217.3000 87.3300 82 4011 -92.8300 361.2100 83 4422 -116.8200 452.8000 96 4659 -206.6800 584.3701 21 1900 -47.5800 53.1200 23 1329 -54.2500 -56.7700 24 1328 -54.2500 -56.7700 103 1967 -200.2000 333.5600 5 1868 13.6200 313.3000 7 1354 -54.9000 38.7700 13 1052 -25.5800 43.8600 65 4715 -44.8700 12.9800 108 6602 -40.1100 36.9300 10 1082 379.1899 31.4700 2 1373 -616.0000 679.6899 34 2749 -70.9500 -216.4800
3.7608753437e-01 5.9729781869e-01 2.9589388919e+00
95 85 68
15 55 2414 -106.6900 227.4199 84 2292 -250.3500 98.9100 82 4020 -125.7600 370.9700 83 2905 -151.3000 464.1100 96 4668 -239.5700 598.2700 88 3367 -123.4000 460.1700 23 1333 -72.2900 -51.0000 24 1332 -72.2900 -51.0000 103 1972 -215.3800 339.9700 5 1227 -6.6800 323.6500 65 3255 -53.6900 15.9700 8 730 -58.1400 20.4900 12 3307 -91.1900 50.4800 10 1085 339.2100 45.9300 2 1381 -666.2200 710.2600
3.7704592282e-01 5.9988956790e-01 2.9578274306e+00
189 179 170
28 55 2424 -86.7200 255.9800 84 2304 -223.0900 136.4900 82 2687 -100.8900 408.6500 83 2920 -123.9500 501.9199 96 3003 -212.2800 634.3701 21 1280 -49.5400 75.1200 23 2011 -58.1200 -31.9500 24 2007 -58.1200 -31.9500 69 2028 -106.3200 481.2800 71 2149 -85.7400 725.8201 80 1780 -32.5699 574.8799 103 1987 -203.4400 356.7300 5 1899 9.5700 343.0400 7 941 -58.9900 61.7000 13 1071 -29.5100 69.5100 19 1331 -56.2100 -16.6000 65 3263 -47.0200 25.7500 108 4442 -41.2200 50.5900 8 1625 -43.9600 38.2200 12 3340 -85.7500 60.1300 14 1740 -30.3000 189.1500 35 2868 -45.3800 64.9199 38 2443 -181.7600 617.1799 36 1710 -210.8000 174.3400 10 2588 365.5500 86.8600 2 1400 -616.3200 755.7900 9 1435 -73.1200 48.0700 34 1773 -74.6100 -193.1700
3.6207647413e-01 5.9695039082e-01 2.9599147642e+00
121 104 94
17 55 3618 -267.1100 271.5400 84 3502 -464.0800 134.5801 82 4050 -330.2700 399.7400 21 2857 -158.6000 70.5000 23 2007 -189.7300 -33.8200 24 2003 -189.7300 -33.8200 69 3083 -352.9900 502.6500 71 3276 -335.4800 746.7800 79 2874 -256.7500 565.3201 80 2686 -276.3500 595.3599 103 1991 -316.3400 367.1200 7 1390 -176.6700 65.1700 13 1770 -164.2200 73.0400 108 6660 -104.4400 53.2000 8 1075 -183.4800 63.7100 10 2597 71.6600 102.4399 34 2800 -178.3900 -194.0600
3.8438510623e-01 5.8960102936e-01 2.9647627057e+00
40 31 30
8 55 8001 -51.9000 92.0300 84 4929 -162.0699 -83.9800 24 2733 -22.5800 -148.2200 71 6476 -33.0000 497.8500 103 4224 -178.0800 255.3900 7 1983 -30.3000 -43.3200 13 2649 2.4900 -52.1300 9 2943 -50.9300 -27.7400
3.5068836439e-01 5.8529897526e-01 2.9651445713e+00
186 176 166
14 55 8183 -441.7300 172.3700 84 5027 -700.0000 -9.6700 21 3933 -265.2600 2.0500 23 2817 -321.4000 -110.1300 24 2816 -321.4000 -110.1300 69 4566 -594.2800 373.4100 71 6584 -576.4900 611.6400 79 5871 -492.5500 436.4399 80 5670 -512.9400 465.6500 5 2945 -303.1100 312.0700 7 2911 -292.8400 -0.8400 13 2751 -298.9800 -0.5900 8 2285 -333.4100 6.3700 10 3738 -208.0100 -45.6800
3.5809506033e-01 5.9063158988e-01 2.9628186128e+00
154 146 129
14 55 8296 -336.9600 210.8401 84 5124 -552.0600 47.2500 88 7433 -324.7000 433.6500 23 2908 -239.6000 -81.0100 24 2907 -239.6000 -81.0100 71 4761 -429.4800 661.7500 79 4262 -349.2500 483.5701 103 4468 -357.6800 329.2400 72 4412 -255.6400 1071.7300 5 2977 -207.4200 327.9000 7 2992 -221.2800 24.7100 13 2822 -215.7600 26.5500 8 1612 -243.3700 22.5800 9 3026 -189.6000 18.3600
3.5491294964e-01 5.8938793253e-01 2.9633877600e+00
170 159 145
20 55 5315 -377.3700 207.2200 84 3438 -611.0400 38.4900 88 4957 -362.2500 427.9301 21 2790 -224.2100 24.9000 23 2897 -270.7100 -84.2100 24 2896 -270.7100 -84.2100 69 4602 -504.0300 417.4301 71 3259 -487.1400 657.5200 79 4261 -404.4100 480.2600 103 2950 -384.0000 327.3600 5 1892 -243.3500 331.4500 7 2073 -248.7300 21.9500 13 2813 -247.3400 24.1900 19 1947 -264.1000 -57.4900 8 1617 -276.7300 25.1500 35 6952 -293.4200 15.6300 38 5673 -434.9100 572.1899 39 6008 -50.5300 498.8500 10 2512 -102.4900 3.7300 9 3020 -209.2100 15.4000
4.2265071557e-01 6.0421774090e-01 2.9531306583e+00
99 90 76
14 55 8156 428.1500 160.3500 84 7392 525.4900 73.4800 82 9023 622.6600 366.1000 83 10104 624.0400 435.7400 96 10433 514.9200 575.8301 21 4093 313.9200 58.7600 23 4119 343.0200 -58.2200 24 4121 343.0200 -58.2200 71 6571 613.7400 602.8201 103 4365 108.5400 299.0300 72 6097 846.8301 1005.3301 5 4134 413.0800 230.2600 8 2182 326.0800 -58.2700 14 2979 179.2900 157.7700
3.6078637751e-01 5.9137141376e-01 2.9623079190e+00
159 147 135
16 55 8290 -301.4400 209.5000 84 7330 -510.3100 51.0400 88 10817 -296.6900 434.1200 21 4022 -180.1300 31.5000 23 4060 -215.5500 -77.6200 24 4062 -215.5500 -77.6200 69 6535 -400.1800 420.7200 71 6633 -381.4600 661.9399 79 5920 -302.4400 483.3101 80 5736 -322.2800 513.4099 103 4467 -336.0500 328.8200 72 4413 -205.5100 1072.0200 5 4366 -175.7500 326.7100 7 3001 -198.8400 25.8400 8 2300 -213.4900 21.1400 34 11239 -194.5000 -232.3200
4.1921924919e-01 6.0535705686e-01 2.9528435078e+00
183 168 148
9 55 5286 393.5400 185.1899 84 5230 472.0800 102.3800 82 6248 570.9200 393.4399 96 7169 464.0200 603.8501 88 7472 347.2000 444.3300 21 2858 286.2300 71.3900 103 4413 88.0600 313.3400 72 2901 798.6899 1040.6799 5 2801 385.3900 249.7700
3.6035952244e-01 5.9265231857e-01 2.9618162749e+00
189 178 167
12 55 8325 -302.3400 224.8700 84 7390 -513.9700 72.3400 82 8950 -373.6800 337.5699 88 7484 -298.1500 446.7700 21 4052 -181.9100 41.3200 23 2953 -216.4100 -66.2100 24 2952 -216.4100 -66.2100 103 4491 -337.0700 338.5700 72 4426 -206.5100 1096.0100 5 2996 -174.4500 340.2600 8 2324 -212.5400 33.7800 34 6953 -196.5300 -224.1300
3.6037005313e-01 5.9262478732e-01 2.9617531827e+00
189 178 167
12 55 8326 -302.3400 224.8700 84 7391 -513.9700 72.3400 82 8951 -373.6800 337.5699 21 4053 -181.9100 41.3200 23 2954 -216.4100 -66.2100 24 2953 -216.4100 -66.2100 80 5753 -321.9500 534.2900 103 4492 -337.0700 338.5700 72 4427 -206.5100 1096.0100 5 2997 -174.4500 340.2600 8 2325 -212.5400 33.7800 38 8774 -369.0600 587.7900
4.1758358804e-01 6.0622671026e-01 2.9525547153e+00
105 96 79
17 55 8260 381.4301 200.1500 84 7496 451.8500 121.7900 83 10220 549.9700 485.4800 96 10525 444.4500 623.0701 21 4160 275.6600 80.6600 23 3007 300.1100 -34.9400 24 3006 300.1100 -34.9400 69 6520 521.9700 407.8199 71 6621 548.0500 654.7600 80 5723 594.6200 505.4000 103 4442 80.4300 322.5700 72 4408 780.2200 1063.5500 5 4219 374.5300 262.6900 19 3744 284.6100 -42.7000 8 2234 288.9700 -29.3300 68 6965 946.4399 728.8101 77 4999 504.2800 470.0500
4.1434829201e-01 6.0624081319e-01 2.9527729918e+00
182 172 154
17 55 13029 345.5000 211.0400 84 7511 396.7300 131.3101 82 9169 498.0200 419.7400 83 6912 497.0900 494.9099 96 10542 391.5000 631.4800 23 4201 271.7200 -31.1700 24 4203 271.7200 -31.1700 69 6533 475.9000 420.7000 71 6639 500.8199 667.8400 79 5924 565.9301 487.8401 80 5739 547.4301 518.3000 103 6580 59.5200 328.6800 72 4418 729.9700 1078.3201 5 4250 347.5900 272.4600 7 3059 228.4800 49.7600 8 3083 264.3400 -21.0900 10 3897 1079.9800 39.5900
3.9057361513e-01 6.0192222012e-01 2.9560451626e+00
146 136 126
15 55 3601 70.6500 236.7000 84 3496 -2.1899 130.3800 82 4055 110.6100 408.3101 83 4464 95.4500 494.9500 96 4695 2.7400 626.6099 88 5015 40.1300 476.7000 21 1921 53.3100 76.0200 103 1976 -106.3700 344.3900 5 1867 135.9400 313.8700 65 4729 6.8800 20.8100 8 1599 71.9000 13.5700 12 3332 -36.7900 58.0000 14 1720 32.7400 183.1100 10 2566 622.8700 65.3300 2 2220 -287.2100 662.7900
3.5772946852e-01 5.9445837122e-01 2.9610915817e+00
125 112 96
28 55 5364 -323.5000 258.4299 84 5242 -545.1500 110.9000 83 6905 -442.1000 476.2000 88 7546 -322.0900 476.1300 21 2838 -191.2800 58.9500 23 1997 -230.4100 -46.2000 24 1993 -230.4100 -46.2000 69 4621 -439.7900 484.4199 71 3273 -414.2400 727.3800 79 2872 -333.3300 546.5901 80 2683 -353.3600 576.7100 103 4541 -355.3500 359.2500 5 3030 -200.1200 369.3100 7 2127 -218.2100 54.8100 13 1763 -205.8200 61.3900 19 2757 -229.7400 -21.5200 108 6641 -124.3000 47.4600 8 1637 -229.6800 58.5900 12 3327 -158.3700 54.7900 14 3104 -123.0300 188.4200 35 4466 -248.1300 59.3700 38 3684 -388.6200 616.0300 39 3866 -5.8000 542.8000 36 3703 -418.4100 169.0400 10 2585 -27.1400 80.9200 68 4384 240.0699 731.7900 9 2072 -184.7000 40.5400 77 3298 -153.9900 509.5200
4.0631943823e-01 6.0606069407e-01 2.9533385955e+00
179 174 158
13 55 5339 257.4301 234.2000 84 3514 265.7500 151.0100 82 4064 370.1500 436.2200 83 4482 365.1200 515.4500 96 4714 264.2300 649.2700 88 5028 216.3600 484.5100 21 1947 183.5400 90.5700 23 2018 201.3400 -22.5600 24 2014 201.3400 -22.5600 103 2968 6.5000 342.7000 7 1380 168.2800 60.8400 65 4731 71.9400 21.6400 108 6643 83.6000 48.9000
3.5719462334e-01 5.9533732136e-01 2.9613373379e+00
189 181 173
6 55 5372 -328.0100 264.9500 84 5249 -544.9700 119.6500 21 2843 -194.5200 62.4200 103 2987 -354.2200 363.2700 13 1766 -209.8300 65.9600 34 4354 -211.8900 -201.3500
3.5740148299e-01 5.9499181848e-01 2.9608662224e+00
189 181 173
21 55 5373 -328.0100 264.9500 84 5250 -544.9700 119.6500 82 6237 -404.3800 382.7800 83 4452 -440.9600 485.2800 88 5024 -321.9900 482.7700 21 2844 -194.5200 62.4200 69 3082 -436.6200 494.4900 71 3275 -420.7400 737.9800 79 2873 -339.1600 556.7700 80 2685 -360.0500 586.8701 103 2988 -354.2200 363.2700 5 1928 -197.8600 374.7900 7 1379 -217.1800 59.4500 13 1767 -209.8300 65.9600 19 1966 -228.7400 -16.2700 65 4739 -127.9900 26.5800 108 6652 -124.5600 50.1300 8 1643 -233.0300 64.1900 10 2591 -25.1300 90.9299 9 2078 -187.4300 43.7900 34 4355 -211.8900 -201.3500
4.2818444219e-01 6.2643249183e-01 2.9437940531e+00
127 135 137
13 55 8569 568.7600 408.0801 84 3659 713.8899 423.0601 71 6822 788.2900 927.8101 79 6057 850.0400 739.9700 103 4627 189.7700 444.0300 19 2846 409.9200 103.1000 35 19433 522.7200 212.8201 38 14709 397.3700 757.0701 39 16736 790.3400 709.4299 36 17765 353.7400 322.7900 41 3596 536.2400 441.9199 77 5125 684.8401 671.4700 76 6772 481.9500 579.7100
3.8080146766e-01 6.1918138444e-01 2.9498652671e+00
146 136 127
8 55 3743 19.5100 474.5601 84 3655 -72.1200 421.1799 23 2141 13.1900 105.9000 24 2137 13.1900 105.9000 65 4858 -9.4600 100.9300 108 6889 -1.6700 129.3800 8 1731 24.2600 166.0200 9 2168 -27.6000 151.2500
3.8390897988e-01 5.8984269184e-01 2.9645890692e+00
219 215 205
7 55 8010 -56.0500 97.3301 84 4933 -168.1500 -77.5800 24 3922 -26.2000 -144.6300 71 4617 -38.4000 504.2900 103 4229 -180.7500 258.3700 7 4248 -33.3100 -40.0100 13 4291 -1.1200 -48.2800
3.9169848473e-01 5.9633315250e-01 2.9615721627e+00
51 40 49
5 55 8124 50.8200 147.3600 84 5046 -15.7000 0.9600 21 3963 48.4900 13.4500 71 6539 104.4500 571.8800 103 4324 -116.0000 288.6100
4.2287739496e-01 6.0344943338e-01 2.9532400038e+00
183 174 157
12 55 12836 428.5601 152.0500 84 7358 527.7000 61.5300 82 9003 624.3300 355.3400 83 10076 626.4500 423.3000 96 10400 516.6200 564.1001 21 4085 314.8500 52.9100 23 4102 344.6500 -64.6100 24 4104 344.6500 -64.6100 69 9395 589.5500 344.8700 71 9508 615.3401 590.4600 103 6454 108.9200 293.8800 72 6077 847.9700 991.1699
3.9945320133e-01 5.9854562761e-01 2.9568661235e+00
82 73 63
17 55 12875 156.8900 168.6300 84 10893 120.9200 50.2500 82 12750 230.8800 332.8101 83 15211 217.6400 413.4500 96 15186 122.6700 546.5400 21 5908 112.0300 40.8500 23 4074 130.1600 -73.2000 24 4076 130.1600 -73.2000 69 9421 225.2700 366.1000 80 8223 297.1100 461.4800 103 6478 -53.4100 303.7000 72 8880 454.0400 1013.8799 7 4351 104.7800 16.3300 19 5155 121.6900 -70.9000 35 18521 166.4900 -5.5100 36 12505 0.7700 103.9800 68 11671 714.5601 679.6299
3.5567633779e-01 5.8972021873e-01 2.9631656522e+00
82 72 59
17 55 13025 -368.1800 209.3600 84 10874 -596.0000 42.8700 88 10805 -352.7700 430.7400 21 4004 -217.3600 26.9000 23 4050 -263.4100 -82.6100 24 4052 -263.4100 -82.6100 69 6532 -490.6100 419.1899 71 6631 -473.0699 660.0601 79 5918 -391.4200 482.0000 80 5733 -411.5000 512.0200 103 4469 -377.3000 328.9000 5 6045 -234.6700 331.7600 13 4468 -239.8600 25.4200 19 3728 -257.1300 -56.2200 8 3149 -268.6800 25.3300 38 14418 -426.1200 573.8800 39 16056 -43.0500 499.9099
4.1062098670e-01 6.0311508643e-01 2.9541444297e+00
107 94 75
10 55 12940 294.1000 186.5701 84 10981 322.6600 91.5300 82 9061 425.9800 378.7100 21 5967 211.0400 63.6500 23 6361 234.3300 -51.4400 24 6375 234.3300 -51.4400 79 8507 498.8400 455.4700 80 8266 480.3500 485.4700 7 4400 195.7400 32.5400 68 11721 855.3700 708.1099
4.1523839097e-01 6.0621274644e-01 2.9527105857e+00
176 167 150
16 55 13018 355.0100 207.9600 84 7506 411.9600 128.3500 82 9163 512.2200 417.5699 83 10233 511.8101 492.0100 96 10534 406.0900 628.8201 23 4187 279.3600 -32.5100 24 4189 279.3600 -32.5100 69 9490 488.4800 416.7600 71 9595 513.9399 663.7800 79 8535 579.6000 483.5500 80 5737 560.4399 514.2400 103 6570 64.8600 326.9500 72 6194 743.1599 1074.0801 5 5915 355.0700 269.5700 7 4462 235.2400 48.0900 8 3075 271.0600 -23.6100
3.6303601446e-01 5.9724441943e-01 2.9598328564e+00
117 105 94
13 55 13220 -255.5400 270.2600 84 11058 -448.7300 134.1400 96 22931 -431.1700 635.4399 21 4122 -151.7100 70.9900 23 4185 -181.1400 -33.5800 24 4187 -181.1400 -33.5800 69 6591 -335.9600 501.1300 71 6704 -318.6400 745.6799 103 4546 -308.2800 366.4100 5 6158 -133.4300 371.6800 7 3079 -168.9300 65.0100 13 4586 -155.6000 73.1200 2 9078 -991.0200 848.3999
4.2786046628e-01 6.2622824499e-01 2.9439484123e+00
251 246 252
13 55 13600 564.1100 406.5000 84 11624 709.3799 418.5701 69 9823 748.7400 665.1899 71 9896 782.3799 924.5901 79 8831 844.2000 736.6401 80 8669 825.2700 768.2900 103 6828 186.8100 442.6500 35 31355 519.0200 212.9299 38 14710 393.6200 756.8500 36 17761 350.9700 321.9299 41 5536 531.4800 440.6300 77 16417 680.8999 670.3201 76 14987 477.4900 578.9099
3.8406961463e-01 5.7146042978e-01 2.9643190704e+00
145 124 103
4 55 33425 -87.0300 -82.4301 84 10126 -271.0200 -309.9301 24 5525 -65.3900 -262.6100 13 6970 -46.5600 -168.6600
3.8381828515e-01 5.7157378167e-01 2.9641496022e+00
102 84 64
3 55 33449 -89.2600 -79.7400 84 15318 -274.7200 -305.6100 24 5532 -66.7600 -260.2300
3.9915406690e-01 5.9847109044e-01 2.9569844084e+00
182 172 161
7 55 22095 151.9900 168.6200 84 16548 115.3800 49.0400 83 23455 212.0400 412.4399 23 6283 126.8400 -74.2800 24 6297 126.8400 -74.2800 72 8879 447.2900 1012.5701 2 13370 -127.3200 507.3900
3.9876450559e-01 5.9864947003e-01 2.9566973182e+00
174 165 155
6 55 22115 148.9400 173.4099 84 10908 110.3800 55.7600 96 15196 112.4200 552.0000 23 6296 123.6400 -70.6800 24 6310 123.6400 -70.6800 2 13385 -134.1400 520.0801
3.6075552125e-01 5.9215770630e-01 2.9619327638e+00
106 99 81
13 55 22376 -298.9100 218.4199 84 10927 -509.2000 63.8000 82 17870 -368.9300 329.9000 23 6297 -214.2400 -70.3700 24 6311 -214.2400 -70.3700 69 15045 -396.0500 432.9800 71 9611 -378.1600 674.6300 79 13682 -299.3000 496.0200 80 8315 -319.2500 525.7600 72 14137 -202.8000 1086.4700 5 6063 -172.3000 335.0200 13 7932 -190.1200 35.7100 8 3157 -210.2200 28.6400
3.5736534469e-01 5.9438620728e-01 2.9611991301e+00
111 102 87
26 55 8390 -330.5000 258.5601 84 5241 -545.1500 110.9000 88 7545 -322.0900 476.1300 21 4095 -195.5200 58.3700 23 2996 -235.9300 -46.5900 24 2995 -235.9300 -46.5900 69 4620 -439.7900 484.4199 71 4782 -423.6100 727.8900 79 4281 -342.3200 546.9900 80 4049 -362.1200 577.0801 103 4540 -355.3500 359.2500 5 3029 -200.1200 369.3100 7 2126 -218.2100 54.8100 13 4567 -211.8500 61.2900 19 2756 -229.7400 -21.5200 8 2356 -235.3900 59.3800 35 6995 -254.3300 59.4299 38 5701 -394.5500 616.4800 39 6061 -12.4800 543.0000 36 3704 -420.8700 169.0300 10 2584 -27.1400 80.9200 41 2390 -409.4000 223.0800 68 4383 240.0699 731.7900 9 3058 -188.1200 40.2700 34 7107 -212.7600 -205.3400 77 3297 -153.9900 509.5200
3.7529806279e-01 6.1848240298e-01 2.9504574814e+00
91 82 72
12 55 13962 -42.4500 484.8700 84 7963 -156.2300 426.1799 82 9627 -46.3199 699.8501 83 10794 -59.1899 802.6799 96 10996 -147.8900 931.1499 21 6456 -14.5400 207.8400 103 7042 -178.0000 494.8500 7 3317 -33.9700 196.1000 8 3427 -18.9400 178.9500 10 6215 392.1100 385.4399 2 9469 -483.5300 1149.1899 34 13033 -52.6700 -49.4900
3.9595888723e-01 6.5081187738e-01 2.9400639344e+00
175 166 155
5 55 15184 284.9500 786.0200 84 12236 298.6700 805.1700 88 12245 265.1400 1015.5500 24 7270 176.6300 270.4200 13 5281 237.4300 392.9700
3.9727969323e-01 6.5009055709e-01 2.9374455968e+00
74 59 46
9 55 9091 307.8500 798.9100 84 8297 322.3300 831.5500 21 6959 216.8400 401.3100 23 4750 189.0500 282.7900 24 4754 189.0500 282.7900 80 6256 466.5800 1241.3901 13 5303 251.5300 406.5200 19 4169 208.8000 334.3500 8 3584 176.9500 301.9600
4.1592975751e-01 5.4905081325e-01 2.9736490299e+00
87 69 56
9 55 953 187.0601 -470.5100 84 726 155.9700 -906.3700 72 709 488.4399 108.6599 19 296 162.4800 -561.2600 65 1402 40.7200 -222.2000 108 2400 47.3000 -208.9200 12 1308 -1.4200 -165.8700 6 88 192.4100 -164.8400 73 489 24.8900 96.0200
4.1514666975e-01 5.4957768465e-01 2.9737857055e+00
156 143 135
13 55 2108 178.7100 -461.5200 84 1161 143.4000 -893.2000 71 1914 307.9000 -239.1100 79 1712 374.1700 -415.0400 80 1519 355.5400 -384.7400 72 1623 474.4000 118.9700 19 734 154.1600 -553.6300 65 2951 37.7700 -219.2500 14 885 72.9900 -95.5700 36 2133 28.1900 -439.3900 6 213 180.6100 -150.3100 73 1198 17.4700 101.3400 78 84 917.3199 -207.3700
4.1390059490e-01 5.4803075725e-01 2.9771427926e+00
146 139 120
5 55 3085 148.4600 -490.2700 84 1797 108.5800 -944.1799 65 4170 29.0600 -228.7700 6 367 134.9700 -201.2200 73 1170 -5.3000 79.5900
4.1524140672e-01 5.4889642351e-01 2.9741722549e+00
54 36 24
13 55 4464 177.6600 -470.7900 84 1811 140.0200 -909.6500 21 1047 107.9400 -430.4300 71 2751 307.0699 -251.3300 79 2491 373.1200 -427.7100 80 2265 354.7100 -397.2400 72 2372 473.3600 106.6300 65 4192 37.4000 -222.3300 108 5542 43.4000 -209.4500 12 2810 -5.1600 -166.5400 14 2174 72.7600 -99.4300 6 638 178.4000 -166.0100 78 309 914.5300 -262.7200
4.1178749236e-01 5.4803914803e-01 2.9790051818e+00
146 137 120
5 55 3083 118.3200 -490.5601 84 2684 69.9900 -948.3401 71 2717 223.6000 -282.6000 14 2122 50.2900 -107.4700 73 2006 -26.9700 79.9400
4.0861031380e-01 5.4922760286e-01 2.9809494846e+00
29 15 7
4 55 6905 77.9500 -476.4200 84 6063 20.1400 -923.6001 71 4048 165.7700 -266.4000 14 2161 35.0300 -102.6000
3.9886578101e-01 5.6205357314e-01 2.9687339709e+00
129 114 95
7 55 4683 38.4700 -249.5200 84 3027 -75.9600 -554.2600 21 2336 5.4000 -249.0300 23 1076 54.7300 -402.4900 24 1073 54.7300 -402.4900 14 2339 14.8600 -7.7200 6 718 -29.2800 143.5400
4.0553888587e-01 5.4959119458e-01 2.9799018610e+00
105 93 76
3 55 10861 47.3200 -457.2300 84 6094 -33.1200 -892.8500 21 3354 27.9100 -420.1900
4.0083304502e-01 5.4916283862e-01 2.9798313628e+00
165 153 128
2 55 10903 -5.0500 -445.5601 84 8967 -116.6100 -874.8199
4.0490420821e-01 5.6086923983e-01 2.9678014852e+00
160 147 131
4 55 7319 104.0600 -276.8400 84 6479 21.3199 -593.1200 23 2333 115.3300 -422.8000 24 2331 115.3200 -422.7700
4.0711144413e-01 5.5191925289e-01 2.9790339478e+00
100 83 63
2 55 18526 71.6500 -433.7900 84 9032 7.7000 -853.8800
4.0258775478e-01 5.6213436193e-01 2.9681035599e+00
166 153 139
8 55 11645 82.9000 -259.3101 84 9669 -12.2500 -566.5300 21 5209 35.4800 -255.0100 23 3539 94.3000 -407.4400 24 3539 94.3000 -407.4400 71 8865 165.9399 37.7100 6 2407 34.5800 131.1300 73 7835 -50.1300 261.3500
4.0476715662e-01 5.4911334109e-01 2.9806545689e+00
39 29 26
3 55 30455 37.1700 -463.6300 84 21456 -48.4700 -903.2100 71 21644 108.8500 -249.5800
4.0142732439e-01 5.4845578061e-01 2.9805368268e+00
103 90 71
2 55 30492 -2.6400 -458.6100 84 13326 -110.3300 -896.2000
3.9133074715e-01 5.6257309537e-01 2.9686964742e+00
176 164 148
16 55 445 -36.1500 -221.6500 84 229 -203.1300 -512.1000 88 467 -80.3101 54.9600 21 137 -56.4900 -227.9400 23 94 -17.4000 -378.4200 24 94 -17.4300 -378.4400 103 234 -172.4100 72.7300 13 91 -4.2000 -284.9900 19 128 -22.7500 -359.9500 65 500 -35.8200 -137.2300 108 465 -33.9100 -118.7500 12 402 -74.6000 -89.0400 14 159 -17.4900 4.3600 6 35 -138.0500 195.3700 57 422 -18.9000 -95.2200 73 118 -146.9400 300.5100
4.2033732302e-01 5.7884834536e-01 2.9615500778e+00
189 179 166
8 55 1032 331.0100 -123.8300 84 540 375.5100 -337.9000 88 975 266.9301 149.7200 71 907 502.7600 229.3101 103 515 51.2700 133.1800 19 521 260.6700 -276.8000 65 1013 92.5500 -103.1600 14 435 137.6800 45.1500
3.7910263171e-01 5.6549898093e-01 2.9678408084e+00
179 167 153
14 55 1020 -165.0100 -146.5699 84 523 -390.1899 -408.6100 88 956 -194.9800 119.9500 21 453 -143.1700 -175.9400 103 511 -253.6100 117.6600 7 204 -116.9500 -197.2500 13 234 -116.0600 -222.3300 19 313 -121.8300 -304.4200 65 1473 -79.1600 -112.2500 14 422 -69.8700 34.7200 38 1006 -247.0600 259.4000 39 1034 134.5300 193.8101 36 1009 -271.9300 -180.3400 57 1086 -48.4400 -77.0100
3.7800123542e-01 5.9967658607e-01 2.9577838642e+00
181 172 165
23 55 480 -75.3500 248.6699 84 598 -209.8000 131.2600 82 493 -86.9900 402.6400 83 515 -110.0400 496.1100 96 535 -198.2800 628.8201 88 691 -95.9500 481.7000 21 341 -43.3800 72.6200 69 552 -92.5900 474.0900 71 643 -72.8101 719.3000 80 508 -18.7800 567.8301 103 383 -196.5600 352.6800 5 250 17.7400 337.5900 7 239 -52.2600 58.7100 19 264 -49.0200 -20.4000 65 740 -43.0700 23.6100 108 714 -37.4300 48.3700 8 162 -35.8800 33.2800 14 205 -26.1200 186.5600 10 250 382.7500 78.7300 2 355 -596.0600 742.2700 57 457 -16.9900 19.8100 9 284 -68.2600 46.0400 34 406 -68.4800 -196.7500
