# Bundle file v0.3
90 3061
0 0 0
0 0 0
0 0 0
0 0 0
0 0 0
0 0 0
0 0 0
0 0 0
0 0 0
0 0 0
0 0 0
0 0 0
0 0 0
0 0 0
0 0 0
0 0 0
0 0 0
0 0 0
0 0 0
0 0 0
0 0 0
0 0 0
0 0 0
0 0 0
0 0 0
1.1900984404e+03 -6.4202657099e-02 1.2699958046e-01
9.0688102712e-01 1.8868520337e-03 4.2138253694e-01
-8.0848439460e-02 9.8219102937e-01 1.6960044713e-01
-4.1355813677e-01 -1.8787554822e-01 8.9088295858e-01
-1.0601734835e+00 -2.4404324649e-01 -6.6183787790e+00
0 0 0
0 0 0
0 0 0
0 0 0
0 0 0
9.6509491244e+02 3.2602711715e-02 -8.8056410161e-02
9.6858443767e-01 -4.4434593746e-03 2.4864521467e-01
-2.9889875762e-02 9.9051211141e-01 1.3413557497e-01
-2.4688212255e-01 -1.3735360503e-01 9.5926180199e-01
-6.5264095364e-01 -8.2529581845e-01 -7.1687856530e+00
0 0 0
0 0 0
0 0 0
0 0 0
0 0 0
0 0 0
0 0 0
0 0 0
0 0 0
0 0 0
0 0 0
0 0 0
0 0 0
0 0 0
0 0 0
0 0 0
0 0 0
0 0 0
0 0 0
0 0 0
0 0 0
0 0 0
0 0 0
0 0 0
0 0 0
9.2753453443e+02 7.6088964927e-02 -1.2830906990e-01
9.9396194537e-01 1.6590068518e-02 1.0846391470e-01
-3.6706179706e-02 9.8182595147e-01 1.8620004668e-01
-1.0340361472e-01 -1.8905705657e-01 9.7650659077e-01
-2.9571319856e-02 -1.0107210281e+00 -6.5597159926e+00
0 0 0
0 0 0
0 0 0
0 0 0
0 0 0
0 0 0
0 0 0
0 0 0
0 0 0
0 0 0
0 0 0
0 0 0
0 0 0
0 0 0
0 0 0
0 0 0
0 0 0
0 0 0
0 0 0
0 0 0
0 0 0
0 0 0
0 0 0
0 0 0
0 0 0
1.3710871640e+03 3.6092947289e-03 1.9522350292e-01
9.5505936528e-01 2.6249703275e-02 2.9524999894e-01
-6.6939566348e-02 9.8943932327e-01 1.2856484755e-01
-2.8875717004e-01 -1.4255096860e-01 9.4673043582e-01
-8.1377325351e-01 -1.1197154251e+00 -8.1782424780e+00
0 0 0
0 0 0
0 0 0
0 0 0
0 0 0
7.9516447753e+02 6.7678295724e-02 -2.7464530758e-01
9.9069886796e-01 1.1047587682e-02 -1.3562338966e-01
3.3076679271e-03 9.9444902702e-01 1.0516744736e-01
1.3603239449e-01 -1.0463786818e-01 9.8516298357e-01
7.2872874854e-01 -6.4629783871e-01 -6.5948678319e+00
0 0 0
0 0 0
0 0 0
0 0 0
0 0 0
9.9047464367e+02 -3.7833825941e-02 7.5291737209e-02
9.9056919756e-01 -3.6813712941e-02 1.3197505593e-01
-7.6904144420e-03 9.4677015247e-01 3.2181848288e-01
-1.3679737707e-01 -3.1979841922e-01 9.3755823749e-01
-1.8614425473e-01 -1.8072827344e+00 -6.6596087661e+00
1.0197541696e+03 5.3586879166e-03 1.3573319144e-01
-9.9654821289e-01 7.2245661807e-02 4.0892832391e-02
-2.8341649449e-02 -7.5907556989e-01 6.5038529357e-01
7.8028266016e-02 6.4698133168e-01 7.5850296385e-01
-4.5743389718e-01 -1.8023678567e+00 4.7707501068e-01
0 0 0
0 0 0
0 0 0
0 0 0
0 0 0
0 0 0
0 0 0
0 0 0
0 0 0
0 0 0
0 0 0
0 0 0
0 0 0
0 0 0
0 0 0
0 0 0
0 0 0
0 0 0
0 0 0
0 0 0
0 0 0
0 0 0
0 0 0
0 0 0
0 0 0
0 0 0
0 0 0
0 0 0
0 0 0
0 0 0
0 0 0
0 0 0
0 0 0
0 0 0
0 0 0
0 0 0
0 0 0
0 0 0
0 0 0
0 0 0
0 0 0
0 0 0
0 0 0
0 0 0
0 0 0
0 0 0
0 0 0
0 0 0
0 0 0
0 0 0
0 0 0
0 0 0
0 0 0
0 0 0
0 0 0
0 0 0
0 0 0
0 0 0
0 0 0
0 0 0
0 0 0
0 0 0
0 0 0
0 0 0
0 0 0
0 0 0
0 0 0
0 0 0
0 0 0
0 0 0
0 0 0
0 0 0
0 0 0
0 0 0
0 0 0
0 0 0
0 0 0
0 0 0
0 0 0
0 0 0
0 0 0
0 0 0
0 0 0
0 0 0
0 0 0
0 0 0
0 0 0
0 0 0
0 0 0
0 0 0
0 0 0
0 0 0
0 0 0
0 0 0
0 0 0
0 0 0
0 0 0
0 0 0
0 0 0
0 0 0
0 0 0
0 0 0
0 0 0
0 0 0
0 0 0
0 0 0
0 0 0
0 0 0
0 0 0
0 0 0
0 0 0
0 0 0
0 0 0
0 0 0
0 0 0
0 0 0
0 0 0
0 0 0
0 0 0
0 0 0
0 0 0
0 0 0
0 0 0
0 0 0
0 0 0
0 0 0
0 0 0
0 0 0
0 0 0
0 0 0
0 0 0
0 0 0
0 0 0
0 0 0
0 0 0
0 0 0
0 0 0
0 0 0
0 0 0
0 0 0
0 0 0
0 0 0
0 0 0
0 0 0
0 0 0
0 0 0
0 0 0
0 0 0
0 0 0
0 0 0
-2.6925917477e+03 1.2314052759e-01 1.3975326399e+00
9.3373416923e-01 -8.7733954135e-02 -3.4704935458e-01
-4.2546535231e-02 9.3542819997e-01 -3.5094711145e-01
3.5542973083e-01 3.4245705715e-01 8.6970849740e-01
1.5339365603e+00 1.3153681524e+00 3.3198402105e+00
0 0 0
0 0 0
0 0 0
0 0 0
0 0 0
0 0 0
0 0 0
0 0 0
0 0 0
0 0 0
0 0 0
0 0 0
0 0 0
0 0 0
0 0 0
0 0 0
0 0 0
0 0 0
0 0 0
0 0 0
0 0 0
0 0 0
0 0 0
0 0 0
0 0 0
0 0 0
0 0 0
0 0 0
0 0 0
0 0 0
0 0 0
0 0 0
0 0 0
0 0 0
0 0 0
0 0 0
0 0 0
0 0 0
0 0 0
0 0 0
0 0 0
0 0 0
0 0 0
0 0 0
0 0 0
1.0906607393e+03 -7.0604822687e-02 3.4951910352e-02
9.0988045956e-01 8.3608437021e-02 4.0635843607e-01
-5.3708120021e-02 9.9497845022e-01 -8.4458992650e-02
-4.1137937132e-01 5.5022839391e-02 9.0980190151e-01
-1.4085449078e+00 -1.1064816405e-01 -1.1206658306e+01
0 0 0
0 0 0
0 0 0
0 0 0
0 0 0
0 0 0
0 0 0
0 0 0
0 0 0
0 0 0
0 0 0
0 0 0
0 0 0
0 0 0
0 0 0
2.4069617614e+03 -1.7102470245e-02 7.0325469532e-02
9.3421449171e-01 2.3807301881e-02 3.5591641695e-01
-3.1252734446e-02 9.9939619132e-01 1.5182864128e-02
-3.5534004850e-01 -2.5307412958e-02 9.3439444818e-01
-1.0342722660e+00 2.2044683508e-01 -7.8125790641e+00
0 0 0
0 0 0
0 0 0
0 0 0
0 0 0
2.4137220195e+03 -4.7265372984e-02 1.0971788560e-01
9.3426835606e-01 1.6762937699e-02 3.5617642086e-01
9.9486258890e-03 9.9728002744e-01 -7.3031306395e-02
-3.5643185001e-01 7.1774304529e-02 9.3156040357e-01
-9.9362039300e-01 9.7975242603e-01 -7.7984665738e+00
2.4215434451e+03 -4.1673054899e-02 5.6057440228e-02
9.5662246624e-01 3.0453682533e-02 2.8973441340e-01
3.6598744528e-02 9.7407999691e-01 -2.2322341168e-01
-2.8902247142e-01 2.2414444638e-01 9.3071224241e-01
-4.2839135776e-01 2.1747093912e+00 -7.6274240525e+00
0 0 0
0 0 0
0 0 0
0 0 0
0 0 0
0 0 0
0 0 0
0 0 0
0 0 0
0 0 0
0 0 0
0 0 0
0 0 0
0 0 0
0 0 0
0 0 0
0 0 0
0 0 0
0 0 0
0 0 0
0 0 0
0 0 0
0 0 0
0 0 0
0 0 0
0 0 0
0 0 0
0 0 0
0 0 0
0 0 0
2.4167259897e+03 -1.9379437146e-02 4.7376368978e-02
9.4355109838e-01 2.5644979605e-02 3.3023273576e-01
-2.3056989025e-02 9.9966507508e-01 -1.1752145447e-02
-3.3042351612e-01 3.4745771808e-03 9.4382637562e-01
-7.7216460863e-01 4.4218869002e-01 -7.8929741573e+00
2.4032804165e+03 -4.0889393956e-03 2.2525510279e-01
-9.6520453875e-01 9.3740580168e-02 2.4411657461e-01
4.7181856989e-03 -9.2714324442e-01 3.7467738529e-01
2.6145350848e-01 3.6279210018e-01 8.9444058212e-01
-1.3292611727e+00 -1.8466873775e+00 1.0446973696e+00
0 0 0
0 0 0
0 0 0
0 0 0
0 0 0
7.9758688067e+03 -3.2684219566e+00 -2.0649126173e-01
9.3803046290e-01 5.2126618262e-02 3.4261007917e-01
2.3122558475e-02 9.7700599683e-01 -2.1195430982e-01
-3.4578056332e-01 2.0674162094e-01 9.1525608668e-01
-1.0111856276e+00 9.8410571386e-01 -1.7786217209e+01
8.1351150834e+03 -2.8005818026e+00 -6.6653406160e-02
9.3680307064e-01 7.9212386349e-02 3.4077177800e-01
8.3176398043e-04 9.7352425004e-01 -2.2858224505e-01
-3.4985613472e-01 2.1441999075e-01 9.1193462077e-01
-1.0556013539e+00 1.1748276211e+00 -1.7575273982e+01
-8.4453245534e+01 -2.1690904679e-03 2.6436011041e-05
9.9930185740e-01 1.5120790541e-03 3.7329765891e-02
6.2555755240e-03 9.7830270095e-01 -2.0708619726e-01
-3.6832941498e-02 2.0717514073e-01 9.7761024723e-01
-9.2213879501e-02 4.4698524344e-01 -3.4873858624e+00
0 0 0
0 0 0
0 0 0
0 0 0
0 0 0
0 0 0
0 0 0
0 0 0
0 0 0
0 0 0
0 0 0
0 0 0
0 0 0
0 0 0
0 0 0
3.3946138433e+03 3.8854564760e-02 -5.4253674544e-01
9.3565524696e-01 7.7153647086e-02 3.4437853241e-01
1.1284564737e-02 9.6877097652e-01 -2.4770033033e-01
-3.5273491100e-01 2.3564827559e-01 9.0556500196e-01
-1.1251815123e+00 1.6388530214e+00 -1.2668238125e+01
6.4268634433e+03 1.2273036577e-01 -1.1649093505e-01
9.3181065500e-01 6.0871926178e-02 3.5780373368e-01
5.6502929761e-02 9.4948601877e-01 -3.0868061017e-01
-3.5851962591e-01 3.0784884078e-01 8.8130174689e-01
-1.2497421449e+00 2.5835269549e+00 -1.3731489624e+01
8.4198765491e-01 3.7868939712e-01 3.6704788116e+00
193 184 169
11 55 351 395.6801 135.1599 84 176 482.9700 34.5900 23 105 320.4300 -79.0000 24 105 320.4300 -79.0000 69 293 547.1600 322.8700 71 299 572.4500 567.3700 80 268 618.2200 419.9700 72 205 799.9099 965.3899 5 96 389.1200 211.6800 19 138 299.5400 -89.4000 65 517 120.8300 -11.1300
-1.2131402137e+00 3.4629497084e-01 3.6027887463e+00
195 188 178
16 55 1116 -391.3700 190.1200 84 934 -630.2600 16.5100 21 882 -233.1200 14.5500 23 567 -282.0100 -96.8800 24 566 -282.0100 -96.8800 69 871 -524.7200 393.9700 71 639 -506.7700 633.7700 79 880 -425.1000 456.3500 80 806 -444.8300 486.1200 88 1581 -374.8200 411.9399 72 588 -335.7300 1040.6599 5 446 -256.6500 318.8800 7 375 -258.8600 10.3100 13 416 -258.9900 11.7000 19 603 -274.8900 -70.3000 65 1600 -149.2400 0.7100
-1.2124248174e+00 3.4625004899e-01 3.6027395194e+00
195 188 178
14 55 1115 -391.3700 190.1200 84 933 -630.2600 16.5100 21 881 -233.1200 14.5500 23 566 -282.0100 -96.8800 24 565 -282.0100 -96.8800 69 870 -524.7200 393.9700 79 879 -425.1000 456.3500 80 805 -444.8300 486.1200 88 1580 -374.8200 411.9399 5 445 -256.6500 318.8800 7 374 -258.8600 10.3100 13 415 -258.9900 11.7000 19 602 -274.8900 -70.3000 65 1599 -149.2400 0.7100
7.6856496900e-01 -2.1590356915e-01 3.7926468037e+00
45 28 18
11 55 4870 377.9399 -101.7100 84 2158 448.1200 -298.4800 23 1223 339.4400 -248.0800 69 2860 545.1400 19.1300 80 2450 615.7000 116.0400 88 4675 311.2800 173.9900 89 2849 484.3900 755.8201 5 2379 423.8200 43.9900 7 1236 272.8100 -147.6300 13 1465 366.9100 -173.3400 19 1228 297.0300 -260.2300
-1.1468223239e+00 9.5648163682e-01 3.4836918096e+00
201 193 184
12 55 1187 -364.7400 449.5601 84 978 -572.7800 337.4000 23 623 -251.6200 65.0600 24 622 -251.6200 65.0600 69 932 -484.6600 728.0901 71 1064 -474.7400 982.7600 79 947 -386.8900 789.3201 88 1630 -352.0500 647.1299 7 671 -236.0600 164.4400 13 441 -225.0700 179.7400 19 648 -249.6000 103.0700 65 1666 -138.9200 87.9800
8.9629288640e-02 -2.2051201184e-01 3.7682384573e+00
48 28 21
12 55 4901 140.6200 -92.5100 84 3248 73.2000 -305.6801 23 1206 130.8200 -256.0300 24 1205 130.8200 -256.0300 69 2920 216.0100 30.2000 71 3107 239.4100 269.4600 79 2737 306.1100 96.9399 80 2516 287.8300 126.5500 88 4682 84.6300 175.2300 89 4413 97.6899 747.7400 72 2703 428.1801 643.8600 13 951 151.7900 -171.6800
-2.3999851520e-01 -2.1718141200e-01 3.7525586567e+00
136 116 92
7 55 4928 20.0000 -86.9800 84 3251 -111.1899 -306.2300 82 3760 18.0699 -14.3900 83 4192 -13.9800 61.3400 23 1199 26.9700 -258.6000 24 1198 26.9700 -258.6000 88 4691 -26.2400 177.6500
-1.6012403661e-01 5.0316524393e-01 3.6568834326e+00
91 74 57
2 55 22317 28.5200 206.9199 84 7404 -48.6100 77.6400
7.8220959108e-01 4.6855543260e-01 3.6504653935e+00
90 80 63
11 55 8184 374.9900 172.9700 84 5191 447.3101 81.3800 23 2975 299.5700 -56.3600 24 2974 299.5700 -56.3600 69 4560 515.7700 370.1801 71 4712 541.2300 615.5900 79 4224 606.3000 437.0800 80 3978 587.8800 467.1400 72 4352 769.3799 1019.5200 5 2776 369.1400 240.4000 7 2083 250.9800 26.3600
-3.5827730191e-02 5.0607840808e-01 3.6640325869e+00
91 74 51
3 55 8273 71.2500 203.3900 84 5187 8.2800 79.8800 24 2966 64.9600 -60.6300
-4.5981451840e-01 4.8024984654e-01 3.6102217651e+00
163 152 142
9 55 3592 -81.1600 218.1599 84 3461 -217.3000 87.3300 21 1900 -47.5800 53.1200 23 1329 -54.2500 -56.7700 24 1328 -54.2500 -56.7700 5 1868 13.6200 313.3000 7 1354 -54.9000 38.7700 13 1052 -25.5800 43.8600 65 4715 -44.8700 12.9800
-4.7236430181e-01 5.7384707634e-01 3.5904547653e+00
189 179 170
11 55 2424 -86.7200 255.9800 84 2304 -223.0900 136.4900 21 1280 -49.5400 75.1200 23 2011 -58.1200 -31.9500 24 2007 -58.1200 -31.9500 80 1780 -32.5699 574.8799 5 1899 9.5700 343.0400 7 941 -58.9900 61.7000 13 1071 -29.5100 69.5100 19 1331 -56.2100 -16.6000 65 3263 -47.0200 25.7500
-1.3290199220e+00 2.9964433067e-01 3.6091376930e+00
186 176 166
12 55 8183 -441.7300 172.3700 84 5027 -700.0000 -9.6700 21 3933 -265.2600 2.0500 23 2817 -321.4000 -110.1300 24 2816 -321.4000 -110.1300 69 4566 -594.2800 373.4100 71 6584 -576.4900 611.6400 79 5871 -492.5500 436.4399 72 4351 -405.7900 1018.1899 5 2945 -303.1100 312.0700 7 2911 -292.8400 -0.8400 13 2751 -298.9800 -0.5900
-1.1793415345e+00 3.8968820211e-01 3.5947897535e+00
170 159 145
14 55 5315 -377.3700 207.2200 84 3438 -611.0400 38.4900 21 2790 -224.2100 24.9000 23 2897 -270.7100 -84.2100 24 2896 -270.7100 -84.2100 69 4602 -504.0300 417.4301 71 3259 -487.1400 657.5200 79 4261 -404.4100 480.2600 88 4957 -362.2500 427.9301 72 2916 -314.6600 1067.7600 5 1892 -243.3500 331.4500 7 2073 -248.7300 21.9500 13 2813 -247.3400 24.1900 19 1947 -264.1000 -57.4900
9.4296721847e-01 4.5484552199e-01 3.6615244316e+00
99 90 76
7 55 8156 428.1500 160.3500 84 7392 525.4900 73.4800 23 4119 343.0200 -58.2200 24 4121 343.0200 -58.2200 71 6571 613.7400 602.8201 72 6097 846.8301 1005.3301 5 4134 413.0800 230.2600
-1.0031470798e+00 4.1153038367e-01 3.5974746386e+00
159 147 135
13 55 8290 -301.4400 209.5000 84 7330 -510.3100 51.0400 21 4022 -180.1300 31.5000 23 4060 -215.5500 -77.6200 24 4062 -215.5500 -77.6200 69 6535 -400.1800 420.7200 71 6633 -381.4600 661.9399 79 5920 -302.4400 483.3101 80 5736 -322.2800 513.4099 88 10817 -296.6900 434.1200 72 4413 -205.5100 1072.0200 5 4366 -175.7500 326.7100 7 3001 -198.8400 25.8400
8.4190757898e-01 5.0895145848e-01 3.6463546735e+00
183 168 148
5 55 5286 393.5400 185.1899 84 5230 472.0800 102.3800 80 4001 612.9000 484.9500 72 2901 798.6899 1040.6799 5 2801 385.3900 249.7700
-1.0056509840e+00 4.4882957363e-01 3.5889379683e+00
189 178 167
6 55 8325 -302.3400 224.8700 84 7390 -513.9700 72.3400 23 2953 -216.4100 -66.2100 24 2952 -216.4100 -66.2100 72 4426 -206.5100 1096.0100 5 2996 -174.4500 340.2600
-1.0061523960e+00 4.4817419523e-01 3.5890673738e+00
189 178 167
6 55 8326 -302.3400 224.8700 84 7391 -513.9700 72.3400 21 4053 -181.9100 41.3200 23 2954 -216.4100 -66.2100 24 2953 -216.4100 -66.2100 5 2997 -174.4500 340.2600
8.0537544987e-01 5.4733681899e-01 3.6373233434e+00
105 96 79
10 55 8260 381.4301 200.1500 84 7496 451.8500 121.7900 23 3007 300.1100 -34.9400 24 3006 300.1100 -34.9400 69 6520 521.9700 407.8199 71 6621 548.0500 654.7600 80 5723 594.6200 505.4000 72 4408 780.2200 1063.5500 5 4219 374.5300 262.6900 19 3744 284.6100 -42.7000
7.0253361463e-01 5.6476742251e-01 3.6305605841e+00
182 172 154
11 55 13029 345.5000 211.0400 84 7511 396.7300 131.3101 23 4201 271.7200 -31.1700 24 4203 271.7200 -31.1700 69 6533 475.9000 420.7000 71 6639 500.8199 667.8400 79 5924 565.9301 487.8401 80 5739 547.4301 518.3000 72 4418 729.9700 1078.3201 5 4250 347.5900 272.4600 7 3059 228.4800 49.7600
-5.3961981665e-02 5.6684805461e-01 3.6107770203e+00
146 136 126
6 55 3601 70.6500 236.7000 84 3496 -2.1899 130.3800 21 1921 53.3100 76.0200 88 5015 40.1300 476.7000 5 1867 135.9400 313.8700 65 4729 6.8800 20.8100
4.5699649607e-01 5.9824931141e-01 3.6166660272e+00
179 174 158
8 55 5339 257.4301 234.2000 84 3514 265.7500 151.0100 82 4064 370.1500 436.2200 83 4482 365.1200 515.4500 21 1947 183.5400 90.5700 23 2018 201.3400 -22.5600 24 2014 201.3400 -22.5600 88 5028 216.3600 484.5100
-1.0692373758e+00 5.3584740600e-01 3.5691001930e+00
189 181 173
4 55 5372 -328.0100 264.9500 84 5249 -544.9700 119.6500 21 2843 -194.5200 62.4200 13 1766 -209.8300 65.9600
-1.0660609980e+00 5.3808257898e-01 3.5684631914e+00
189 181 173
13 55 5373 -328.0100 264.9500 84 5250 -544.9700 119.6500 21 2844 -194.5200 62.4200 69 3082 -436.6200 494.4900 71 3275 -420.7400 737.9800 79 2873 -339.1600 556.7700 80 2685 -360.0500 586.8701 88 5024 -321.9900 482.7700 5 1928 -197.8600 374.7900 7 1379 -217.1800 59.4500 13 1767 -209.8300 65.9600 19 1966 -228.7400 -16.2700 65 4739 -127.9900 26.5800
1.4144993843e+00 1.1680241828e+00 3.5534429701e+00
127 135 137
4 55 8569 568.7600 408.0801 84 3659 713.8899 423.0601 80 5913 831.1000 771.3799 19 2846 409.9200 103.1000
-1.8526519696e-01 1.1435141226e+00 3.4840363709e+00
146 136 127
5 55 3743 19.5100 474.5601 84 3655 -72.1200 421.1799 23 2141 13.1900 105.9000 24 2137 13.1900 105.9000 65 4858 -9.4600 100.9300
9.4567219498e-01 4.3129179939e-01 3.6664084657e+00
183 174 157
4 55 12836 428.5601 152.0500 84 7358 527.7000 61.5300 23 4102 344.6500 -64.6100 24 4104 344.6500 -64.6100
-1.1565406198e+00 3.9594599511e-01 3.5946847799e+00
82 72 59
14 55 13025 -368.1800 209.3600 84 10874 -596.0000 42.8700 21 4004 -217.3600 26.9000 23 4050 -263.4100 -82.6100 24 4052 -263.4100 -82.6100 69 6532 -490.6100 419.1899 71 6631 -473.0699 660.0601 79 5918 -391.4200 482.0000 80 5733 -411.5000 512.0200 88 10805 -352.7700 430.7400 72 6190 -300.1700 1070.5100 5 6045 -234.6700 331.7600 13 4468 -239.8600 25.4200 19 3728 -257.1300 -56.2200
-8.9183281434e-01 5.6729659694e-01 3.5701887724e+00
117 105 94
10 55 13220 -255.5400 270.2600 84 11058 -448.7300 134.1400 21 4122 -151.7100 70.9900 23 4185 -181.1400 -33.5800 24 4187 -181.1400 -33.5800 69 6591 -335.9600 501.1300 71 6704 -318.6400 745.6799 5 6158 -133.4300 371.6800 7 3079 -168.9300 65.0100 13 4586 -155.6000 73.1200
3.5658678919e-02 1.1400468824e+00 3.4932923858e+00
53 48 40
8 55 8692 101.4100 463.3900 84 7938 40.6400 418.2400 23 4458 70.8200 104.1100 24 4460 70.8200 104.1100 69 6770 140.3700 739.6099 79 6135 231.6400 806.1699 80 6005 212.4000 837.4399 7 3298 57.6900 187.8900
-5.1364126633e-01 -2.1814710706e-01 3.7385780480e+00
145 124 103
5 55 33425 -87.0300 -82.4301 84 10126 -271.0200 -309.9301 23 5513 -65.3900 -262.6100 24 5525 -65.3900 -262.6100 13 6970 -46.5600 -168.6600
-5.2314976642e-01 -2.1316081332e-01 3.7378166647e+00
102 84 64
5 55 33449 -89.2600 -79.7400 84 15318 -274.7200 -305.6100 83 35751 -171.7300 63.7900 23 5520 -66.7600 -260.2300 24 5532 -66.7600 -260.2300
1.5299125435e-01 4.0432440444e-01 3.6362068752e+00
182 172 161
5 55 22095 151.9900 168.6200 84 16548 115.3800 49.0400 23 6283 126.8400 -74.2800 24 6297 126.8400 -74.2800 72 8879 447.2900 1012.5701
1.4805192111e-01 4.1610685992e-01 3.6361948590e+00
174 165 155
4 55 22115 148.9400 173.4099 84 10908 110.3800 55.7600 23 6296 123.6400 -70.6800 24 6310 123.6400 -70.6800
-1.2493555160e+00 1.8405627338e+00 3.3233288840e+00
157 163 156
7 55 15416 -419.8400 840.1000 84 8240 -582.0400 748.7300 23 7215 -260.7100 250.0900 24 7225 -260.7100 250.0900 7 5312 -255.7400 361.4800 13 5270 -230.3700 382.5700 19 4170 -272.3700 335.0000
-5.0770115699e-02 -6.4012991185e-01 3.8429461957e+00
137 121 108
11 55 1487 89.6600 -261.4800 84 803 -1.2800 -568.2800 82 1566 125.8900 -251.8300 83 1134 91.0500 -187.2700 21 428 40.4300 -256.3400 23 283 101.7000 -407.9400 24 283 101.7000 -407.9400 88 2103 38.8300 20.1300 89 1114 22.2800 481.0400 5 296 196.4100 -84.3300 65 2142 7.8200 -150.4500
-1.8247976393e-01 -6.1727611225e-01 3.8331581309e+00
129 114 95
5 55 4683 38.4700 -249.5200 84 3027 -75.9600 -554.2600 21 2336 5.4000 -249.0300 23 1076 54.7300 -402.4900 24 1073 54.7300 -402.4900
-3.8803670472e-01 -5.4782488879e-01 3.8101723296e+00
176 164 148
12 55 445 -36.1500 -221.6500 84 229 -203.1300 -512.1000 23 94 -17.4000 -378.4200 24 94 -17.4300 -378.4400 80 263 44.4800 -50.6100 88 467 -80.3101 54.9600 89 289 -178.7000 535.2200 72 250 171.7600 459.7500 5 86 83.8200 -41.2500 13 91 -4.2000 -284.9900 19 128 -22.7500 -359.9500 65 500 -35.8200 -137.2300
-7.0604206139e-01 -3.8125854338e-01 3.7630916110e+00
179 167 153
11 55 1020 -165.0100 -146.5699 84 523 -390.1899 -408.6100 80 476 -137.1900 49.7200 88 956 -194.9800 119.9500 89 745 -371.2100 637.9800 72 535 -12.7200 564.4800 5 200 -37.9500 33.5700 7 204 -116.9500 -197.2500 13 234 -116.0600 -222.3300 19 313 -121.8300 -304.4200 65 1473 -79.1600 -112.2500
-1.2617681940e-02 -3.6708345296e-01 3.7904129012e+00
185 172 156
17 55 1015 104.5400 -150.7200 84 855 18.1600 -397.8500 82 1029 140.1000 -96.5601 83 1169 110.4100 -27.0100 21 456 51.3900 -171.0500 23 307 103.1300 -306.5800 24 307 103.1300 -306.5800 69 780 167.7600 -51.8199 79 772 257.7900 17.7100 80 693 239.5200 48.3000 88 1459 51.2700 120.3300 89 747 41.4301 651.7200 72 790 374.5000 561.2500 5 318 202.5700 16.2500 13 238 121.3200 -220.7700 19 316 86.6000 -303.4500 65 1471 13.1500 -113.0600
-2.1851154668e-01 -3.7950588785e-01 3.7838559951e+00
182 170 154
16 55 1551 25.8700 -152.0400 84 849 -98.9000 -407.6000 82 1023 31.6700 -105.7100 83 1166 -2.1000 -33.8101 21 454 -5.5800 -174.9900 23 306 36.3000 -313.9200 24 306 36.3000 -313.9200 69 1263 57.5000 -52.9200 79 1229 148.6400 14.5699 80 1134 130.4301 43.6899 88 1457 -19.4700 115.9301 89 1166 -77.1500 642.6500 72 785 263.3400 556.1000 5 321 134.7800 17.3700 13 351 52.4500 -224.9000 19 488 26.6000 -306.1000
-6.0878592030e-01 -3.9290799475e-01 3.7696707498e+00
168 158 144
10 55 1550 -126.1400 -153.3600 84 842 -329.6100 -416.3900 23 302 -97.0000 -324.2000 24 302 -97.0000 -324.2000 80 690 -81.6300 43.1801 88 1450 -158.6300 113.5699 89 1154 -309.6899 630.8300 5 328 -2.7800 27.0300 19 484 -91.3400 -308.6800 65 1465 -65.6100 -114.4900
-8.1055001305e-03 -2.9654935284e-01 3.7780752423e+00
192 185 169
17 55 1037 104.9000 -121.6200 84 875 19.6300 -352.9900 82 1052 140.8000 -55.0699 83 1190 112.6899 15.8800 21 469 52.7400 -150.2100 23 325 102.0900 -283.0600 24 324 102.0900 -283.0600 69 796 167.2000 -10.4700 71 914 190.9800 228.3800 79 787 257.2600 56.0200 80 715 239.7700 85.9500 88 1488 52.5900 147.5900 72 814 376.6500 600.8700 5 602 201.9500 39.3900 13 247 121.7900 -197.7600 19 514 86.1600 -280.8600 65 1500 13.4800 -102.8400
-8.3624951144e-01 5.3912446587e-01 3.5781936978e+00
181 172 157
12 55 1124 -231.8000 256.2600 84 947 -419.7300 120.3600 21 887 -139.5800 64.0200 23 576 -164.9700 -41.1300 24 575 -164.9700 -41.1300 69 876 -304.1800 482.3900 71 1004 -286.5900 726.1300 79 887 -208.9500 545.1200 80 812 -229.0500 575.4399 88 1594 -236.5700 479.0300 19 611 -160.1100 -19.4800 65 1614 -95.8200 24.4500
-8.2199303900e-01 9.8883426456e-01 3.4877763591e+00
177 168 161
13 55 1182 -228.8500 445.2900 84 1552 -401.1500 352.3401 21 1326 -127.2700 168.5400 23 976 -159.6900 72.6000 24 974 -159.6900 72.6000 69 929 -300.8900 722.3000 71 1061 -287.2800 976.8799 79 940 -206.2400 784.1599 80 866 -226.4200 815.6899 7 677 -151.4900 166.7500 13 727 -130.5400 184.5700 19 646 -156.0400 103.8400 65 1665 -93.8900 88.1600
-1.4826981213e-01 -2.6894804618e-01 3.7660581100e+00
89 69 57
10 55 2249 55.8700 -109.1700 84 1341 -58.4399 -338.1100 82 1653 67.4000 -42.2800 83 1794 36.6801 31.6400 21 787 15.9000 -143.1200 23 511 58.5200 -275.8100 24 510 58.5200 -275.8100 88 2215 5.7900 157.3500 89 1758 -36.9100 713.0800 65 2225 -3.5100 -98.7200
-8.2976628544e-01 4.3150716483e-01 3.6009941033e+00
174 166 155
13 55 1686 -229.1300 210.0300 84 1467 -417.0300 62.2000 21 1256 -139.0500 37.7400 23 895 -162.8500 -70.9200 24 893 -162.8500 -70.9200 69 1357 -299.9400 423.0699 71 1524 -281.0000 665.0900 80 1212 -223.9200 516.0601 88 2347 -233.3100 438.4900 72 1338 -101.8500 1075.4600 5 747 -110.8100 322.3200 7 915 -152.1100 29.2000 65 2322 -95.0900 8.8900
-5.1243892107e-01 5.3361986105e-01 3.5971228839e+00
182 172 162
6 55 2418 -103.9700 240.8201 84 2301 -244.6500 115.3201 21 1273 -59.6200 65.0400 23 914 -69.4300 -42.6800 24 912 -69.4300 -42.6800 65 2347 -52.5500 20.5000
-7.9611618926e-01 4.8854911196e-01 3.5892614699e+00
164 154 142
10 55 1695 -216.1900 233.2400 84 2291 -402.6000 93.5699 23 904 -153.1900 -54.9600 24 902 -153.1900 -54.9600 69 1363 -280.5600 453.1200 71 1529 -261.8500 696.2600 80 1218 -204.8000 546.2900 5 756 -99.5300 338.4200 7 928 -142.0600 44.4800 13 681 -126.6400 49.7400
-8.6701127004e-01 1.0682406436e+00 3.4705034660e+00
163 156 146
7 55 1773 -245.3500 479.3600 84 2394 -422.9800 390.7800 21 2023 -135.8700 185.3200 23 1408 -170.5400 91.8900 24 1407 -170.5400 91.8900 88 2454 -247.9700 682.2600 65 2406 -99.4800 99.2900
-2.9955468499e-01 -5.5110823556e-01 3.8145912904e+00
106 83 70
16 55 3232 -3.8200 -223.5200 84 2005 -147.6100 -513.8400 82 2442 -9.9700 -205.0100 23 727 13.4100 -378.8100 24 726 13.4100 -378.8100 69 2748 17.7400 -152.5200 71 2903 43.8000 86.5300 79 2580 109.9000 -83.0800 80 2336 92.6100 -53.3400 88 4404 -47.9301 54.0699 89 2670 -123.2700 533.6000 72 2506 220.1000 455.7800 5 946 110.9400 -46.4000 13 504 26.8700 -286.6400 19 1100 3.9200 -360.8300 65 4345 -24.5300 -137.8400
-2.9948885819e-01 -5.2769837646e-01 3.8099189280e+00
181 175 161
15 55 3240 -1.5800 -213.4700 84 1251 -148.8600 -498.4600 82 2450 -12.1300 -191.3101 21 1090 -30.6600 -220.8000 23 733 13.2500 -369.3800 24 732 13.2300 -369.3900 69 1851 19.4700 -138.1801 80 1104 92.4301 -39.5900 88 2124 -49.5699 62.5100 89 1686 -126.1000 548.8401 72 1714 221.3500 470.3401 5 950 113.9300 -36.1600 13 506 27.0400 -277.9500 19 754 4.6300 -353.0500 65 3033 -24.1700 -134.4100
-5.2579970142e-01 -5.3141667936e-01 3.8014609347e+00
189 179 166
7 55 3241 -91.6200 -212.2300 84 2008 -283.4100 -502.7500 88 3083 -128.9700 61.7900 89 2675 -259.6300 543.7600 5 952 31.1400 -30.7700 7 785 -62.3800 -242.3900 13 505 -51.6800 -279.1300
1.3936457177e-01 5.1358995839e-01 3.6222053369e+00
172 162 150
6 55 1689 143.4100 210.5400 84 1476 102.5900 104.7200 23 907 117.1800 -46.2200 24 905 117.1800 -46.2200 88 2362 108.8400 456.6000 5 1206 193.4500 288.2500
-5.5014180728e-01 4.7941917045e-01 3.6076260367e+00
174 164 152
9 55 2413 -116.6900 220.5601 84 2289 -262.1100 87.2500 23 1331 -78.5300 -56.9300 24 1330 -78.5300 -56.9300 72 1944 61.0500 1091.0701 5 1219 -14.7400 319.3200 7 1356 -77.6300 39.0700 13 1054 -51.1400 44.5700 65 3254 -56.9400 13.4800
-5.2459340076e-01 5.0326600222e-01 3.6035064463e+00
95 85 68
5 55 2416 -106.6900 227.4199 84 2293 -250.3500 98.9100 88 3369 -123.4000 460.1700 5 1229 -6.6800 323.6500 65 3257 -53.6900 15.9700
-8.5550382874e-01 4.4619760215e-01 3.5967092238e+00
98 85 70
15 55 3594 -238.9600 218.4199 84 2284 -430.1801 71.8400 21 1261 -145.1600 41.7100 23 897 -170.6600 -66.4100 24 895 -170.6600 -66.4100 69 2018 -314.5800 432.3900 71 2138 -295.8900 674.3000 79 1914 -218.7800 495.6000 80 1766 -238.3700 525.4099 72 1343 -117.2700 1085.7100 5 1237 -119.7700 329.3900 7 604 -159.2800 33.4500 13 675 -146.0200 37.6600 19 931 -166.1500 -46.8200 65 3252 -98.4800 11.6200
-1.8114542478e-01 -6.1780242742e-01 3.8334019324e+00
129 114 95
7 55 4684 38.4700 -249.5200 84 3028 -75.9600 -554.2600 21 2337 5.4000 -249.0300 23 1077 54.7300 -402.4900 24 1074 54.7300 -402.4900 88 4372 -5.5000 30.1300 89 4197 -51.5699 493.9800
-2.7684580706e-01 -5.4051311399e-01 3.8131616431e+00
95 75 61
14 55 4697 5.8400 -218.6700 84 2006 -134.7900 -507.5900 82 2448 2.0200 -198.5900 23 729 20.8900 -374.5000 24 728 20.8900 -374.5000 69 2750 30.4600 -145.9600 79 2585 122.7600 -76.5500 80 2338 104.6700 -47.2500 88 4410 -41.1000 57.4500 89 2674 -111.6899 539.7700 72 2509 232.4500 462.0100 5 948 120.1600 -42.1800 13 807 33.9100 -283.0400 19 1102 10.8700 -357.4700
-2.1492298049e-01 -4.9897962288e-01 3.8076266439e+00
151 139 125
4 55 3248 30.7700 -203.4700 84 2020 -96.8300 -480.0800 83 4006 -1.5800 -103.3400 89 2687 -74.4301 567.0000
-2.8071978717e-02 -4.1757418694e-01 3.7992898599e+00
162 150 134
12 55 4730 98.7000 -171.2800 84 3094 10.0200 -428.9301 82 3628 133.1899 -125.0400 21 1598 48.0400 -186.9300 23 1106 101.2800 -326.0900 24 1105 101.2800 -326.0900 69 2767 160.9500 -78.2300 80 2363 233.6899 19.1200 89 4274 32.7800 620.2300 72 2562 367.1400 530.9399 13 822 117.3000 -239.3000 19 1648 82.1700 -318.7500
-3.1408119718e-01 -4.3972558142e-01 3.7915112951e+00
198 187 181
11 55 4721 -6.8200 -175.8800 84 3083 -156.1000 -443.7500 82 3605 -21.0900 -142.0500 83 4027 -56.8101 -68.5900 23 1094 6.6800 -337.5500 24 1093 6.6800 -337.5500 80 2349 83.5900 10.2200 89 4250 -133.7600 603.5000 72 2542 213.5400 522.5500 13 810 22.0800 -246.6200 19 1104 -1.3200 -325.2000
-2.2863767920e-01 -3.4725906359e-01 3.7776242338e+00
171 156 139
15 55 3296 22.4700 -140.1600 84 4516 -106.2800 -386.0300 82 5514 24.7800 -87.4700 83 6142 -8.6300 -13.9301 21 2404 -8.0300 -166.2700 23 1657 32.3600 -303.5600 24 1653 32.3600 -303.5600 79 2631 144.1400 32.3800 80 2396 126.3900 62.4000 88 6674 -23.6100 128.9900 89 6434 -85.1000 663.5800 72 2596 258.6300 576.6000 5 1558 131.3500 29.2000 13 1368 49.7400 -213.6000 19 1670 23.2300 -295.4500
-2.4721282315e-01 -3.4277753215e-01 3.7762926619e+00
30 14 8
18 55 3301 14.8600 -136.3600 84 2065 -115.8400 -382.7700 82 3656 15.2000 -85.0500 83 2704 -18.2900 -11.4800 21 1107 -12.6100 -164.6600 23 1128 25.9300 -302.4500 24 1127 25.9300 -302.4500 69 2801 41.4900 -33.0200 71 2977 66.6600 205.4399 79 2632 133.3700 35.1000 80 2397 115.1899 64.6801 88 4541 -29.9900 131.9900 89 2739 -94.8600 666.8400 72 2602 246.9500 579.2700 5 1561 123.2500 31.3000 13 852 43.2500 -212.4400 19 1136 17.4500 -294.4200 65 4430 -17.2200 -108.4300
-1.9607306951e-01 -2.1503621989e-01 3.7539203786e+00
140 122 101
14 55 4932 35.4100 -86.5900 84 3250 -89.5699 -304.7900 82 5655 37.7500 -12.8400 83 4198 6.9200 63.1600 23 1739 39.4600 -257.6300 24 1735 39.4600 -257.6300 69 2938 68.2200 38.8199 79 2755 159.8101 105.7800 80 2537 141.5400 135.3199 88 4694 -13.8500 178.6600 89 4415 -69.6300 747.7100 72 2732 276.1100 654.1100 5 2427 139.9900 76.2500 13 1468 58.7500 -168.3600
1.1419249690e+00 -2.4853410161e-01 3.8188646015e+00
187 176 166
10 55 4821 502.1100 -121.0601 84 3231 651.7500 -316.0500 69 4216 718.0900 -3.8400 79 3883 807.8800 63.0601 80 3600 788.6899 93.8199 88 6788 430.4301 158.6100 89 4399 691.4099 738.1600 72 3909 952.8101 605.1200 19 1714 395.0000 -271.5300 65 4456 152.4200 -101.5800
-2.1716480126e-01 3.6001746416e-01 3.6840861092e+00
159 148 132
7 55 3563 9.6500 157.2900 84 3424 -72.6801 9.9600 24 1929 22.5900 -98.7900 80 2646 99.2000 437.7000 88 3345 -8.3400 400.0900 19 1932 17.4300 -85.8200 65 4698 -12.2300 -6.3800
9.2184290771e-02 4.9157807286e-01 3.6311934489e+00
166 157 146
2 55 3585 123.9900 202.0500 84 3462 73.9301 91.0601
-1.2956734505e-01 5.8447911109e-01 3.6063946421e+00
156 146 134
4 55 3604 41.9500 245.7600 84 3507 -43.8600 138.8800 21 1927 34.6000 79.1300 65 4736 -2.9200 23.5500
-4.9849667147e-01 4.9708841182e-01 3.6056841307e+00
180 173 167
7 55 3597 -95.4700 225.4800 84 3468 -236.9800 95.9301 88 4985 -115.1900 456.6700 72 1945 91.2000 1099.0500 5 1226 3.9100 322.1300 13 1755 -37.3400 48.5000 65 4721 -49.9300 15.1900
-1.8647556337e-01 5.8475101198e-01 3.6024812457e+00
145 134 125
4 55 3607 20.8300 248.6400 84 3511 -72.0500 140.4099 21 1929 20.8400 79.2500 5 1883 95.9400 327.6200
-3.5398862125e-01 5.5140842110e-01 3.6034046911e+00
146 139 129
5 55 3603 -40.5200 240.7200 84 3489 -158.2400 122.8301 88 5013 -63.3800 474.9100 5 1884 46.6400 327.1800 65 4730 -31.1100 21.0200
-8.5175605738e-01 5.1493450651e-01 3.5826160429e+00
84 75 65
10 55 8366 -237.4200 246.8201 84 5238 -428.1500 106.6500 21 4094 -142.8100 58.7400 79 4274 -218.1500 532.6200 80 4039 -237.5100 562.7000 88 7533 -242.4800 469.7700 5 1906 -120.4900 351.1700 7 2122 -158.2500 51.1100 13 2861 -144.2700 57.3900 19 2752 -164.9000 -26.5600
-8.3235622064e-01 5.2448503499e-01 3.5815084628e+00
182 178 166
14 55 3611 -230.3600 249.6400 84 3478 -417.9000 112.1799 23 1999 -163.8000 -45.0800 24 1995 -163.8000 -45.0800 69 3078 -302.2000 473.8800 71 2147 -283.8300 717.8201 79 2868 -206.7000 536.9600 80 2678 -226.0200 566.8999 88 3379 -234.9400 473.7500 5 1909 -111.7100 353.2700 7 1372 -153.2800 54.1500 13 1760 -138.1500 59.4500 19 1329 -159.2200 -23.7000 65 3260 -95.4800 22.4800
3.2921838047e-01 1.1832103218e+00 3.4952914098e+00
120 108 90
11 55 3731 211.2400 458.9199 84 3670 180.0601 439.1899 21 2066 141.7200 224.4800 23 1430 144.6700 117.5000 24 1429 144.6700 117.5000 80 2776 358.7500 841.4299 88 3519 167.8300 694.6099 7 1514 125.5500 194.2900 13 1897 191.0000 221.3500 19 2076 150.1800 128.3100 65 4854 54.6400 97.8100
-1.8580286415e-01 1.1441025601e+00 3.4840172982e+00
146 136 127
8 55 3742 19.5100 474.5601 84 3654 -72.1200 421.1799 23 2140 13.1900 105.9000 24 2136 13.1900 105.9000 7 1508 5.6500 191.6700 13 1139 51.6200 213.7800 19 2078 17.7300 129.8000 65 4857 -9.4600 100.9300
-9.0410453952e-01 9.9900658475e-01 3.4823131297e+00
175 170 158
8 55 5553 -262.0500 453.7100 84 5384 -445.4000 358.1899 21 2955 -146.0100 170.3000 23 3078 -182.2200 75.6700 24 3077 -182.2200 75.6700 80 2767 -270.8600 826.4099 88 5124 -263.0500 657.0300 7 2230 -172.5300 170.3000
-9.9216065379e-02 -6.1544408243e-01 3.8355523782e+00
147 131 115
5 55 7357 72.4300 -251.2200 84 4376 -29.8300 -554.1100 82 5378 98.8500 -239.4800 83 6033 63.7800 -173.6200 89 4196 -6.7600 495.1899
-2.1104690957e-01 -5.4240313944e-01 3.8163475495e+00
141 125 109
14 55 7382 30.3600 -220.2700 84 4405 -94.3600 -508.1600 82 5404 38.2400 -198.2500 83 6058 2.1300 -129.5200 21 2347 -3.7000 -226.2000 23 1592 44.0800 -374.7300 24 1591 44.0800 -374.7300 69 4108 65.5100 -147.7100 71 4259 90.8101 91.9500 79 3778 157.3500 -78.5200 88 6498 -16.5699 56.7500 89 6300 -71.2800 540.0601 72 3789 268.1801 459.7700 5 2267 140.6000 -45.1500
-3.8234668262e-01 1.3383737525e-01 3.6971733539e+00
224 219 208
6 55 7943 -44.9800 54.8600 84 4919 -168.4399 -90.1200 23 2731 -25.8800 -151.2800 24 2729 -25.8800 -151.2800 7 2813 -32.9400 -46.1800 13 2643 -0.6700 -55.4700
8.8898250446e-02 5.2364998303e-01 3.6176253976e+00
189 185 181
11 55 5323 126.7400 216.5701 84 3476 76.8700 110.4099 21 1914 91.4700 68.3500 23 2002 103.8700 -43.3400 24 1998 103.8700 -43.3400 80 4028 255.0200 524.0701 72 2924 411.8700 1084.8899 5 2902 181.9600 294.0600 7 2119 83.2500 44.7900 13 1756 138.1500 50.8700 19 1949 98.7500 -38.2100
1.4025012422e-01 5.7177914320e-01 3.6122553080e+00
102 91 81
11 55 5340 143.6000 233.8000 84 3500 102.6100 134.5400 21 2872 104.6500 79.7900 23 2009 115.8900 -31.7300 24 2005 115.8900 -31.7300 80 4036 277.0300 544.8301 88 5016 109.2600 477.7400 5 2922 192.7800 304.4000 7 2128 93.8000 55.4600 13 1765 151.7000 62.1700 19 2749 110.8400 -26.9400
-4.2710766605e-01 5.8326350095e-01 3.5936786918e+00
190 180 171
2 55 5360 -68.1300 256.0200 84 5262 -196.2100 138.9399
-4.0274780641e-01 5.8904924975e-01 3.5911808586e+00
125 110 100
7 55 5365 -60.3800 259.0601 84 5267 -185.6300 144.3600 21 2873 -32.4600 79.5400 23 2013 -38.7500 -28.1400 24 2009 -38.7500 -28.1400 5 2998 30.6800 343.7700 7 2139 -41.5800 64.4800
-8.5551020136e-01 7.0318814203e-01 3.5464330691e+00
173 161 152
9 55 5426 -243.0500 329.9600 84 5298 -418.8300 204.3301 23 3032 -167.5600 -0.2900 24 3031 -167.5600 -0.2900 71 4802 -302.3300 819.9299 80 4072 -241.9900 664.7300 7 2160 -158.1600 97.7100 13 2899 -140.5700 107.6500 19 1991 -164.7200 26.9300
3.3483641693e-01 1.1259561226e+00 3.5071898999e+00
107 99 81
11 55 5513 213.2400 436.7200 84 3650 184.1300 411.8301 21 2057 143.5500 212.1600 23 2139 148.1800 105.0400 24 2135 148.1800 105.0400 80 2757 363.3000 812.6001 88 5152 169.7400 673.2500 7 2261 128.1200 181.6200 13 3049 193.6900 207.2700 19 2058 152.5500 113.9600 65 4825 55.3600 90.0900
2.9594470569e-01 1.1806689928e+00 3.4943824664e+00
110 100 83
11 55 3732 198.9600 459.7300 84 3671 164.0200 438.4399 21 2065 133.4800 223.5000 23 2157 135.8300 116.9500 24 2153 135.8300 116.9500 80 2777 343.5400 842.3599 88 3520 156.9500 694.3301 7 1515 117.8600 194.0800 13 1141 182.0200 221.2800 19 2077 141.8500 128.3900 65 4855 50.6100 97.9100
-8.7069257988e-01 8.4230350053e-01 3.5174989138e+00
162 157 143
5 55 8538 -249.3900 387.8700 84 7730 -423.3900 275.3900 23 3056 -171.2100 34.4200 24 3055 -171.2100 34.4200 13 4788 -142.9300 144.1400
-2.0277111106e-01 -5.9187069390e-01 3.8256766161e+00
76 57 42
2 55 11677 29.6900 -242.1899 84 9705 -90.2200 -543.6500
-2.1354175115e-01 -5.6744887936e-01 3.8213532573e+00
139 122 104
12 55 11697 29.0400 -229.8300 84 6555 -95.2300 -523.8400 82 8117 38.9800 -212.5200 83 9265 1.6300 -144.2200 23 3564 43.6100 -384.0800 24 3564 43.6100 -384.0800 69 13895 63.6100 -163.0601 71 8883 89.9800 76.7100 79 12537 155.8199 -94.1500 88 14241 -17.8700 47.8300 89 9213 -71.0000 524.0400 72 12435 265.2600 444.1500
8.1694827536e-02 5.0668401410e-01 3.6190938013e+00
95 89 77
10 55 8293 124.3900 210.3900 84 7463 73.4600 102.0200 21 4106 89.5700 64.4900 23 4143 102.0400 -47.4700 24 4145 102.0400 -47.4700 72 6196 406.6801 1075.7700 5 4288 179.2200 290.0300 7 4436 81.2300 41.1100 13 4536 135.7800 46.6100 19 3743 96.7400 -42.8100
5.8437086107e-02 5.2238584440e-01 3.6163759960e+00
89 81 68
9 55 8308 116.5800 217.3500 84 7476 61.3700 110.1200 21 4114 84.2100 68.1100 23 4151 95.2400 -43.5500 24 4153 95.2400 -43.5500 80 8312 239.4600 524.6300 72 6208 395.3199 1085.7200 5 4302 172.4800 295.7300 7 4453 75.4600 45.0400
3.6961240634e-02 5.3733641083e-01 3.6133291151e+00
94 85 73
9 55 8324 108.1800 223.8700 84 7490 49.6100 117.8101 21 4125 78.4300 71.4600 23 3005 88.7000 -39.7100 24 3004 88.7000 -39.7100 80 5749 228.8900 533.4099 72 6220 383.2300 1095.5100 5 4310 165.7300 301.3700 7 3057 69.9000 48.7900
1.5024917633e-01 1.1538609802e+00 3.4950237248e+00
161 150 141
5 55 8691 142.2800 462.6699 84 7954 96.7200 423.8101 23 4472 99.7300 106.8100 24 4475 99.7300 106.8100 7 3301 83.5300 188.9100
3.5850421996e-02 1.1398748261e+00 3.4932337427e+00
53 48 40
9 55 8693 101.4100 463.3900 84 7939 40.6400 418.2400 21 4391 77.4400 209.1700 69 6771 140.3700 739.6099 71 6924 162.3400 997.9099 79 6136 231.6400 806.1699 80 6006 212.4000 837.4399 7 3299 57.6900 187.8900 19 3956 75.0700 124.5000
-1.2811371367e-01 1.1271783409e+00 3.4894222734e+00
75 71 59
7 55 8708 40.8000 466.4700 84 7927 -42.3101 413.5200 69 6782 60.0100 744.5300 71 6933 80.5900 1002.6599 79 6143 151.7400 810.2500 80 6014 132.5300 841.6899 13 4973 67.0100 209.5300
-1.2792596492e-01 1.1282314069e+00 3.4894041656e+00
75 71 59
11 55 8709 40.8000 466.4700 84 7928 -42.3101 413.5200 21 4377 38.4400 205.1300 23 4446 28.2300 102.0800 24 4448 28.2300 102.0800 69 6783 60.0100 744.5300 79 6144 151.7400 810.2500 80 6015 132.5300 841.6899 88 11537 14.7700 689.3799 7 3291 19.2600 187.6600 13 4974 67.0100 209.5300
-2.9077134272e-01 1.1168147570e+00 3.4852196737e+00
80 77 66
3 55 8717 -19.9800 469.7400 84 7913 -124.5900 409.0400 69 6791 -20.8600 749.6299
-2.2183826849e-01 1.1587954284e+00 3.4791339736e+00
91 80 68
7 55 8743 6.3500 481.7700 84 7969 -90.6500 429.2700 21 4400 15.5100 210.8700 23 4487 2.9800 109.9400 24 4490 2.9800 109.9400 88 7893 -18.5000 701.5300 7 3315 -3.1400 195.9500
-2.6689365132e-01 1.1574447730e+00 3.4777355394e+00
91 83 71
6 55 8747 -10.7100 482.8201 84 7967 -114.1899 428.2800 21 4397 4.9800 209.9100 23 4485 -8.9400 109.4900 24 4488 -8.9400 109.4900 7 3316 -14.0800 195.9200
-4.3903927266e-01 1.1453231352e+00 3.4728144488e+00
89 76 66
6 55 13972 -75.9800 486.9199 84 7955 -201.6000 423.7600 21 6442 -35.2200 205.6800 23 4473 -54.2900 107.4400 24 4476 -54.2900 107.4400 7 3319 -55.4000 196.1200
-5.4885424430e-01 1.1348050638e+00 3.4693172019e+00
70 60 48
3 55 13993 -117.5500 490.8101 84 11640 -256.8900 423.0200 88 11593 -134.1500 700.7500
-8.4581258849e-01 1.1176833180e+00 3.4616627916e+00
86 75 62
5 55 8772 -235.8400 496.8800 84 7933 -410.9600 414.2600 21 6401 -129.7100 196.5600 23 4457 -164.0700 103.6400 24 4459 -164.0700 103.6400
-7.6748203994e-02 -6.8247597954e-01 3.8504167459e+00
140 124 106
5 55 11594 80.1000 -278.1801 84 14407 -11.8700 -597.1500 23 3516 94.9000 -426.9700 24 3516 94.9000 -426.9700 72 12289 338.3000 374.7500
-7.3520440668e-02 -6.3569191766e-01 3.8408661720e+00
166 153 139
14 55 11645 82.9000 -259.3101 84 9669 -12.2500 -566.5300 82 11747 115.5000 -250.0601 83 13969 80.1801 -185.1200 21 5209 35.4800 -255.0100 23 3539 94.3000 -407.4400 24 3539 94.3000 -407.4400 69 8831 141.1500 -202.9500 71 8865 165.9399 37.7100 79 7931 231.8000 -133.6000 80 7581 213.6801 -103.9200 89 13363 11.2900 482.3600 72 7956 342.3400 402.5801 5 5141 189.5600 -84.5200
-2.2352218712e-01 -4.4530709472e-01 3.7967513743e+00
196 186 174
10 55 20206 26.1300 -179.8900 84 9868 -102.2400 -446.4800 82 11878 28.8900 -142.9900 83 14132 -4.8700 -71.7600 23 5309 37.2100 -338.5800 24 5319 37.2100 -338.5800 69 8875 57.9500 -91.9399 80 7645 130.7500 5.6801 88 14420 -21.9500 93.1801 89 13602 -79.7200 601.2900
-2.0845890806e-01 -4.4320251196e-01 3.7969193989e+00
198 187 187
13 55 11809 31.8700 -179.6200 84 6642 -93.8800 -445.2500 82 11882 37.0000 -141.1500 83 9342 2.6801 -70.3300 21 5302 -3.0200 -194.5100 23 3614 42.0000 -337.7000 24 3615 42.0000 -337.7000 69 8884 66.6400 -90.6500 80 7648 139.3300 6.6801 89 9310 -71.3800 602.7300 72 8095 270.2900 517.8500 13 3797 57.1800 -248.0900 19 3300 30.3400 -326.8500
-3.9177541852e-01 -3.2695502025e-01 3.7662757555e+00
74 61 51
7 55 20508 -40.8200 -128.1600 84 10024 -200.2700 -374.5699 83 14276 -99.4600 -2.3800 23 3664 -22.8000 -298.7800 24 3666 -22.8000 -298.7800 5 5367 73.7500 41.5900 19 4631 -25.6400 -288.8700
-6.2346133974e-01 -3.3378384383e-01 3.7566258948e+00
91 79 70
12 55 11954 -132.9000 -127.9200 84 15052 -339.3300 -380.1500 23 5406 -102.5500 -303.6000 24 5415 -102.5500 -303.6000 69 14137 -168.3500 -20.7000 71 14125 -141.2300 216.1799 80 12544 -91.7900 76.0800 89 13749 -321.0601 667.5900 72 8212 34.4800 592.6699 5 5375 -9.8200 48.1200 13 6799 -85.9400 -207.5900 19 4629 -96.6700 -289.7900
4.6065840017e-02 5.3187352560e-01 3.6248145320e+00
