# Bundle file v0.3
90 7291
0 0 0
0 0 0
0 0 0
0 0 0
0 0 0
0 0 0
0 0 0
0 0 0
0 0 0
0 0 0
2.8637675125e+03 5.3826243341e-02 -3.1642988129e-01
7.9830131705e-01 1.7081171148e-01 5.7752780576e-01
-1.7698779610e-01 9.8313144411e-01 -4.6128989078e-02
-5.7566511726e-01 -6.5390540795e-02 8.1506671503e-01
-2.4616850579e+00 3.5776183684e-01 -6.3023598874e+00
0 0 0
0 0 0
0 0 0
0 0 0
0 0 0
0 0 0
0 0 0
0 0 0
0 0 0
0 0 0
1.2222453750e+03 -4.2162373699e-02 1.0791531801e-01
8.3997672986e-01 8.9874355343e-02 5.3512773572e-01
-1.0934557037e-01 9.9399270026e-01 4.6966010324e-03
-5.3149095903e-01 -6.2458883062e-02 8.4475810052e-01
-1.5434023367e+00 2.9728086890e-01 -6.5470988737e+00
0 0 0
0 0 0
0 0 0
0 0 0
0 0 0
9.7299150214e+02 2.6462470942e-02 -1.1019831129e-01
9.2901506971e-01 4.8586604908e-02 3.6683830507e-01
-5.3569211447e-02 9.9855832464e-01 3.4076209936e-03
-3.6614387859e-01 -2.2816969986e-02 9.3027847769e-01
-1.1082349889e+00 -3.7282880098e-01 -7.0829200905e+00
1.1460175665e+03 -1.6513803156e-02 1.0292079026e-01
8.1391863199e-01 7.7839552884e-02 5.7574079628e-01
-2.1737029883e-01 9.5980917352e-01 1.7752888105e-01
-5.3878252912e-01 -2.6964301293e-01 7.9812657636e-01
-1.8481469274e+00 -1.1691683480e+00 -6.3673478892e+00
1.0595135269e+03 -5.1381336716e-02 6.1416359046e-02
8.8988074700e-01 6.1322153495e-02 4.5205292788e-01
-1.2714955947e-02 9.9387328882e-01 -1.0979169211e-01
-4.5601599315e-01 9.1953679927e-02 8.8520841316e-01
-1.5924776587e+00 6.8921496343e-02 -8.7229472653e+00
2.4081508324e+03 3.5142233400e-02 -8.3162192635e-02
9.3778736900e-01 3.0175614151e-02 3.4589634698e-01
-1.1882149067e-01 9.6395680192e-01 2.3805196361e-01
-3.2624577223e-01 -2.6434204420e-01 9.0757202456e-01
-2.8388830266e-01 -1.3308408187e+00 -6.7124325054e+00
0 0 0
0 0 0
0 0 0
0 0 0
0 0 0
1.3274783955e+03 -5.6611792836e-01 3.2654731338e-02
8.6226230664e-01 1.3068067040e-01 4.8931204454e-01
7.2813409882e-03 9.6283929018e-01 -2.6997682005e-01
-5.0640961348e-01 2.3635368345e-01 8.2926849675e-01
-2.0626349134e+00 8.7684212794e-01 -1.3204664080e+01
9.4156956674e+02 8.0895420422e-02 -1.4066988532e-01
9.7160521606e-01 5.2638642354e-02 2.3067829863e-01
-6.8013981856e-02 9.9592581326e-01 5.9210410872e-02
-2.2662171652e-01 -7.3218493666e-02 9.7122687864e-01
-4.8288028204e-01 -5.8086628800e-01 -6.5984963883e+00
8.5349823806e+02 -1.7341763743e-01 5.7009239729e-02
9.1619270605e-01 1.0582618790e-01 3.8651228098e-01
-7.5582140958e-03 9.6889298157e-01 -2.4736463704e-01
-4.0066669289e-01 2.2371233362e-01 8.8849253964e-01
-1.1903922685e+00 1.4646615167e+00 -8.5110075119e+00
0 0 0
0 0 0
0 0 0
0 0 0
0 0 0
0 0 0
0 0 0
0 0 0
0 0 0
0 0 0
0 0 0
0 0 0
0 0 0
0 0 0
0 0 0
7.0641152924e+02 2.0890624649e-02 -3.8678377458e-02
9.6663061203e-01 9.7797929601e-02 2.3677167238e-01
-9.2426563564e-02 9.9514877698e-01 -3.3708189192e-02
-2.3891963131e-01 1.0699375521e-02 9.7098039792e-01
-1.6645078884e+00 -1.3387430652e+00 -6.7372633799e+00
1.3345818809e+03 -4.6605869672e-02 4.4045625636e-01
9.1214825263e-01 8.3165232271e-02 4.0133416173e-01
-8.8935776339e-02 9.9602822469e-01 -4.2665335646e-03
-4.0009497987e-01 -3.1801254109e-02 9.1592176921e-01
-1.2308069718e+00 -6.4546621179e-01 -7.8906324450e+00
0 0 0
0 0 0
0 0 0
0 0 0
0 0 0
8.1782994775e+02 5.8754857412e-02 -3.3350701171e-01
9.9986485150e-01 1.3060256566e-02 -9.9854110865e-03
-1.3208021159e-02 9.9980207474e-01 -1.4878155926e-02
9.7891221878e-03 1.5008032686e-02 9.9983945313e-01
3.0726561852e-01 -2.3222612533e-01 -6.7374339645e+00
0 0 0
0 0 0
0 0 0
0 0 0
0 0 0
9.8889679402e+02 4.8616067165e-03 -1.8826827086e-02
9.6621901514e-01 3.8631275440e-03 2.5769340508e-01
-5.5340844958e-02 9.7967358703e-01 1.9281352070e-01
-2.5171055928e-01 -2.0056106085e-01 9.4679303716e-01
-6.5341467484e-01 -1.3766472939e+00 -6.7008189774e+00
1.0103291841e+03 2.5152962208e-02 4.0262751276e-02
-9.9254998699e-01 4.8033127891e-02 -1.1197027259e-01
-1.1585743696e-01 -6.5648737700e-01 7.4538673059e-01
-3.7703814399e-02 7.5280617855e-01 6.5716153258e-01
8.5512460613e-02 -2.2699630241e+00 5.4387559690e-01
0 0 0
0 0 0
0 0 0
0 0 0
0 0 0
0 0 0
0 0 0
0 0 0
0 0 0
0 0 0
0 0 0
0 0 0
0 0 0
0 0 0
0 0 0
0 0 0
0 0 0
0 0 0
0 0 0
0 0 0
0 0 0
0 0 0
0 0 0
0 0 0
0 0 0
0 0 0
0 0 0
0 0 0
0 0 0
0 0 0
0 0 0
0 0 0
0 0 0
0 0 0
0 0 0
0 0 0
0 0 0
0 0 0
0 0 0
0 0 0
0 0 0
0 0 0
0 0 0
0 0 0
0 0 0
5.4981889633e+03 2.1333677961e-01 2.8461429048e-03
7.9492106182e-01 1.6847473965e-01 5.8285226908e-01
-1.1921152289e-02 9.6482408451e-01 -2.6262591660e-01
-6.0659573985e-01 2.0181860183e-01 7.6896739876e-01
-2.0977393524e+00 -3.3244030716e-01 -2.3973765780e+01
2.8271148073e+03 -1.2208001708e-01 5.1582920796e-01
8.4934544769e-01 1.2038287967e-01 5.1392633010e-01
-5.5763131327e-02 9.8866087567e-01 -1.3942792438e-01
-5.2488359059e-01 8.9764331411e-02 8.4642754039e-01
-1.6230288923e+00 9.0034301655e-02 -1.0865546703e+01
2.7913220178e+03 -7.1170527656e-02 2.1629190521e-01
8.1643711582e-01 1.2494364536e-01 5.6375484158e-01
-3.4458933561e-02 9.8511211435e-01 -1.6842417896e-01
-5.7640525485e-01 1.1808136027e-01 8.0858751817e-01
-2.2614920350e+00 4.9750075184e-01 -1.0652668466e+01
0 0 0
0 0 0
0 0 0
0 0 0
0 0 0
2.7373494035e+03 5.0315753351e-02 -2.4618530684e-01
8.2609376971e-01 1.4583104724e-01 5.4433665072e-01
3.3609133869e-02 9.5146718520e-01 -3.0590949903e-01
-5.6252956347e-01 2.7100461461e-01 7.8109985859e-01
-2.1157063643e+00 2.2038436199e+00 -1.0457299707e+01
2.7399072481e+03 -3.3021646571e-02 3.4473264256e-02
8.9531778238e-01 1.0776296759e-01 4.3219580212e-01
2.2191923500e-02 9.5829678356e-01 -2.8491190419e-01
-4.4487479933e-01 2.6467795041e-01 8.5558868359e-01
-6.5605442802e-01 1.9434855369e+00 -1.0648859481e+01
0 0 0
0 0 0
0 0 0
0 0 0
0 0 0
2.8890641659e+03 1.6305287477e-02 -1.1919954997e-01
8.3947511980e-01 7.0732176092e-02 5.3877498319e-01
-3.7892208607e-03 9.9223002785e-01 -1.2435921212e-01
-5.4338491426e-01 1.0235492708e-01 8.3322044133e-01
-1.8840693249e+00 3.9863661768e-01 -9.5218272237e+00
0 0 0
0 0 0
0 0 0
0 0 0
0 0 0
0 0 0
0 0 0
0 0 0
0 0 0
0 0 0
0 0 0
0 0 0
0 0 0
0 0 0
0 0 0
0 0 0
0 0 0
0 0 0
0 0 0
0 0 0
0 0 0
0 0 0
0 0 0
0 0 0
0 0 0
0 0 0
0 0 0
0 0 0
0 0 0
0 0 0
0 0 0
0 0 0
0 0 0
0 0 0
0 0 0
0 0 0
0 0 0
0 0 0
0 0 0
0 0 0
0 0 0
0 0 0
0 0 0
0 0 0
0 0 0
0 0 0
0 0 0
0 0 0
0 0 0
0 0 0
0 0 0
0 0 0
0 0 0
0 0 0
0 0 0
0 0 0
0 0 0
0 0 0
0 0 0
0 0 0
0 0 0
0 0 0
0 0 0
0 0 0
0 0 0
-2.8230461274e+03 1.3099797552e-01 6.0137873838e-01
9.7269965520e-01 -1.1335259935e-01 -2.0250078764e-01
1.2919138889e-03 8.7522529909e-01 -4.8371376536e-01
2.3206402507e-01 4.7024659920e-01 8.5147778844e-01
1.0749691868e+00 1.8384408078e+00 3.2636173886e+00
0 0 0
0 0 0
0 0 0
0 0 0
0 0 0
4.0807274907e+03 -3.1968347002e-01 -1.1616871586e-03
8.3837261002e-01 2.0478481169e-01 5.0516784109e-01
-1.0176053026e-02 9.3246588708e-01 -3.6111468728e-01
-5.4500258230e-01 2.9760804816e-01 7.8383776061e-01
-1.7265536231e+00 9.6791432350e-01 -4.2454630859e+01
0 0 0
0 0 0
0 0 0
0 0 0
0 0 0
0 0 0
0 0 0
0 0 0
0 0 0
0 0 0
0 0 0
0 0 0
0 0 0
0 0 0
0 0 0
0 0 0
0 0 0
0 0 0
0 0 0
0 0 0
0 0 0
0 0 0
0 0 0
0 0 0
0 0 0
0 0 0
0 0 0
0 0 0
0 0 0
0 0 0
0 0 0
0 0 0
0 0 0
0 0 0
0 0 0
1.1123834294e+03 -2.0572175300e-01 8.9262209697e-04
8.5704094659e-01 1.5388574655e-01 4.9173162688e-01
-4.5050152168e-02 9.7308382589e-01 -2.2600520256e-01
-5.1327507212e-01 1.7154312812e-01 8.4090525955e-01
-1.7611188640e+00 4.1898216732e-01 -1.0928346895e+01
0 0 0
0 0 0
0 0 0
0 0 0
0 0 0
0 0 0
0 0 0
0 0 0
0 0 0
0 0 0
2.2151270758e+03 -7.2484938162e-02 5.1591531114e-02
9.5527510522e-01 4.3290430806e-02 2.9253275364e-01
6.8148455236e-02 9.3037395974e-01 -3.6022226901e-01
-2.8775903357e-01 3.6404702119e-01 8.8581290630e-01
5.2841135705e-01 2.6115192290e+00 -8.8142181213e+00
2.4696456231e+03 -3.2306230204e-02 7.6598526877e-02
8.8063658256e-01 9.2181781961e-02 4.6473834416e-01
-4.1058203674e-02 9.9204818377e-01 -1.1897321126e-01
-4.7200999287e-01 8.5690840593e-02 8.7741874067e-01
-1.4767908109e+00 6.7711561807e-01 -7.6762343780e+00
0 0 0
0 0 0
0 0 0
0 0 0
0 0 0
2.4678542669e+03 -3.8217313991e-02 1.0225213855e-01
8.8142312977e-01 8.4997011659e-02 4.6461680373e-01
1.0140572326e-02 9.8004300926e-01 -1.9852674579e-01
-4.7221863061e-01 1.7969754592e-01 8.6297065819e-01
-1.4360199980e+00 1.4016361315e+00 -7.6171756049e+00
2.4762561967e+03 -2.3107063308e-02 4.3498814564e-02
9.1127764799e-01 9.1306894177e-02 4.0154215141e-01
5.4272998795e-02 9.3997127072e-01 -3.3691015392e-01
-4.0820030608e-01 3.2881158935e-01 8.5161930980e-01
-8.8622206733e-01 2.5498496437e+00 -7.4216215890e+00
0 0 0
0 0 0
0 0 0
0 0 0
0 0 0
0 0 0
0 0 0
0 0 0
0 0 0
0 0 0
0 0 0
0 0 0
0 0 0
0 0 0
0 0 0
0 0 0
0 0 0
0 0 0
0 0 0
0 0 0
2.3342731817e+03 7.0006788771e-03 -3.5822325151e-03
8.9155648083e-01 1.1050271474e-01 4.3922225754e-01
1.0310840290e-02 9.6457575508e-01 -2.6360443716e-01
-4.5279214664e-01 2.3954699488e-01 8.5883438985e-01
-1.0369289782e+00 1.7009845762e+00 -9.3191803746e+00
0 0 0
0 0 0
0 0 0
0 0 0
0 0 0
2.4680669125e+03 -9.3936332781e-03 6.5739849431e-03
8.9362651961e-01 9.0712831837e-02 4.3954843372e-01
-2.9608713295e-02 9.8914328249e-01 -1.4394058079e-01
-4.4783363824e-01 1.1561465669e-01 8.8661055916e-01
-1.2186998700e+00 8.9154138751e-01 -7.7479992375e+00
2.5400043102e+03 -2.7266774004e-02 2.4644588840e-01
-9.9036091475e-01 1.0136621666e-01 9.4393583733e-02
-4.0528427384e-02 -8.6373285502e-01 5.0231763032e-01
1.3244887732e-01 4.9365012435e-01 8.5951547376e-01
-8.2547852655e-01 -2.3379155652e+00 1.0728661436e+00
0 0 0
0 0 0
0 0 0
0 0 0
0 0 0
8.2061441168e+03 -3.3638228854e+00 -1.6218643513e-01
8.8775470671e-01 1.1686241458e-01 4.4523561938e-01
4.4528966390e-02 9.4089909105e-01 -3.3574703515e-01
-4.5815799879e-01 3.1788689266e-01 8.3008383409e-01
-1.4252881564e+00 1.4429655581e+00 -1.7459080368e+01
8.3498991118e+03 -2.9196212012e+00 -6.8420815325e-02
8.8646761650e-01 1.4460800674e-01 4.3961766262e-01
2.3396725298e-02 9.3470937991e-01 -3.5464202847e-01
-4.6219882967e-01 3.2466428738e-01 8.2520624232e-01
-1.4546546609e+00 1.6396051378e+00 -1.7195506691e+01
-3.3786982925e+01 -1.0529760625e-04 7.6461358047e-07
9.8485554214e-01 3.0549064004e-02 1.7066433667e-01
2.8034922389e-02 9.4334034809e-01 -3.3064033448e-01
-1.7109530750e-01 3.3041752730e-01 9.2819752930e-01
-5.6382098133e-01 9.2679305744e-01 -3.5527868787e+00
0 0 0
0 0 0
0 0 0
0 0 0
0 0 0
0 0 0
0 0 0
0 0 0
0 0 0
0 0 0
0 0 0
0 0 0
0 0 0
0 0 0
0 0 0
3.5858422359e+03 -3.1038179256e-02 -6.0761004084e-01
8.8631411484e-01 1.4140242335e-01 4.4096784975e-01
3.7374327664e-02 9.2729188525e-01 -3.7246868216e-01
-4.6157388301e-01 3.4660512724e-01 8.1658706596e-01
-1.5128269885e+00 2.0873925944e+00 -1.2590600496e+01
6.7331716603e+03 1.6665532096e-01 -3.9340653650e-02
8.8102886450e-01 1.2869309621e-01 4.5522107476e-01
8.6345076124e-02 9.0237350784e-01 -4.2221627180e-01
-4.6511575736e-01 4.1129082087e-01 7.8390509178e-01
-1.6406221108e+00 2.9685982659e+00 -1.3557087880e+01
7.4459592498e-01 4.1763030986e-01 3.8804737340e+00
193 184 169
19 55 351 395.6801 135.1599 84 176 482.9700 34.5900 23 105 320.4300 -79.0000 24 105 320.4300 -79.0000 69 293 547.1600 322.8700 71 299 572.4500 567.3700 80 268 618.2200 419.9700 72 205 799.9099 965.3899 5 96 389.1200 211.6800 19 138 299.5400 -89.4000 65 517 120.8300 -11.1300 12 325 71.7300 33.3800 14 124 166.2000 147.2200 35 314 375.9301 -31.0000 38 340 237.5000 509.8000 39 251 628.7100 452.1599 68 301 961.3601 663.9800 36 276 209.5400 78.8101 57 313 101.0800 -2.9100
-1.1939675138e+00 3.3273790762e-01 3.5567590251e+00
195 188 178
25 55 1116 -391.3700 190.1200 84 934 -630.2600 16.5100 21 882 -233.1200 14.5500 23 567 -282.0100 -96.8800 24 566 -282.0100 -96.8800 69 871 -524.7200 393.9700 71 639 -506.7700 633.7700 79 880 -425.1000 456.3500 80 806 -444.8300 486.1200 88 1581 -374.8200 411.9399 72 588 -335.7300 1040.6599 5 446 -256.6500 318.8800 7 375 -258.8600 10.3100 13 416 -258.9900 11.7000 19 603 -274.8900 -70.3000 65 1600 -149.2400 0.7100 8 280 -289.8200 13.1600 9 677 -215.6700 6.5400 10 391 -126.6500 -22.7800 12 1542 -177.2800 32.4500 14 492 -149.5600 161.8500 35 1291 -306.1100 -0.8200 39 1152 -63.8900 481.5601 18 801 -455.9400 -240.5800 57 1847 -88.8300 2.2900
-1.1928231511e+00 3.3189706437e-01 3.5572026836e+00
195 188 178
21 55 1115 -391.3700 190.1200 84 933 -630.2600 16.5100 21 881 -233.1200 14.5500 23 566 -282.0100 -96.8800 24 565 -282.0100 -96.8800 69 870 -524.7200 393.9700 79 879 -425.1000 456.3500 80 805 -444.8300 486.1200 88 1580 -374.8200 411.9399 5 445 -256.6500 318.8800 7 374 -258.8600 10.3100 13 415 -258.9900 11.7000 19 602 -274.8900 -70.3000 65 1599 -149.2400 0.7100 8 279 -289.8200 13.1600 9 676 -215.6700 6.5400 10 390 -126.6500 -22.7800 12 1541 -177.2800 32.4500 14 491 -149.5600 161.8500 18 800 -455.9400 -240.5800 57 1846 -88.8300 2.2900
-1.1215958532e+00 9.0338294239e-01 3.3709314843e+00
201 193 184
24 55 1187 -364.7400 449.5601 84 978 -572.7800 337.4000 23 623 -251.6200 65.0600 24 622 -251.6200 65.0600 69 932 -484.6600 728.0901 71 1064 -474.7400 982.7600 79 947 -386.8900 789.3201 88 1630 -352.0500 647.1299 7 671 -236.0600 164.4400 13 441 -225.0700 179.7400 19 648 -249.6000 103.0700 65 1666 -138.9200 87.9800 8 522 -255.4500 186.9100 9 718 -206.2100 125.4300 12 1600 -169.9500 111.9800 35 1362 -286.3900 222.9800 38 1163 -428.1500 788.9800 39 1218 -44.8200 711.2200 68 1357 202.8000 914.9299 36 1163 -455.9600 334.6300 41 615 -458.3200 423.4800 18 875 -414.0100 -100.2800 57 1897 -81.1500 63.7000 77 1136 -187.6300 685.7000
2.6471364018e-02 -1.5607105236e-01 3.9506063984e+00
48 28 21
13 55 4901 140.6200 -92.5100 84 3248 73.2000 -305.6801 23 1206 130.8200 -256.0300 24 1205 130.8200 -256.0300 69 2920 216.0100 30.2000 71 3107 239.4100 269.4600 79 2737 306.1100 96.9399 80 2516 287.8300 126.5500 88 4682 84.6300 175.2300 89 4413 97.6899 747.7400 72 2703 428.1801 643.8600 13 951 151.7900 -171.6800 68 2752 695.8101 422.9900
-2.8480699098e-01 -1.6156409762e-01 3.8941544311e+00
136 116 92
7 55 4928 20.0000 -86.9800 84 3251 -111.1899 -306.2300 82 3760 18.0699 -14.3900 83 4192 -13.9800 61.3400 23 1199 26.9700 -258.6000 24 1198 26.9700 -258.6000 88 4691 -26.2400 177.6500
-2.0192098275e-01 5.0110565738e-01 3.6952249172e+00
91 74 57
2 55 22317 28.5200 206.9199 84 7404 -48.6100 77.6400
6.8845702783e-01 4.9880602172e-01 3.8412334965e+00
90 80 63
13 55 8184 374.9900 172.9700 84 5191 447.3101 81.3800 23 2975 299.5700 -56.3600 24 2974 299.5700 -56.3600 69 4560 515.7700 370.1801 71 4712 541.2300 615.5900 79 4224 606.3000 437.0800 80 3978 587.8800 467.1400 72 4352 769.3799 1019.5200 5 2776 369.1400 240.4000 7 2083 250.9800 26.3600 8 1543 286.3700 -49.9800 14 3005 157.4500 161.5300
-8.4445056100e-02 4.9351899955e-01 3.7121287079e+00
91 74 51
3 55 8273 71.2500 203.3900 84 5187 8.2800 79.8800 24 2966 64.9600 -60.6300
-4.7970885933e-01 4.7170277955e-01 3.6375698090e+00
163 152 142
13 55 3592 -81.1600 218.1599 84 3461 -217.3000 87.3300 21 1900 -47.5800 53.1200 23 1329 -54.2500 -56.7700 24 1328 -54.2500 -56.7700 5 1868 13.6200 313.3000 7 1354 -54.9000 38.7700 13 1052 -25.5800 43.8600 65 4715 -44.8700 12.9800 10 1082 379.1899 31.4700 2 1373 -616.0000 679.6899 18 2570 -278.9100 -216.9500 34 2749 -70.9500 -216.4800
-4.8705044317e-01 5.5993281716e-01 3.6050268048e+00
189 179 170
21 55 2424 -86.7200 255.9800 84 2304 -223.0900 136.4900 21 1280 -49.5400 75.1200 23 2011 -58.1200 -31.9500 24 2007 -58.1200 -31.9500 80 1780 -32.5699 574.8799 5 1899 9.5700 343.0400 7 941 -58.9900 61.7000 13 1071 -29.5100 69.5100 19 1331 -56.2100 -16.6000 65 3263 -47.0200 25.7500 8 1625 -43.9600 38.2200 9 1435 -73.1200 48.0700 10 2588 365.5500 86.8600 12 3340 -85.7500 60.1300 14 1740 -30.3000 189.1500 35 2868 -45.3800 64.9199 38 2443 -181.7600 617.1799 36 1710 -210.8000 174.3400 2 1400 -616.3200 755.7900 34 1773 -74.6100 -193.1700
-1.3041767549e+00 2.8583050727e-01 3.5539752063e+00
186 176 166
14 55 8183 -441.7300 172.3700 84 5027 -700.0000 -9.6700 21 3933 -265.2600 2.0500 23 2817 -321.4000 -110.1300 24 2816 -321.4000 -110.1300 69 4566 -594.2800 373.4100 71 6584 -576.4900 611.6400 79 5871 -492.5500 436.4399 72 4351 -405.7900 1018.1899 5 2945 -303.1100 312.0700 7 2911 -292.8400 -0.8400 13 2751 -298.9800 -0.5900 8 2285 -333.4100 6.3700 10 3738 -208.0100 -45.6800
-1.1615157391e+00 3.7428440916e-01 3.5477782673e+00
170 159 145
21 55 5315 -377.3700 207.2200 84 3438 -611.0400 38.4900 21 2790 -224.2100 24.9000 23 2897 -270.7100 -84.2100 24 2896 -270.7100 -84.2100 69 4602 -504.0300 417.4301 71 3259 -487.1400 657.5200 79 4261 -404.4100 480.2600 88 4957 -362.2500 427.9301 72 2916 -314.6600 1067.7600 5 1892 -243.3500 331.4500 7 2073 -248.7300 21.9500 13 2813 -247.3400 24.1900 19 1947 -264.1000 -57.4900 8 1617 -276.7300 25.1500 9 3020 -209.2100 15.4000 10 2512 -102.4900 3.7300 35 6952 -293.4200 15.6300 38 5673 -434.9100 572.1899 39 6008 -50.5300 498.8500 18 2551 -446.9600 -231.0800
8.3797217634e-01 4.9047941102e-01 3.8736066967e+00
99 90 76
8 55 8156 428.1500 160.3500 84 7392 525.4900 73.4800 23 4119 343.0200 -58.2200 24 4121 343.0200 -58.2200 71 6571 613.7400 602.8201 72 6097 846.8301 1005.3301 5 4134 413.0800 230.2600 8 2182 326.0800 -58.2700
-9.9214338553e-01 3.9919731088e-01 3.5692074017e+00
159 147 135
15 55 8290 -301.4400 209.5000 84 7330 -510.3100 51.0400 21 4022 -180.1300 31.5000 23 4060 -215.5500 -77.6200 24 4062 -215.5500 -77.6200 69 6535 -400.1800 420.7200 71 6633 -381.4600 661.9399 79 5920 -302.4400 483.3101 80 5736 -322.2800 513.4099 88 10817 -296.6900 434.1200 72 4413 -205.5100 1072.0200 5 4366 -175.7500 326.7100 7 3001 -198.8400 25.8400 8 2300 -213.4900 21.1400 34 11239 -194.5000 -232.3200
7.4535395142e-01 5.3779373920e-01 3.8391610378e+00
183 168 148
5 55 5286 393.5400 185.1899 84 5230 472.0800 102.3800 80 4001 612.9000 484.9500 72 2901 798.6899 1040.6799 5 2801 385.3900 249.7700
-9.9382355895e-01 4.3293558032e-01 3.5567007172e+00
189 178 167
8 55 8325 -302.3400 224.8700 84 7390 -513.9700 72.3400 23 2953 -216.4100 -66.2100 24 2952 -216.4100 -66.2100 72 4426 -206.5100 1096.0100 5 2996 -174.4500 340.2600 8 2324 -212.5400 33.7800 34 6953 -196.5300 -224.1300
-9.9495727183e-01 4.3234364590e-01 3.5567650051e+00
189 178 167
6 55 8326 -302.3400 224.8700 84 7391 -513.9700 72.3400 21 4053 -181.9100 41.3200 23 2954 -216.4100 -66.2100 24 2953 -216.4100 -66.2100 5 2997 -174.4500 340.2600
7.1344311320e-01 5.7219747917e-01 3.8211597238e+00
105 96 79
14 55 8260 381.4301 200.1500 84 7496 451.8500 121.7900 23 3007 300.1100 -34.9400 24 3006 300.1100 -34.9400 69 6520 521.9700 407.8199 71 6621 548.0500 654.7600 80 5723 594.6200 505.4000 72 4408 780.2200 1063.5500 5 4219 374.5300 262.6900 19 3744 284.6100 -42.7000 8 2234 288.9700 -29.3300 68 6965 946.4399 728.8101 18 3496 -0.1400 -214.3300 77 4999 504.2800 470.0500
6.1514165437e-01 5.8470853603e-01 3.7980605676e+00
182 172 154
13 55 13029 345.5000 211.0400 84 7511 396.7300 131.3101 23 4201 271.7200 -31.1700 24 4203 271.7200 -31.1700 69 6533 475.9000 420.7000 71 6639 500.8199 667.8400 79 5924 565.9301 487.8401 80 5739 547.4301 518.3000 72 4418 729.9700 1078.3201 5 4250 347.5900 272.4600 7 3059 228.4800 49.7600 8 3083 264.3400 -21.0900 10 3897 1079.9800 39.5900
-1.0183419502e-01 5.6242735614e-01 3.6747521339e+00
146 136 126
11 55 3601 70.6500 236.7000 84 3496 -2.1899 130.3800 21 1921 53.3100 76.0200 88 5015 40.1300 476.7000 5 1867 135.9400 313.8700 65 4729 6.8800 20.8100 8 1599 71.9000 13.5700 10 2566 622.8700 65.3300 12 3332 -36.7900 58.0000 14 1720 32.7400 183.1100 2 2220 -287.2100 662.7900
3.8850095432e-01 6.1084957983e-01 3.7471508909e+00
179 174 158
8 55 5339 257.4301 234.2000 84 3514 265.7500 151.0100 82 4064 370.1500 436.2200 83 4482 365.1200 515.4500 21 1947 183.5400 90.5700 23 2018 201.3400 -22.5600 24 2014 201.3400 -22.5600 88 5028 216.3600 484.5100
-1.0516165550e+00 5.1246104619e-01 3.5186520171e+00
189 181 173
5 55 5372 -328.0100 264.9500 84 5249 -544.9700 119.6500 21 2843 -194.5200 62.4200 13 1766 -209.8300 65.9600 34 4354 -211.8900 -201.3500
-1.0491028957e+00 5.1433173015e-01 3.5183150736e+00
189 181 173
18 55 5373 -328.0100 264.9500 84 5250 -544.9700 119.6500 21 2844 -194.5200 62.4200 69 3082 -436.6200 494.4900 71 3275 -420.7400 737.9800 79 2873 -339.1600 556.7700 80 2685 -360.0500 586.8701 88 5024 -321.9900 482.7700 5 1928 -197.8600 374.7900 7 1379 -217.1800 59.4500 13 1767 -209.8300 65.9600 19 1966 -228.7400 -16.2700 65 4739 -127.9900 26.5800 8 1643 -233.0300 64.1900 9 2078 -187.4300 43.7900 10 2591 -25.1300 90.9299 18 2608 -414.9600 -196.1300 34 4355 -211.8900 -201.3500
1.2946962526e+00 1.1547105454e+00 3.7344735034e+00
127 135 137
11 55 8569 568.7600 408.0801 84 3659 713.8899 423.0601 80 5913 831.1000 771.3799 19 2846 409.9200 103.1000 10 2699 1345.9700 312.4500 35 19433 522.7200 212.8201 38 14709 397.3700 757.0701 39 16736 790.3400 709.4299 36 17765 353.7400 322.7900 41 3596 536.2400 441.9199 77 5125 684.8401 671.4700
-2.0424359840e-01 1.0979259313e+00 3.4693289602e+00
146 136 127
8 55 3743 19.5100 474.5601 84 3655 -72.1200 421.1799 23 2141 13.1900 105.9000 24 2137 13.1900 105.9000 65 4858 -9.4600 100.9300 8 1731 24.2600 166.0200 9 2168 -27.6000 151.2500 18 1872 -201.3800 -73.9400
8.4203352276e-01 4.6978768202e-01 3.8817928103e+00
183 174 157
4 55 12836 428.5601 152.0500 84 7358 527.7000 61.5300 23 4102 344.6500 -64.6100 24 4104 344.6500 -64.6100
-1.1391573649e+00 3.8130187344e-01 3.5494038937e+00
82 72 59
17 55 13025 -368.1800 209.3600 84 10874 -596.0000 42.8700 21 4004 -217.3600 26.9000 23 4050 -263.4100 -82.6100 24 4052 -263.4100 -82.6100 69 6532 -490.6100 419.1899 71 6631 -473.0699 660.0601 79 5918 -391.4200 482.0000 80 5733 -411.5000 512.0200 88 10805 -352.7700 430.7400 72 6190 -300.1700 1070.5100 5 6045 -234.6700 331.7600 13 4468 -239.8600 25.4200 19 3728 -257.1300 -56.2200 8 3149 -268.6800 25.3300 38 14418 -426.1200 573.8800 39 16056 -43.0500 499.9099
4.2789679002e-03 1.1029667135e+00 3.5062616124e+00
53 48 40
17 55 8692 101.4100 463.3900 84 7938 40.6400 418.2400 23 4458 70.8200 104.1100 24 4460 70.8200 104.1100 69 6770 140.3700 739.6099 79 6135 231.6400 806.1699 80 6005 212.4000 837.4399 7 3298 57.6900 187.8900 9 3188 10.9600 149.5800 10 6140 613.4600 359.2100 35 11543 114.1100 248.7200 38 9044 -15.8800 804.9500 68 7127 657.7700 973.9299 36 8476 -51.7700 358.9800 41 3617 37.8200 470.0100 2 5902 -199.3100 1047.7300 77 8538 242.4200 711.2900
-5.3345495758e-01 -1.6554360543e-01 3.8481889487e+00
145 124 103
6 55 33425 -87.0300 -82.4301 84 10126 -271.0200 -309.9301 23 5513 -65.3900 -262.6100 24 5525 -65.3900 -262.6100 13 6970 -46.5600 -168.6600 2 8076 -692.4000 113.9100
-5.5177661451e-01 -1.6552457302e-01 3.8458923236e+00
102 84 64
5 55 33449 -89.2600 -79.7400 84 15318 -274.7200 -305.6100 83 35751 -171.7300 63.7900 23 5520 -66.7600 -260.2300 24 5532 -66.7600 -260.2300
9.6200285837e-02 4.2435898011e-01 3.7538361349e+00
182 172 161
6 55 22095 151.9900 168.6200 84 16548 115.3800 49.0400 23 6283 126.8400 -74.2800 24 6297 126.8400 -74.2800 72 8879 447.2900 1012.5701 2 13370 -127.3200 507.3900
8.8218346850e-02 4.3592562054e-01 3.7486470161e+00
174 165 155
5 55 22115 148.9400 173.4099 84 10908 110.3800 55.7600 23 6296 123.6400 -70.6800 24 6310 123.6400 -70.6800 2 13385 -134.1400 520.0801
-1.1530695550e-01 -5.4475616024e-01 4.0616794302e+00
137 121 108
12 55 1487 89.6600 -261.4800 84 803 -1.2800 -568.2800 82 1566 125.8900 -251.8300 83 1134 91.0500 -187.2700 21 428 40.4300 -256.3400 23 283 101.7000 -407.9400 24 283 101.7000 -407.9400 88 2103 38.8300 20.1300 89 1114 22.2800 481.0400 5 296 196.4100 -84.3300 65 2142 7.8200 -150.4500 12 1362 -33.7700 -99.8500
-2.4371081916e-01 -5.2646122244e-01 4.0313735869e+00
129 114 95
7 55 4683 38.4700 -249.5200 84 3027 -75.9600 -554.2600 21 2336 5.4000 -249.0300 23 1076 54.7300 -402.4900 24 1073 54.7300 -402.4900 14 2339 14.8600 -7.7200 2 1829 -426.0900 -304.4399
-8.0987418815e-01 9.3977959170e-01 3.4133000567e+00
177 168 161
25 55 1182 -228.8500 445.2900 84 1552 -401.1500 352.3401 21 1326 -127.2700 168.5400 23 976 -159.6900 72.6000 24 974 -159.6900 72.6000 69 929 -300.8900 722.3000 71 1061 -287.2800 976.8799 79 940 -206.2400 784.1599 80 866 -226.4200 815.6899 7 677 -151.4900 166.7500 13 727 -130.5400 184.5700 19 646 -156.0400 103.8400 65 1665 -93.8900 88.1600 8 509 -152.6300 170.8500 9 721 -143.6100 128.3400 12 1608 -129.2800 114.3400 35 1361 -170.1801 222.9600 38 1159 -307.9600 786.2200 68 1363 331.1500 922.8201 36 1162 -338.0300 334.4900 41 854 -313.0000 428.7300 2 622 -887.1000 1154.4700 18 1291 -341.9100 -97.5400 34 1873 -159.8400 -85.7100 57 2770 -51.0200 65.1600
-5.2552591454e-01 5.1984819798e-01 3.6119778658e+00
182 172 162
11 55 2418 -103.9700 240.8201 84 2301 -244.6500 115.3201 21 1273 -59.6200 65.0400 23 914 -69.4300 -42.6800 24 912 -69.4300 -42.6800 65 2347 -52.5500 20.5000 12 2302 -90.1000 54.7200 14 1133 -37.2300 183.1200 2 897 -657.3800 734.7200 18 1242 -288.3200 -204.0800 57 2721 -23.4600 17.6000
-3.4651658968e-01 -4.6986210544e-01 3.9920145662e+00
106 83 70
20 55 3232 -3.8200 -223.5200 84 2005 -147.6100 -513.8400 82 2442 -9.9700 -205.0100 23 727 13.4100 -378.8100 24 726 13.4100 -378.8100 69 2748 17.7400 -152.5200 71 2903 43.8000 86.5300 79 2580 109.9000 -83.0800 80 2336 92.6100 -53.3400 88 4404 -47.9301 54.0699 89 2670 -123.2700 533.6000 72 2506 220.1000 455.7800 5 946 110.9400 -46.4000 13 504 26.8700 -286.6400 19 1100 3.9200 -360.8300 65 4345 -24.5300 -137.8400 10 864 646.5701 -669.3500 14 1408 -3.8500 3.4900 38 5157 -109.2500 197.3000 2 1163 -523.1300 -227.3900
-3.4245388341e-01 -4.4721400743e-01 3.9845515031e+00
181 175 161
25 55 3240 -1.5800 -213.4700 84 1251 -148.8600 -498.4600 82 2450 -12.1300 -191.3101 21 1090 -30.6600 -220.8000 23 733 13.2500 -369.3800 24 732 13.2300 -369.3900 69 1851 19.4700 -138.1801 80 1104 92.4301 -39.5900 88 2124 -49.5699 62.5100 89 1686 -126.1000 548.8401 72 1714 221.3500 470.3401 5 950 113.9300 -36.1600 13 506 27.0400 -277.9500 19 754 4.6300 -353.0500 65 3033 -24.1700 -134.4100 10 517 647.2700 -648.0500 12 1374 -64.2800 -85.7100 14 925 -3.6800 7.5700 35 2503 33.4200 -341.0800 38 2229 -108.0100 205.1200 39 2256 273.5900 139.9000 68 1803 556.8199 303.3101 36 2229 -130.8100 -231.3300 2 1173 -513.6000 -203.0000 57 2456 -10.9200 -93.2200
-5.5762857902e-01 -4.5606573045e-01 3.9482589180e+00
189 179 166
8 55 3241 -91.6200 -212.2300 84 2008 -283.4100 -502.7500 88 3083 -128.9700 61.7900 89 2675 -259.6300 543.7600 5 952 31.1400 -30.7700 7 785 -62.3800 -242.3900 13 505 -51.6800 -279.1300 2 1177 -736.3600 -180.0601
8.0673137312e-02 5.2218090584e-01 3.7195337615e+00
172 162 150
7 55 1689 143.4100 210.5400 84 1476 102.5900 104.7200 23 907 117.1800 -46.2200 24 905 117.1800 -46.2200 88 2362 108.8400 456.6000 5 1206 193.4500 288.2500 2 1362 -142.9900 589.7600
-5.6078230258e-01 4.7040995764e-01 3.6233516849e+00
174 164 152
14 55 2413 -116.6900 220.5601 84 2289 -262.1100 87.2500 23 1331 -78.5300 -56.9300 24 1330 -78.5300 -56.9300 72 1944 61.0500 1091.0701 5 1219 -14.7400 319.3200 7 1356 -77.6300 39.0700 13 1054 -51.1400 44.5700 65 3254 -56.9400 13.4800 8 1038 -65.6500 16.4300 10 1084 324.3000 36.0100 14 1128 -41.9600 175.2100 2 1378 -688.3500 699.3900 34 2753 -90.5700 -215.7700
-5.3608443864e-01 4.8912915040e-01 3.6207618727e+00
95 85 68
10 55 2416 -106.6900 227.4199 84 2293 -250.3500 98.9100 88 3369 -123.4000 460.1700 5 1229 -6.6800 323.6500 65 3257 -53.6900 15.9700 10 1087 339.2100 45.9300 12 3309 -91.1900 50.4800 14 1714 -38.3100 178.0600 2 1382 -666.2200 710.2600 34 2761 -85.7800 -212.2100
-2.4182228621e-01 -5.2703017512e-01 4.0319577034e+00
129 114 95
8 55 4684 38.4700 -249.5200 84 3028 -75.9600 -554.2600 21 2337 5.4000 -249.0300 23 1077 54.7300 -402.4900 24 1074 54.7300 -402.4900 88 4372 -5.5000 30.1300 89 4197 -51.5699 493.9800 2 1830 -426.0900 -304.4399
-3.2337574064e-01 -4.5891325495e-01 3.9922139952e+00
95 75 61
22 55 4697 5.8400 -218.6700 84 2006 -134.7900 -507.5900 82 2448 2.0200 -198.5900 23 729 20.8900 -374.5000 24 728 20.8900 -374.5000 69 2750 30.4600 -145.9600 79 2585 122.7600 -76.5500 80 2338 104.6700 -47.2500 88 4410 -41.1000 57.4500 89 2674 -111.6899 539.7700 72 2509 232.4500 462.0100 5 948 120.1600 -42.1800 13 807 33.9100 -283.0400 19 1102 10.8700 -357.4700 8 575 65.8300 -329.5400 10 866 663.7700 -659.8300 12 2965 -60.9200 -87.6300 14 1410 0.0500 5.1000 35 6073 40.2600 -345.2500 68 3882 563.9800 297.7400 36 5095 -124.2400 -235.6700 2 1868 -498.9800 -219.0699
-2.6327212533e-01 -4.1671867675e-01 3.9880928487e+00
151 139 125
5 55 3248 30.7700 -203.4700 84 2020 -96.8300 -480.0800 83 4006 -1.5800 -103.3400 89 2687 -74.4301 567.0000 2 1878 -434.1400 -185.6100
-3.5491498548e-01 -3.6744393709e-01 3.9537068700e+00
198 187 181
15 55 4721 -6.8200 -175.8800 84 3083 -156.1000 -443.7500 82 3605 -21.0900 -142.0500 83 4027 -56.8101 -68.5900 23 1094 6.6800 -337.5500 24 1093 6.6800 -337.5500 80 2349 83.5900 10.2200 89 4250 -133.7600 603.5000 72 2542 213.5400 522.5500 13 810 22.0800 -246.6200 19 1104 -1.3200 -325.2000 68 3912 550.5000 336.6600 36 5135 -135.3000 -200.1600 41 2143 -32.0000 -218.3500 2 1898 -521.0000 -119.2600
2.9773145710e-02 4.9579017413e-01 3.7192943827e+00
166 157 146
4 55 3585 123.9900 202.0500 84 3462 73.9301 91.0601 12 3303 -17.9200 47.7100 2 2195 -181.5900 580.2800
-1.7157133112e-01 5.7574623771e-01 3.6582758329e+00
156 146 134
7 55 3604 41.9500 245.7600 84 3507 -43.8600 138.8800 21 1927 34.6000 79.1300 65 4736 -2.9200 23.5500 8 1609 50.5500 21.6700 2 2227 -346.1500 689.9900 34 2801 1.3700 -192.1300
-5.1154082955e-01 4.8824751761e-01 3.6257664455e+00
180 173 167
11 55 3597 -95.4700 225.4800 84 3468 -236.9800 95.9301 88 4985 -115.1900 456.6700 72 1945 91.2000 1099.0500 5 1226 3.9100 322.1300 13 1755 -37.3400 48.5000 65 4721 -49.9300 15.1900 14 1712 -33.7300 177.6100 2 2234 -645.3500 702.5200 18 2576 -286.1500 -212.5700 34 2759 -79.2300 -212.7900
-2.2344514767e-01 5.7613752549e-01 3.6487901101e+00
145 134 125
7 55 3607 20.8300 248.6400 84 3511 -72.0500 140.4099 21 1929 20.8400 79.2500 5 1883 95.9400 327.6200 8 1045 35.2600 25.2500 2 2235 -388.9100 703.1899 34 2806 -11.0700 -191.5400
-3.7674732109e-01 5.3844433240e-01 3.6337073448e+00
146 139 129
6 55 3603 -40.5200 240.7200 84 3489 -158.2400 122.8301 88 5013 -63.3800 474.9100 5 1884 46.6400 327.1800 65 4730 -31.1100 21.0200 2 2239 -521.2900 710.1001
-2.0129113149e-01 1.1014232413e+00 3.4689532633e+00
146 136 127
14 55 3742 19.5100 474.5601 84 3654 -72.1200 421.1799 23 2140 13.1900 105.9000 24 2136 13.1900 105.9000 7 1508 5.6500 191.6700 13 1139 51.6200 213.7800 19 2078 17.7300 129.8000 65 4857 -9.4600 100.9300 8 1730 24.2600 166.0200 9 2167 -27.6000 151.2500 10 2775 488.7800 371.9500 12 3480 -52.2100 130.4100 2 2354 -358.0800 1101.2600 34 3046 -15.4400 -51.3400
-8.8397702246e-01 9.5091471237e-01 3.3960840789e+00
175 170 158
11 55 5553 -262.0500 453.7100 84 5384 -445.4000 358.1899 21 2955 -146.0100 170.3000 23 3078 -182.2200 75.6700 24 3077 -182.2200 75.6700 80 2767 -270.8600 826.4099 88 5124 -263.0500 657.0300 7 2230 -172.5300 170.3000 8 1743 -176.9200 181.0100 10 2738 65.9700 338.9000 2 2380 -956.7300 1187.4600
-1.6236462806e-01 -5.2231218578e-01 4.0446667610e+00
147 131 115
6 55 7357 72.4300 -251.2200 84 4376 -29.8300 -554.1100 82 5378 98.8500 -239.4800 83 6033 63.7800 -173.6200 89 4196 -6.7600 495.1899 2 2945 -345.6500 -310.3000
-2.6333590744e-01 -4.5934388834e-01 4.0035191404e+00
141 125 109
18 55 7382 30.3600 -220.2700 84 4405 -94.3600 -508.1600 82 5404 38.2400 -198.2500 83 6058 2.1300 -129.5200 21 2347 -3.7000 -226.2000 23 1592 44.0800 -374.7300 24 1591 44.0800 -374.7300 69 4108 65.5100 -147.7100 71 4259 90.8101 91.9500 79 3778 157.3500 -78.5200 88 6498 -16.5699 56.7500 89 6300 -71.2800 540.0601 72 3789 268.1801 459.7700 5 2267 140.6000 -45.1500 38 3311 -80.5700 199.6100 39 3292 301.3700 134.9100 36 3328 -103.0900 -236.4100 2 2981 -440.0700 -229.0601
3.7651007644e-02 5.3151445350e-01 3.7091286731e+00
189 185 181
19 55 5323 126.7400 216.5701 84 3476 76.8700 110.4099 21 1914 91.4700 68.3500 23 2002 103.8700 -43.3400 24 1998 103.8700 -43.3400 80 4028 255.0200 524.0701 72 2924 411.8700 1084.8899 5 2902 181.9600 294.0600 7 2119 83.2500 44.7900 13 1756 138.1500 50.8700 19 1949 98.7500 -38.2100 8 2268 113.5100 -3.8400 9 2069 29.6400 37.9700 10 3894 719.8301 38.5000 12 3315 -17.2400 52.7200 35 4447 140.1801 35.5500 39 3848 386.8700 520.9500 36 3696 -26.0100 145.7300 2 3556 -173.9400 606.8101
8.5557598687e-02 5.7595313706e-01 3.7029724394e+00
102 91 81
15 55 5340 143.6000 233.8000 84 3500 102.6100 134.5400 21 2872 104.6500 79.7900 23 2009 115.8900 -31.7300 24 2005 115.8900 -31.7300 80 4036 277.0300 544.8301 88 5016 109.2600 477.7400 5 2922 192.7800 304.4000 7 2128 93.8000 55.4600 13 1765 151.7000 62.1700 19 2749 110.8400 -26.9400 9 2079 37.5700 46.3100 14 3088 62.4400 182.5800 68 6975 700.8000 743.8701 2 3586 -138.6600 630.3600
-4.4078677909e-01 5.6396194758e-01 3.6123368232e+00
190 180 171
4 55 5360 -68.1300 256.0200 84 5262 -196.2100 138.9399 10 2587 394.0300 86.8401 2 3648 -573.1000 749.5901
-4.2094724345e-01 5.7537189562e-01 3.6120323029e+00
125 110 100
8 55 5365 -60.3800 259.0601 84 5267 -185.6300 144.3600 21 2873 -32.4600 79.5400 23 2013 -38.7500 -28.1400 24 2009 -38.7500 -28.1400 5 2998 30.6800 343.7700 7 2139 -41.5800 64.4800 2 3649 -557.8800 753.9299
-8.4981949307e-01 6.7638003628e-01 3.4987994756e+00
173 161 152
13 55 5426 -243.0500 329.9600 84 5298 -418.8300 204.3301 23 3032 -167.5600 -0.2900 24 3031 -167.5600 -0.2900 71 4802 -302.3300 819.9299 80 4072 -241.9900 664.7300 7 2160 -158.1600 97.7100 13 2899 -140.5700 107.6500 19 1991 -164.7200 26.9300 38 3714 -318.6200 682.8700 39 6125 62.7600 610.1799 36 3721 -347.6100 234.6801 41 2398 -319.1700 305.0500
-8.6331688706e-01 8.0605048311e-01 3.4513291092e+00
162 157 143
10 55 8538 -249.3900 387.8700 84 7730 -423.3900 275.3900 23 3056 -171.2100 34.4200 24 3055 -171.2100 34.4200 13 4788 -142.9300 144.1400 35 7115 -186.8000 174.5901 38 5743 -325.5500 734.8600 39 6158 56.3600 661.6400 36 8359 -354.4500 284.5601 34 7508 -165.4000 -119.9800
-2.6545064569e-01 -5.0954328747e-01 4.0211427944e+00
76 57 42
3 55 11677 29.6900 -242.1899 84 9705 -90.2200 -543.6500 2 4739 -446.6600 -285.2200
-2.6715455972e-01 -4.8268239149e-01 4.0112358791e+00
139 122 104
13 55 11697 29.0400 -229.8300 84 6555 -95.2300 -523.8400 82 8117 38.9800 -212.5200 83 9265 1.6300 -144.2200 23 3564 43.6100 -384.0800 24 3564 43.6100 -384.0800 69 13895 63.6100 -163.0601 71 8883 89.9800 76.7100 79 12537 155.8199 -94.1500 88 14241 -17.8700 47.8300 89 9213 -71.0000 524.0400 72 12435 265.2600 444.1500 2 4767 -443.9800 -252.9500
3.0785467783e-02 5.1670983629e-01 3.7128320783e+00
95 89 77
14 55 8293 124.3900 210.3900 84 7463 73.4600 102.0200 21 4106 89.5700 64.4900 23 4143 102.0400 -47.4700 24 4145 102.0400 -47.4700 72 6196 406.6801 1075.7700 5 4288 179.2200 290.0300 7 4436 81.2300 41.1100 13 4536 135.7800 46.6100 19 3743 96.7400 -42.8100 8 3100 111.5500 -7.6600 9 3053 28.3700 34.9700 68 11742 680.5900 719.4700 2 5530 -180.0400 596.3101
9.9969105024e-03 5.3006284184e-01 3.7050423926e+00
89 81 68
11 55 8308 116.5800 217.3500 84 7476 61.3700 110.1200 21 4114 84.2100 68.1100 23 4151 95.2400 -43.5500 24 4153 95.2400 -43.5500 80 8312 239.4600 524.6300 72 6208 395.3199 1085.7200 5 4302 172.4800 295.7300 7 4453 75.4600 45.0400 8 3104 104.9500 -2.6300 2 5535 -196.0200 612.0701
-9.7629919497e-03 5.4355888365e-01 3.6972871111e+00
94 85 73
12 55 8324 108.1800 223.8700 84 7490 49.6100 117.8101 21 4125 78.4300 71.4600 23 3005 88.7000 -39.7100 24 3004 88.7000 -39.7100 80 5749 228.8900 533.4099 72 6220 383.2300 1095.5100 5 4310 165.7300 301.3700 7 3057 69.9000 48.7900 8 2283 99.1500 2.4500 38 5684 -11.9100 589.4099 2 5552 -211.7500 626.8201
1.1081445536e-01 1.1224434863e+00 3.5194752085e+00
161 150 141
6 55 8691 142.2800 462.6699 84 7954 96.7200 423.8101 23 4472 99.7300 106.8100 24 4475 99.7300 106.8100 7 3301 83.5300 188.9100 2 5887 -120.7000 1030.9700
4.3957102016e-03 1.1026863745e+00 3.5063512609e+00
53 48 40
21 55 8693 101.4100 463.3900 84 7939 40.6400 418.2400 21 4391 77.4400 209.1700 69 6771 140.3700 739.6099 71 6924 162.3400 997.9099 79 6136 231.6400 806.1699 80 6006 212.4000 837.4399 7 3299 57.6900 187.8900 19 3956 75.0700 124.5000 8 3374 78.5300 151.6900 9 3189 10.9600 149.5800 10 6141 613.4600 359.2100 35 11544 114.1100 248.7200 38 9045 -15.8800 804.9500 39 9928 364.4800 741.7400 68 7128 657.7700 973.9299 36 8477 -51.7700 358.9800 41 3618 37.8200 470.0100 2 5903 -199.3100 1047.7300 18 4527 -154.4700 -77.0000 77 8539 242.4200 711.2900
-1.4950734557e-01 1.0878062028e+00 3.4831855231e+00
75 71 59
11 55 8708 40.8000 466.4700 84 7927 -42.3101 413.5200 69 6782 60.0100 744.5300 71 6933 80.5900 1002.6599 79 6143 151.7400 810.2500 80 6014 132.5300 841.6899 13 4973 67.0100 209.5300 9 3185 -17.6100 148.5200 10 6154 521.7600 362.3301 68 7124 596.4000 970.5000 2 5940 -317.7400 1078.0500
-1.5065962228e-01 1.0874991286e+00 3.4830411583e+00
75 71 59
17 55 8709 40.8000 466.4700 84 7928 -42.3101 413.5200 21 4377 38.4400 205.1300 23 4446 28.2300 102.0800 24 4448 28.2300 102.0800 69 6783 60.0100 744.5300 79 6144 151.7400 810.2500 80 6015 132.5300 841.6899 88 11537 14.7700 689.3799 7 3291 19.2600 187.6600 13 4974 67.0100 209.5300 8 3391 37.7200 159.2100 9 3186 -17.6100 148.5200 68 7125 596.4000 970.5000 41 3616 -26.7900 469.2800 2 5941 -317.7400 1078.0500 18 4525 -188.9300 -77.5900
-3.0062570671e-01 1.0744936079e+00 3.4599923420e+00
80 77 66
5 55 8717 -19.9800 469.7400 84 7913 -124.5900 409.0400 69 6791 -20.8600 749.6299 10 6158 429.4500 364.6000 2 5975 -439.4300 1109.0200
-2.3533418684e-01 1.1173844737e+00 3.4572671781e+00
91 80 68
11 55 8743 6.3500 481.7700 84 7969 -90.6500 429.2700 21 4400 15.5100 210.8700 23 4487 2.9800 109.9400 24 4490 2.9800 109.9400 88 7893 -18.5000 701.5300 7 3315 -3.1400 195.9500 8 3413 14.3900 172.6000 10 4292 466.1801 382.7100 2 5988 -385.3300 1123.1399 18 4550 -209.0600 -70.1100
-2.7699028026e-01 1.1151739775e+00 3.4503882907e+00
91 83 71
9 55 8747 -10.7100 482.8201 84 7967 -114.1899 428.2800 21 4397 4.9800 209.9100 23 4485 -8.9400 109.4900 24 4488 -8.9400 109.4900 7 3316 -14.0800 195.9200 8 3419 2.5200 174.9700 10 6209 440.1000 383.6200 2 5994 -419.4600 1132.4600
-4.4073755405e-01 1.0976832526e+00 3.4261157582e+00
89 76 66
8 55 13972 -75.9800 486.9199 84 7955 -201.6000 423.7600 21 6442 -35.2200 205.6800 23 4473 -54.2900 107.4400 24 4476 -54.2900 107.4400 7 3319 -55.4000 196.1200 8 3437 -42.4900 183.5300 2 6017 -552.8400 1167.0601
-5.4379805682e-01 1.0886904601e+00 3.4101700786e+00
70 60 48
4 55 13993 -117.5500 490.8101 84 11640 -256.8900 423.0200 88 11593 -134.1500 700.7500 2 6040 -638.4600 1193.1499
-1.4505918694e-01 -5.8437215654e-01 4.0703498346e+00
140 124 106
6 55 11594 80.1000 -278.1801 84 14407 -11.8700 -597.1500 23 3516 94.9000 -426.9700 24 3516 94.9000 -426.9700 72 12289 338.3000 374.7500 2 7452 -332.4600 -378.7500
-1.3705402208e-01 -5.4121177198e-01 4.0562741799e+00
166 153 139
15 55 11645 82.9000 -259.3101 84 9669 -12.2500 -566.5300 82 11747 115.5000 -250.0601 83 13969 80.1801 -185.1200 21 5209 35.4800 -255.0100 23 3539 94.3000 -407.4400 24 3539 94.3000 -407.4400 69 8831 141.1500 -202.9500 71 8865 165.9399 37.7100 79 7931 231.8000 -133.6000 80 7581 213.6801 -103.9200 89 13363 11.2900 482.3600 72 7956 342.3400 402.5801 5 5141 189.5600 -84.5200 2 7513 -321.8000 -331.7800
-2.7204640705e-01 -3.6963849587e-01 3.9698654395e+00
196 186 174
12 55 20206 26.1300 -179.8900 84 9868 -102.2400 -446.4800 82 11878 28.8900 -142.9900 83 14132 -4.8700 -71.7600 23 5309 37.2100 -338.5800 24 5319 37.2100 -338.5800 69 8875 57.9500 -91.9399 80 7645 130.7500 5.6801 88 14420 -21.9500 93.1801 89 13602 -79.7200 601.2900 38 22680 -84.2800 233.4700 2 7759 -442.7000 -135.1500
-2.5690454622e-01 -3.6851751466e-01 3.9723468497e+00
198 187 187
