# Bundle file v0.3
100 27250
0 0 0
0 0 0
0 0 0
0 0 0
0 0 0
0 0 0
0 0 0
0 0 0
0 0 0
0 0 0
2.7770241663e+03 2.3272325923e-01 -6.8277077376e-01
9.4621238579e-01 4.0770616136e-02 3.2096709775e-01
-1.1095917071e-01 9.7275783367e-01 2.0354424449e-01
-3.0392463443e-01 -2.2821032819e-01 9.2495938435e-01
-2.1555246698e+00 -4.3071738886e-02 -1.0041643360e+01
0 0 0
0 0 0
0 0 0
0 0 0
0 0 0
0 0 0
0 0 0
0 0 0
0 0 0
0 0 0
8.7202748641e+02 5.1953748238e-01 -1.1480182073e+00
9.7428932666e-01 -4.4114458657e-03 2.2525729088e-01
-3.3937992727e-02 9.8552639236e-01 1.6609016412e-01
-2.2272970300e-01 -1.6946465446e-01 9.6003812960e-01
-7.4559014625e-02 4.0256353362e-01 -8.8532936331e+00
0 0 0
0 0 0
0 0 0
0 0 0
0 0 0
1.0667458069e+03 -1.9988449670e-02 -4.2952638646e-01
9.9678456282e-01 -5.4115306647e-02 5.9093729910e-02
3.2981228949e-02 9.4920744451e-01 3.1291766622e-01
-7.3025843816e-02 -3.0996251528e-01 9.4794011691e-01
-9.2948224489e-02 -1.7219777012e+00 -1.1546906889e+01
1.1275413944e+03 -5.9349389386e-02 -9.9964125066e-01
9.5014064438e-01 -3.0820415355e-02 3.1029479193e-01
-1.0345190697e-01 9.0758555434e-01 4.0692279918e-01
-2.9416060044e-01 -4.1873447858e-01 8.5914549269e-01
-7.0490159386e-01 -2.2691722956e+00 -1.0203796965e+01
1.0093603684e+03 -2.0781165622e-02 9.5086300255e-02
9.9522170904e-01 -7.6560290199e-02 6.0599272505e-02
6.1492284878e-02 9.7354319920e-01 2.2007348360e-01
-7.5844899393e-02 -2.1529552073e-01 9.7359919371e-01
-4.3144422266e-01 -1.4252593260e+00 -1.4610965333e+01
2.3656961578e+03 -1.8515738849e-01 5.3577729647e-01
9.9828225739e-01 -2.9916130996e-02 5.0374196668e-02
4.6553798388e-03 8.9759184847e-01 4.4080290494e-01
-5.8402585750e-02 -4.3981120799e-01 8.9618928765e-01
1.6736705818e+00 -2.2855401504e+00 -1.0176799694e+01
0 0 0
0 0 0
0 0 0
0 0 0
0 0 0
0 0 0
0 0 0
0 0 0
0 0 0
0 0 0
1.0981424813e+03 -2.1436133013e-01 2.3015133607e-01
9.9914030857e-01 -1.5373297418e-02 -3.8500721072e-02
2.9081319167e-02 9.2177571684e-01 3.8663135507e-01
2.9545230952e-02 -3.8741862316e-01 9.2143034992e-01
4.3583040161e-01 -1.9179326893e+00 -1.0152452459e+01
0 0 0
0 0 0
0 0 0
0 0 0
0 0 0
0 0 0
0 0 0
0 0 0
0 0 0
0 0 0
0 0 0
0 0 0
0 0 0
0 0 0
0 0 0
0 0 0
0 0 0
0 0 0
0 0 0
0 0 0
0 0 0
0 0 0
0 0 0
0 0 0
0 0 0
1.3776615321e+03 -7.1057099717e-02 -3.5178511672e-01
9.9754423831e-01 -3.2165072830e-02 6.2216562887e-02
9.8621444103e-03 9.4396668393e-01 3.2989337327e-01
-6.9341406932e-02 -3.2846964504e-01 9.4196574331e-01
-7.4656999960e-02 -2.4466705667e+00 -1.3120038888e+01
0 0 0
0 0 0
0 0 0
0 0 0
0 0 0
1.3180973185e+03 -2.0009375378e-01 2.3788734484e-01
9.5999881561e-01 4.0454255806e-02 -2.7706628667e-01
8.1730914618e-02 9.0593147127e-01 4.1546146266e-01
2.6781025301e-01 -4.2148739311e-01 8.6638677612e-01
8.6230542618e-01 -1.8397807589e+00 -1.2943792012e+01
0 0 0
0 0 0
0 0 0
0 0 0
0 0 0
1.1229620244e+03 -3.3304234650e-01 -1.9038511923e-01
9.9733905074e-01 -6.2378426862e-02 -3.7732608212e-02
7.2901848252e-02 8.5599139466e-01 5.1182424013e-01
3.7199699810e-04 -5.1321307868e-01 8.5826114760e-01
2.8132981091e-01 -2.9409061898e+00 -1.0182405737e+01
1.1255192173e+03 -3.4447506585e-01 -5.1952843158e-02
9.9732335150e-01 -6.2046812829e-02 -3.8682367614e-02
7.3104680409e-02 8.5598658098e-01 5.1180335958e-01
1.3558203408e-03 -5.1326130401e-01 8.5823131821e-01
2.8368878967e-01 -2.9408393424e+00 -1.0200633304e+01
0 0 0
0 0 0
0 0 0
0 0 0
0 0 0
0 0 0
0 0 0
0 0 0
0 0 0
0 0 0
0 0 0
0 0 0
0 0 0
0 0 0
0 0 0
0 0 0
0 0 0
0 0 0
0 0 0
0 0 0
0 0 0
0 0 0
0 0 0
0 0 0
0 0 0
0 0 0
0 0 0
0 0 0
0 0 0
0 0 0
0 0 0
0 0 0
0 0 0
0 0 0
0 0 0
0 0 0
0 0 0
0 0 0
0 0 0
0 0 0
0 0 0
0 0 0
0 0 0
0 0 0
0 0 0
0 0 0
0 0 0
0 0 0
0 0 0
0 0 0
2.3015065262e+03 -2.0399237797e-01 6.6611297681e-02
9.9697448965e-01 -3.3267675904e-02 7.0250471310e-02
2.0405690528e-02 9.8410040295e-01 1.7643697089e-01
-7.5003165089e-02 -1.7446964964e-01 9.8180184690e-01
6.0887174172e-02 -1.4918644734e+00 -1.7629996260e+01
2.3382635916e+03 -2.1159721070e-01 2.7648057361e-01
9.8809190766e-01 -4.5033162150e-02 1.4712714342e-01
2.6183973882e-02 9.9147675532e-01 1.2762540175e-01
-1.5162051819e-01 -1.2225325340e-01 9.8084930570e-01
-1.2308777617e+00 -6.4494821523e-01 -1.7878213974e+01
0 0 0
0 0 0
0 0 0
0 0 0
0 0 0
1.5418621621e+03 -2.8865063365e-02 -5.2743786883e-03
9.9244939929e-01 -2.0176148171e-02 1.2098393648e-01
3.2223410413e-02 9.9461879542e-01 -9.8463717287e-02
-1.1834627861e-01 1.0161877211e-01 9.8775897034e-01
-9.7753171484e-01 2.8502793868e+00 -1.2972540016e+01
1.5898549692e+03 -4.8564316884e-02 2.7864355664e-02
9.9969340339e-01 -1.7004445317e-02 -1.7998557100e-02
1.5579942420e-02 9.9694590208e-01 -7.6525379533e-02
1.9244859376e-02 7.6221500628e-02 9.9690517013e-01
1.8732934104e+00 2.3690473843e+00 -1.3277548774e+01
0 0 0
0 0 0
0 0 0
0 0 0
0 0 0
2.2416837843e+03 -1.1230790036e-01 8.8620675440e-01
9.9034967948e-01 -8.4178849328e-02 1.1009738274e-01
6.8207365246e-02 9.8757876762e-01 1.4154834184e-01
-1.2064521411e-01 -1.3267290258e-01 9.8378993349e-01
-4.6967323622e-01 -5.3670760739e-01 -1.4558787889e+01
0 0 0
0 0 0
0 0 0
0 0 0
0 0 0
0 0 0
0 0 0
0 0 0
0 0 0
0 0 0
0 0 0
0 0 0
0 0 0
0 0 0
0 0 0
0 0 0
0 0 0
0 0 0
0 0 0
0 0 0
0 0 0
0 0 0
0 0 0
0 0 0
0 0 0
0 0 0
0 0 0
0 0 0
0 0 0
0 0 0
0 0 0
0 0 0
0 0 0
0 0 0
0 0 0
0 0 0
0 0 0
0 0 0
0 0 0
0 0 0
0 0 0
0 0 0
0 0 0
0 0 0
0 0 0
0 0 0
0 0 0
0 0 0
0 0 0
0 0 0
0 0 0
0 0 0
0 0 0
0 0 0
0 0 0
0 0 0
0 0 0
0 0 0
0 0 0
0 0 0
0 0 0
0 0 0
0 0 0
0 0 0
0 0 0
-9.7916211058e+02 -4.2189229192e-02 1.7637803831e-02
9.9766791993e-01 -7.1840131638e-03 -6.7875706306e-02
8.2047122275e-03 9.9985724025e-01 1.4770978606e-02
6.7759901482e-02 -1.5293432138e-02 9.9758443587e-01
2.5421548751e-01 -5.7360779575e-02 2.4637169511e+00
0 0 0
0 0 0
0 0 0
0 0 0
0 0 0
0 0 0
0 0 0
0 0 0
0 0 0
0 0 0
0 0 0
0 0 0
0 0 0
0 0 0
0 0 0
0 0 0
0 0 0
0 0 0
0 0 0
0 0 0
0 0 0
0 0 0
0 0 0
0 0 0
0 0 0
0 0 0
0 0 0
0 0 0
0 0 0
0 0 0
0 0 0
0 0 0
0 0 0
0 0 0
0 0 0
0 0 0
0 0 0
0 0 0
0 0 0
0 0 0
0 0 0
0 0 0
0 0 0
0 0 0
0 0 0
0 0 0
0 0 0
0 0 0
0 0 0
0 0 0
0 0 0
0 0 0
0 0 0
0 0 0
0 0 0
0 0 0
0 0 0
0 0 0
0 0 0
0 0 0
1.5188380888e+03 -3.3383096496e-02 -1.5924323197e-02
9.8848013748e-01 -3.2539306120e-02 -1.4781140472e-01
9.7056649754e-03 9.8823352590e-01 -1.5264435251e-01
1.5103912697e-01 1.4945130259e-01 9.7716502715e-01
3.7944872060e+00 3.5015739459e+00 -1.1936082253e+01
2.3075494912e+03 5.8097010678e-02 -2.4243375732e-01
9.9204323819e-01 -2.2778416466e-02 1.2381985830e-01
4.3973838196e-03 9.8916544064e-01 1.4673920425e-01
-1.2582081140e-01 -1.4502715191e-01 9.8139505227e-01
-2.7078688541e-01 1.5813946866e-01 -1.2373185114e+01
1.0603448701e+04 -1.7681944517e-01 -1.4751201798e-02
9.8958720060e-01 -3.3049012841e-02 1.4008902583e-01
-6.0863119717e-03 9.6280381379e-01 2.7013288019e-01
-1.4380587336e-01 -2.6817266622e-01 9.5257718421e-01
-4.2844061184e-01 -1.2754982606e+00 -1.2202252904e+01
2.2865805790e+03 7.7467431998e-02 -1.8858684785e-01
9.9262596501e-01 -2.7812024761e-02 1.1798383304e-01
2.1157523434e-02 9.9813369706e-01 5.7284221128e-02
-1.1935682964e-01 -5.4365559565e-02 9.9136185783e-01
-1.5950554072e-01 1.4008406363e+00 -1.2365391860e+01
2.4227424482e+03 -9.5777809958e-02 2.5556342165e-02
9.9868885617e-01 -1.2504907155e-02 4.9640667464e-02
1.8300480230e-02 9.9283642374e-01 -1.1807170751e-01
-4.7808587017e-02 1.1882534657e-01 9.9176351819e-01
7.8086240016e-01 3.3825339320e+00 -1.2367433137e+01
0 0 0
0 0 0
0 0 0
0 0 0
0 0 0
0 0 0
0 0 0
0 0 0
0 0 0
0 0 0
0 0 0
0 0 0
0 0 0
0 0 0
0 0 0
0 0 0
0 0 0
0 0 0
0 0 0
0 0 0
1.5085809914e+03 3.8980934535e-02 -9.1672276127e-02
9.9932766579e-01 -1.4433626271e-02 3.3702919968e-02
1.4921775324e-02 9.9978672341e-01 -1.4277545934e-02
-3.3489655162e-02 1.4770854051e-02 9.9932990792e-01
8.5091650583e-01 1.7643047574e+00 -1.2246055434e+01
0 0 0
0 0 0
0 0 0
0 0 0
0 0 0
2.3522253561e+03 8.1263380728e-02 -2.8250673984e-01
9.9530391032e-01 -1.7877001577e-02 9.5134320345e-02
6.2484661495e-03 9.9261413565e-01 1.2115335070e-01
-9.6597529801e-02 -1.1998996012e-01 9.8806443449e-01
1.9346188528e-01 5.1446870009e-01 -1.2698788315e+01
2.0350829669e+03 1.2295432771e-01 -2.2601483746e-01
9.9527314666e-01 -1.9957534497e-02 9.5042413462e-02
8.9881751049e-03 9.9338563902e-01 1.1447351181e-01
-9.6698377692e-02 -1.1307815446e-01 9.8886943260e-01
1.1727657313e-01 6.5795954028e-01 -1.1413992478e+01
0 0 0
0 0 0
0 0 0
0 0 0
0 0 0
2.4896975887e+03 -1.9134563973e-01 1.6049822324e-01
9.7447900782e-01 -3.0668326289e-02 -2.2237382282e-01
6.2794621201e-02 9.8831713835e-01 1.3887429418e-01
2.1551681805e-01 -1.4929396437e-01 9.6502011033e-01
7.9008857277e-01 -6.4068777608e-02 -1.2876108186e+01
2.5265761799e+03 -2.6121038998e-04 -1.9772734532e-01
9.8247588394e-01 -4.1737034120e-04 -1.8638927887e-01
3.0504791826e-02 9.8687416560e-01 1.5858385464e-01
1.8387657586e-01 -1.6149057892e-01 9.6959279998e-01
5.6362448195e-01 1.8841842599e-01 -1.2802505573e+01
-1.5497778724e+01 9.3158012679e-05 -1.9346363537e-09
9.9901726647e-01 -4.4101735434e-02 4.4202056017e-03
4.4119318429e-02 9.9901841022e-01 -3.9625474253e-03
-4.2411115549e-03 4.1536697556e-03 9.9998237984e-01
-3.5675460045e-01 -7.8039293812e-01 -2.9250776643e+00
0 0 0
0 0 0
0 0 0
0 0 0
0 0 0
0 0 0
0 0 0
0 0 0
0 0 0
0 0 0
0 0 0
0 0 0
0 0 0
0 0 0
0 0 0
2.0886487066e+03 2.8812708181e-01 -4.7161940531e-01
9.9369496562e-01 2.5022399923e-04 -1.1211713827e-01
8.0886731261e-03 9.9723169729e-01 7.3915595734e-02
1.1182525955e-01 -7.4356434245e-02 9.9094209317e-01
2.0250800296e-01 1.3530596080e+00 -1.5780041637e+01
2.7238807644e+03 -7.2020087172e-02 4.8847499859e-02
9.8997142580e-01 -2.2703183192e-02 -1.3943149422e-01
7.6226685761e-03 9.9414851171e-01 -1.0775264073e-01
1.4106194041e-01 1.0560919531e-01 9.8435167843e-01
1.5084486715e-01 3.4658456043e+00 -1.2826672616e+01
0 0 0
0 0 0
0 0 0
0 0 0
0 0 0
0 0 0
0 0 0
0 0 0
0 0 0
0 0 0
0 0 0
0 0 0
0 0 0
0 0 0
0 0 0
0 0 0
0 0 0
0 0 0
0 0 0
0 0 0
0 0 0
0 0 0
0 0 0
0 0 0
0 0 0
0 0 0
0 0 0
0 0 0
0 0 0
0 0 0
6.9722013768e+03 4.4502297346e-01 -4.4471211358e-03
9.6882154217e-01 3.2684928339e-02 -2.4559420777e-01
3.9704107162e-02 9.5796741809e-01 2.8411619059e-01
2.4455756644e-01 -2.8500898467e-01 9.2680174544e-01
3.5508551595e-01 4.0240962009e-01 -3.0597322668e+01
0 0 0
0 0 0
0 0 0
0 0 0
0 0 0
0 0 0
0 0 0
0 0 0
0 0 0
0 0 0
0 0 0
0 0 0
0 0 0
0 0 0
0 0 0
-2.1870126028e+00 9.9644993425e-01 2.9825747574e+00
195 188 178
21 55 1116 -391.3700 190.1200 84 934 -630.2600 16.5100 82 1117 -480.0600 280.3500 80 806 -444.8300 486.1200 88 1581 -374.8200 411.9399 21 882 -233.1200 14.5500 23 567 -282.0100 -96.8800 24 566 -282.0100 -96.8800 69 871 -524.7200 393.9700 71 639 -506.7700 633.7700 79 880 -425.1000 456.3500 72 588 -335.7300 1040.6599 7 375 -258.8600 10.3100 19 603 -274.8900 -70.3000 5 446 -256.6500 318.8800 8 280 -289.8200 13.1600 13 416 -258.9900 11.7000 35 1291 -306.1100 -0.8200 10 391 -126.6500 -22.7800 39 1152 -63.8900 481.5601 9 677 -215.6700 6.5400
-2.1870126028e+00 9.9644993425e-01 2.9825747574e+00
195 188 178
17 55 1115 -391.3700 190.1200 84 933 -630.2600 16.5100 82 1116 -480.0600 280.3500 80 805 -444.8300 486.1200 88 1580 -374.8200 411.9399 21 881 -233.1200 14.5500 23 566 -282.0100 -96.8800 24 565 -282.0100 -96.8800 69 870 -524.7200 393.9700 79 879 -425.1000 456.3500 7 374 -258.8600 10.3100 19 602 -274.8900 -70.3000 5 445 -256.6500 318.8800 8 279 -289.8200 13.1600 13 415 -258.9900 11.7000 10 390 -126.6500 -22.7800 9 676 -215.6700 6.5400
2.1618697585e+00 -5.5524376582e-01 3.0066016899e+00
45 28 18
14 55 4870 377.9399 -101.7100 84 2158 448.1200 -298.4800 96 2867 432.2500 208.8101 80 2450 615.7000 116.0400 23 1223 339.4400 -248.0800 24 1222 339.4400 -248.0800 69 2860 545.1400 19.1300 71 3050 566.2800 259.9600 7 1236 272.8100 -147.6300 19 1228 297.0300 -260.2300 13 1465 366.9100 -173.3400 68 2754 935.9199 424.5400 38 3421 217.7100 300.9099 39 3481 605.7400 240.6700
-2.0774215798e+00 2.4314689005e+00 2.9842515468e+00
201 193 184
24 55 1187 -364.7400 449.5601 84 978 -572.7800 337.4000 82 1834 -443.5500 597.3501 83 1300 -475.3100 707.9199 80 871 -407.6500 821.0500 88 1630 -352.0500 647.1299 21 924 -202.1500 158.0700 23 623 -251.6200 65.0600 24 622 -251.6200 65.0600 69 932 -484.6600 728.0901 71 1064 -474.7400 982.7600 79 947 -386.8900 789.3201 7 671 -236.0600 164.4400 19 648 -249.6000 103.0700 8 522 -255.4500 186.9100 13 441 -225.0700 179.7400 35 1362 -286.3900 222.9800 68 1357 202.8000 914.9299 36 1163 -455.9600 334.6300 38 1163 -428.1500 788.9800 39 1218 -44.8200 711.2200 41 615 -458.3200 423.4800 9 718 -206.2100 125.4300 77 1136 -187.6300 685.7000
6.7371348662e-01 -5.2928671140e-01 2.9985743762e+00
48 28 21
7 55 4901 140.6200 -92.5100 84 3248 73.2000 -305.6801 96 4429 75.0200 200.2000 88 4682 84.6300 175.2300 23 1206 130.8200 -256.0300 24 1205 130.8200 -256.0300 13 951 151.7900 -171.6800
-3.4634477209e-01 5.4841659406e-01 2.9869497948e+00
36 22 14
22 55 5167 -57.4500 104.0200 84 4948 -168.7200 -68.0200 82 5953 -43.0500 212.9301 80 3887 11.6300 368.2300 89 6907 -158.3900 1005.7700 21 3892 -24.6400 -20.1000 23 2755 -26.5600 -139.8700 24 2753 -26.5600 -139.8700 69 4478 -62.1600 273.8600 71 4623 -40.2700 513.4500 79 4148 29.9301 338.6300 7 2832 -33.2200 -35.7200 19 2622 -30.8900 -124.7300 5 2720 31.1400 211.3600 8 1511 -22.7100 -80.5800 13 2663 -0.8200 -43.3300 35 6803 -16.8500 -65.7800 10 2343 437.6801 -154.7100 36 5496 -182.7800 43.2300 2 3408 -581.1300 427.6699 9 2950 -53.1900 -22.2200 77 4898 98.1000 371.9700
6.2594529305e-01 8.6298313891e-01 2.9792862562e+00
151 139 127
8 55 5246 113.0600 157.4299 84 5072 69.9600 23.4900 82 6082 182.3900 306.6600 96 6991 73.0699 519.6200 23 2872 100.5600 -90.0000 24 2871 100.5600 -90.0000 5 2782 168.2500 242.4400 2 3449 -211.9500 482.6300
4.0517297255e-01 1.1518690791e+00 2.9964575819e+00
91 74 51
7 55 8273 71.2500 203.3900 84 5187 8.2800 79.8800 82 6193 122.4800 359.7100 23 2967 64.9600 -60.6300 24 2966 64.9600 -60.6300 71 6620 131.1899 650.5200 72 4403 330.2200 1059.5200
-4.9945912796e-01 1.1940080949e+00 2.9836808398e+00
163 152 142
13 55 3592 -81.1600 218.1599 84 3461 -217.3000 87.3300 82 4011 -92.8300 361.2100 83 4422 -116.8200 452.8000 96 4659 -206.6800 584.3701 21 1900 -47.5800 53.1200 23 1329 -54.2500 -56.7700 24 1328 -54.2500 -56.7700 7 1354 -54.9000 38.7700 5 1868 13.6200 313.3000 13 1052 -25.5800 43.8600 10 1082 379.1899 31.4700 2 1373 -616.0000 679.6899
-5.3163656067e-01 1.4091051638e+00 2.9843472882e+00
189 179 170
22 55 2424 -86.7200 255.9800 84 2304 -223.0900 136.4900 82 2687 -100.8900 408.6500 83 2920 -123.9500 501.9199 96 3003 -212.2800 634.3701 80 1780 -32.5699 574.8799 21 1280 -49.5400 75.1200 23 2011 -58.1200 -31.9500 24 2007 -58.1200 -31.9500 69 2028 -106.3200 481.2800 71 2149 -85.7400 725.8201 7 941 -58.9900 61.7000 19 1331 -56.2100 -16.6000 5 1899 9.5700 343.0400 8 1625 -43.9600 38.2200 13 1071 -29.5100 69.5100 35 2868 -45.3800 64.9199 10 2588 365.5500 86.8600 36 1710 -210.8000 174.3400 38 2443 -181.7600 617.1799 2 1400 -616.3200 755.7900 9 1435 -73.1200 48.0700
-3.1276201305e-01 4.8366582862e-01 2.9863459489e+00
40 31 30
16 55 8001 -51.9000 92.0300 84 4929 -162.0699 -83.9800 82 5932 -35.1200 197.8400 89 6875 -150.0800 987.7700 23 2735 -22.5800 -148.2200 24 2733 -22.5800 -148.2200 69 6385 -55.0500 258.4301 71 6476 -33.0000 497.8500 79 5760 36.9100 323.1600 7 1983 -30.3000 -43.3200 19 2608 -27.3800 -133.0900 5 4080 35.9800 201.9800 13 2649 2.4900 -52.1300 10 3579 448.6500 -171.9600 2 5345 -571.8000 403.2700 9 2943 -50.9300 -27.7400
-1.5913196593e+00 6.6449023704e-01 2.9685388740e+00
137 123 113
8 55 8061 -284.4500 124.0000 84 4947 -646.5600 -69.2500 82 5950 -341.0800 211.7300 80 3914 -297.8400 398.4100 71 4651 -354.4100 543.3800 72 4278 -179.1899 942.2700 5 2808 -161.8500 251.5400 8 1548 -203.0200 -46.6800
-2.1136646346e+00 1.0861546927e+00 2.9824692047e+00
170 159 145
23 55 5315 -377.3700 207.2200 84 3438 -611.0400 38.4900 82 6079 -461.7100 304.0100 83 6756 -502.6600 404.5100 96 4638 -585.6200 542.8600 88 4957 -362.2500 427.9301 21 2790 -224.2100 24.9000 23 2897 -270.7100 -84.2100 24 2896 -270.7100 -84.2100 69 4602 -504.0300 417.4301 71 3259 -487.1400 657.5200 79 4261 -404.4100 480.2600 72 2916 -314.6600 1067.7600 7 2073 -248.7300 21.9500 19 1947 -264.1000 -57.4900 5 1892 -243.3500 331.4500 8 1617 -276.7300 25.1500 13 2813 -247.3400 24.1900 35 6952 -293.4200 15.6300 10 2512 -102.4900 3.7300 38 5673 -434.9100 572.1899 39 6008 -50.5300 498.8500 9 3020 -209.2100 15.4000
2.4238415164e+00 9.5433983250e-01 2.9968225786e+00
99 90 76
12 55 8156 428.1500 160.3500 84 7392 525.4900 73.4800 82 9023 622.6600 366.1000 83 10104 624.0400 435.7400 96 10433 514.9200 575.8301 21 4093 313.9200 58.7600 23 4119 343.0200 -58.2200 24 4121 343.0200 -58.2200 71 6571 613.7400 602.8201 72 6097 846.8301 1005.3301 5 4134 413.0800 230.2600 8 2182 326.0800 -58.2700
-1.7017184406e+00 1.1120337476e+00 2.9823705154e+00
159 147 135
17 55 8290 -301.4400 209.5000 84 7330 -510.3100 51.0400 82 8904 -369.0200 317.4000 83 10059 -406.3300 416.1899 96 10372 -489.2500 552.8799 80 5736 -322.2800 513.4099 88 10817 -296.6900 434.1200 21 4022 -180.1300 31.5000 23 4060 -215.5500 -77.6200 24 4062 -215.5500 -77.6200 69 6535 -400.1800 420.7200 71 6633 -381.4600 661.9399 79 5920 -302.4400 483.3101 72 4413 -205.5100 1072.0200 7 3001 -198.8400 25.8400 5 4366 -175.7500 326.7100 8 2300 -213.4900 21.1400
-1.7079695783e+00 1.1981262895e+00 2.9819721795e+00
189 178 167
9 55 8325 -302.3400 224.8700 84 7390 -513.9700 72.3400 82 8950 -373.6800 337.5699 96 10431 -493.2800 574.4399 23 2953 -216.4100 -66.2100 24 2952 -216.4100 -66.2100 72 4426 -206.5100 1096.0100 5 2996 -174.4500 340.2600 8 2324 -212.5400 33.7800
-1.7079695783e+00 1.1981262895e+00 2.9819721795e+00
189 178 167
12 55 8326 -302.3400 224.8700 84 7391 -513.9700 72.3400 82 8951 -373.6800 337.5699 96 10432 -493.2800 574.4399 80 5753 -321.9500 534.2900 21 4053 -181.9100 41.3200 23 2954 -216.4100 -66.2100 24 2953 -216.4100 -66.2100 72 4427 -206.5100 1096.0100 5 2997 -174.4500 340.2600 8 2325 -212.5400 33.7800 38 8774 -369.0600 587.7900
2.1454769647e+00 1.1612940574e+00 2.9936539779e+00
105 96 79
16 55 8260 381.4301 200.1500 84 7496 451.8500 121.7900 83 10220 549.9700 485.4800 96 10525 444.4500 623.0701 80 5723 594.6200 505.4000 21 4160 275.6600 80.6600 23 3007 300.1100 -34.9400 24 3006 300.1100 -34.9400 69 6520 521.9700 407.8199 71 6621 548.0500 654.7600 72 4408 780.2200 1063.5500 19 3744 284.6100 -42.7000 5 4219 374.5300 262.6900 8 2234 288.9700 -29.3300 68 6965 946.4399 728.8101 77 4999 504.2800 470.0500
1.9354911797e+00 1.2120736741e+00 2.9918436227e+00
182 172 154
15 55 13029 345.5000 211.0400 84 7511 396.7300 131.3101 82 9169 498.0200 419.7400 83 6912 497.0900 494.9099 96 10542 391.5000 631.4800 80 5739 547.4301 518.3000 23 4201 271.7200 -31.1700 24 4203 271.7200 -31.1700 69 6533 475.9000 420.7000 71 6639 500.8199 667.8400 79 5924 565.9301 487.8401 72 4418 729.9700 1078.3201 7 3059 228.4800 49.7600 5 4250 347.5900 272.4600 8 3083 264.3400 -21.0900
3.8113272095e-01 1.3377097256e+00 2.9885175193e+00
146 136 126
12 55 3601 70.6500 236.7000 84 3496 -2.1899 130.3800 82 4055 110.6100 408.3101 83 4464 95.4500 494.9500 96 4695 2.7400 626.6099 88 5015 40.1300 476.7000 21 1921 53.3100 76.0200 70 418 351.4301 874.2200 5 1867 135.9400 313.8700 8 1599 71.9000 13.5700 10 2566 622.8700 65.3300 2 2220 -287.2100 662.7900
1.4309484448e+00 1.3200778900e+00 2.9878107428e+00
179 174 158
10 55 5339 257.4301 234.2000 84 3514 265.7500 151.0100 82 4064 370.1500 436.2200 83 4482 365.1200 515.4500 96 4714 264.2300 649.2700 88 5028 216.3600 484.5100 21 1947 183.5400 90.5700 23 2018 201.3400 -22.5600 24 2014 201.3400 -22.5600 7 1380 168.2800 60.8400
-1.8535515237e+00 1.4108446649e+00 2.9821680928e+00
189 181 173
4 55 5372 -328.0100 264.9500 84 5249 -544.9700 119.6500 21 2843 -194.5200 62.4200 13 1766 -209.8300 65.9600
-1.8535515237e+00 1.4108446649e+00 2.9821680929e+00
189 181 173
18 55 5373 -328.0100 264.9500 84 5250 -544.9700 119.6500 82 6237 -404.3800 382.7800 83 4452 -440.9600 485.2800 96 4692 -523.9400 623.5300 80 2685 -360.0500 586.8701 88 5024 -321.9900 482.7700 21 2844 -194.5200 62.4200 69 3082 -436.6200 494.4900 71 3275 -420.7400 737.9800 79 2873 -339.1600 556.7700 7 1379 -217.1800 59.4500 19 1966 -228.7400 -16.2700 5 1928 -197.8600 374.7900 8 1643 -233.0300 64.1900 13 1767 -209.8300 65.9600 10 2591 -25.1300 90.9299 9 2078 -187.4300 43.7900
3.2902829512e+00 2.3440478066e+00 3.0024014796e+00
127 135 137
15 55 8569 568.7600 408.0801 84 3659 713.8899 423.0601 82 6565 816.9399 725.6499 83 4632 835.8000 801.9199 80 5913 831.1000 771.3799 69 6675 754.5200 667.9600 71 6822 788.2900 927.8101 79 6057 850.0400 739.9700 19 2846 409.9200 103.1000 35 19433 522.7200 212.8201 36 17765 353.7400 322.7900 38 14709 397.3700 757.0701 39 16736 790.3400 709.4299 41 3596 536.2400 441.9199 77 5125 684.8401 671.4700
1.1645689163e-01 2.6745801329e+00 2.9883356343e+00
146 136 127
6 55 3743 19.5100 474.5601 84 3655 -72.1200 421.1799 23 2141 13.1900 105.9000 24 2137 13.1900 105.9000 8 1731 24.2600 166.0200 9 2168 -27.6000 151.2500
-3.3692711668e-01 5.1155097208e-01 2.9862592732e+00
219 215 205
17 55 8010 -56.0500 97.3301 84 4933 -168.1500 -77.5800 82 5939 -41.6300 203.9600 80 5560 12.8000 359.4399 89 6889 -157.2700 994.5000 23 3920 -26.2000 -144.6300 24 3922 -26.2000 -144.6300 69 4468 -60.2900 264.9700 71 4617 -38.4000 504.2900 72 4238 147.3700 899.1500 7 4248 -33.3100 -40.0100 8 2143 -21.1300 -85.2800 13 4291 -1.1200 -48.2800 35 10835 -15.7800 -72.0200 68 6777 504.7800 593.9199 41 3458 -104.3300 69.4900 77 8002 98.3900 365.4099
2.4270924178e+00 9.0733820822e-01 2.9969511294e+00
183 174 157
8 55 12836 428.5601 152.0500 84 7358 527.7000 61.5300 82 9003 624.3300 355.3400 83 10076 626.4500 423.3000 96 10400 516.6200 564.1001 21 4085 314.8500 52.9100 23 4102 344.6500 -64.6100 24 4104 344.6500 -64.6100
-2.0642666806e+00 1.1013662651e+00 2.9827161288e+00
82 72 59
19 55 13025 -368.1800 209.3600 84 10874 -596.0000 42.8700 83 15199 -490.2300 407.6200 96 15189 -571.4300 546.7000 80 5733 -411.5000 512.0200 88 10805 -352.7700 430.7400 21 4004 -217.3600 26.9000 23 4050 -263.4100 -82.6100 24 4052 -263.4100 -82.6100 69 6532 -490.6100 419.1899 71 6631 -473.0699 660.0601 79 5918 -391.4200 482.0000 72 6190 -300.1700 1070.5100 19 3728 -257.1300 -56.2200 5 6045 -234.6700 331.7600 8 3149 -268.6800 25.3300 13 4468 -239.8600 25.4200 38 14418 -426.1200 573.8800 39 16056 -43.0500 499.9099
-1.4607104246e+00 1.4512812757e+00 2.9824404440e+00
117 105 94
13 55 13220 -255.5400 270.2600 84 11058 -448.7300 134.1400 83 10253 -346.7700 500.1799 96 22931 -431.1700 635.4399 21 4122 -151.7100 70.9900 23 4185 -181.1400 -33.5800 24 4187 -181.1400 -33.5800 69 6591 -335.9600 501.1300 71 6704 -318.6400 745.6799 7 3079 -168.9300 65.0100 5 6158 -133.4300 371.6800 13 4586 -155.6000 73.1200 2 9078 -991.0200 848.3999
8.2861262947e-01 9.4903635467e-01 2.9846801091e+00
182 172 161
7 55 22095 151.9900 168.6200 84 16548 115.3800 49.0400 83 23455 212.0400 412.4399 23 6283 126.8400 -74.2800 24 6297 126.8400 -74.2800 72 8879 447.2900 1012.5701 2 13370 -127.3200 507.3900
8.1176921723e-01 9.7643585295e-01 2.9847024659e+00
174 165 155
6 55 22115 148.9400 173.4099 84 10908 110.3800 55.7600 96 15196 112.4200 552.0000 23 6296 123.6400 -70.6800 24 6310 123.6400 -70.6800 2 13385 -134.1400 520.0801
-1.6887208346e+00 1.1622489096e+00 2.9820409790e+00
106 99 81
14 55 22376 -298.9100 218.4199 84 10927 -509.2000 63.8000 82 17870 -368.9300 329.9000 96 22693 -488.5300 565.7100 80 8315 -319.2500 525.7600 23 6297 -214.2400 -70.3700 24 6311 -214.2400 -70.3700 69 15045 -396.0500 432.9800 71 9611 -378.1600 674.6300 79 13682 -299.3000 496.0200 72 14137 -202.8000 1086.4700 5 6063 -172.3000 335.0200 8 3157 -210.2200 28.6400 13 7932 -190.1200 35.7100
2.8345862625e-02 -2.6124268261e+00 3.0065298248e+00
161 149 132
5 55 1433 28.7700 -463.1400 84 730 -61.6400 -903.0699 19 450 39.1100 -557.0601 35 1627 65.6500 -554.3800 36 1496 -98.5300 -442.8700
3.2512008993e-01 -2.6107804188e+00 3.0075848742e+00
157 144 127
2 55 1434 77.3300 -459.8101 84 1158 19.4000 -901.5200
1.3609954649e-01 -2.5844319691e+00 3.0067880076e+00
105 93 76
2 55 10861 47.3200 -457.2300 84 6094 -33.1200 -892.8500
-1.7013674519e-01 -2.4969707009e+00 3.0047187523e+00
165 153 128
2 55 10903 -5.0500 -445.5601 84 8967 -116.6100 -874.8199
2.8996175228e-01 -2.4573095490e+00 3.0064704102e+00
100 83 63
2 55 18526 71.6500 -433.7900 84 9032 7.7000 -853.8800
7.7149529182e-02 -2.6183171557e+00 3.0068250053e+00
39 29 26
3 55 30455 37.1700 -463.6300 84 21456 -48.4700 -903.2100 72 20271 273.2000 113.9199
-1.5196195828e-01 -2.5751050141e+00 3.0054568668e+00
103 90 71
2 55 30492 -2.6400 -458.6100 84 13326 -110.3300 -896.2000
2.5309874323e-01 -2.0727505583e+00 3.0031734932e+00
142 129 112
10 55 1465 62.9100 -367.7700 84 770 -5.1899 -747.5699 88 1385 31.6200 -76.2200 72 735 311.9900 244.5300 19 469 65.1400 -478.2400 13 215 103.2300 -427.7700 35 1690 93.5699 -472.1100 36 1538 -71.0000 -360.7100 38 1523 -51.1500 76.4900 39 1510 331.7800 11.2900
-5.0992746340e-01 2.8083429976e-01 2.9845892286e+00
55 51 56
25 55 1072 -87.5600 54.1400 84 909 -216.0200 -139.4700 82 1092 -84.2400 143.8600 83 1224 -115.8400 226.8000 80 759 -29.3500 302.2600 88 1529 -99.9301 300.8600 89 1224 -205.7600 925.7100 23 550 -51.1600 -177.5300 24 549 -51.1600 -177.5300 69 840 -103.2300 207.8900 71 951 -80.3101 446.3600 72 859 101.6400 835.9600 7 343 -54.0200 -69.1200 19 564 -53.7000 -161.3100 5 387 7.3900 174.7200 13 392 -27.6700 -81.2100 35 1234 -43.2600 -110.6700 68 1252 474.5100 549.9900 10 360 396.4000 -232.3101 36 1067 -207.4300 -1.4301 38 1058 -180.5100 437.1899 39 1098 200.4600 370.6799 41 550 -135.2000 20.9800 2 525 -659.8500 340.9399 9 646 -67.4700 -47.0100
-1.3287016548e+00 1.3797088025e+00 2.9821533287e+00
181 172 157
17 55 1124 -231.8000 256.2600 84 947 -419.7300 120.3600 82 1127 -287.3200 386.8300 83 1264 -317.9100 484.3700 96 1275 -402.4300 620.8201 80 812 -229.0500 575.4399 88 1594 -236.5700 479.0300 21 887 -139.5800 64.0200 23 576 -164.9700 -41.1300 24 575 -164.9700 -41.1300 69 876 -304.1800 482.3900 71 1004 -286.5900 726.1300 79 887 -208.9500 545.1200 19 611 -160.1100 -19.4800 38 1108 -308.6100 615.8800 39 1163 72.5400 544.6200 2 572 -940.1100 812.8000
-1.3241970462e+00 2.4480580844e+00 2.9849068293e+00
177 168 161
23 55 1182 -228.8500 445.2900 84 1552 -401.1500 352.3401 82 1843 -280.4900 616.6799 83 1988 -304.7800 723.7800 96 1998 -387.4100 859.4199 80 866 -226.4200 815.6899 21 1326 -127.2700 168.5400 23 976 -159.6900 72.6000 24 974 -159.6900 72.6000 69 929 -300.8900 722.3000 71 1061 -287.2800 976.8799 79 940 -206.2400 784.1599 7 677 -151.4900 166.7500 19 646 -156.0400 103.8400 8 509 -152.6300 170.8500 13 727 -130.5400 184.5700 35 1361 -170.1801 222.9600 68 1363 331.1500 922.8201 36 1162 -338.0300 334.4900 38 1159 -307.9600 786.2200 41 854 -313.0000 428.7300 2 622 -887.1000 1154.4700 9 721 -143.6100 128.3400
-1.3072797060e+00 1.1300664746e+00 2.9820177035e+00
174 166 155
19 55 1686 -229.1300 210.0300 84 1467 -417.0300 62.2000 83 1908 -314.8200 426.3400 96 1905 -399.5500 561.9500 80 1212 -223.9200 516.0601 88 2347 -233.3100 438.4900 21 1256 -139.0500 37.7400 23 895 -162.8500 -70.9200 24 893 -162.8500 -70.9200 69 1357 -299.9400 423.0699 71 1524 -281.0000 665.0900 72 1338 -101.8500 1075.4600 7 915 -152.1100 29.2000 5 747 -110.8100 322.3200 8 728 -153.9700 17.7600 35 1949 -166.0699 23.0200 38 1691 -304.8700 576.1100 39 1748 76.4200 505.8900 2 895 -946.7200 722.7900
-6.2479386331e-01 1.3227243322e+00 2.9841857595e+00
182 172 162
9 55 2418 -103.9700 240.8201 84 2301 -244.6500 115.3201 82 2681 -120.4400 386.9700 83 2913 -145.3100 480.1899 96 1921 -233.1200 613.1499 21 1273 -59.6200 65.0400 23 914 -69.4300 -42.6800 24 912 -69.4300 -42.6800 2 897 -657.3800 734.7200
-1.2400481925e+00 1.2560988658e+00 2.9816312152e+00
164 154 142
18 55 1695 -216.1900 233.2400 84 2291 -402.6000 93.5699 82 2674 -269.6900 361.6000 83 2903 -301.9200 459.9600 96 2992 -386.1300 594.4199 80 1218 -204.8000 546.2900 23 904 -153.1900 -54.9600 24 902 -153.1900 -54.9600 69 1363 -280.5600 453.1200 71 1529 -261.8500 696.2600 7 928 -142.0600 44.4800 5 756 -99.5300 338.4200 8 739 -142.9400 33.0200 13 681 -126.6400 49.7400 35 1960 -154.0800 43.2300 38 1700 -292.3800 596.8700 39 1761 88.5500 526.6300 2 899 -910.1900 761.7600
-1.4187103157e+00 2.6338428059e+00 2.9849072275e+00
163 156 146
13 55 1773 -245.3500 479.3600 84 2394 -422.9800 390.7800 82 2746 -302.4000 655.3501 83 2009 -327.0000 764.5100 96 3092 -408.7800 899.9600 80 895 -247.2600 862.3701 88 2454 -247.9700 682.2600 21 2023 -135.8700 185.3200 23 1408 -170.5400 91.8900 24 1407 -170.5400 91.8900 8 810 -164.0300 195.5300 10 1198 89.2000 372.9800 2 958 -914.7400 1227.2400
7.9091009991e-01 1.1775334709e+00 2.9849552488e+00
172 162 150
11 55 1689 143.4100 210.5400 84 1476 102.5900 104.7200 82 1777 212.7100 386.0200 83 1918 200.1000 469.1801 96 1916 105.1600 601.1001 88 2362 108.8400 456.6000 23 907 117.1800 -46.2200 24 905 117.1800 -46.2200 70 139 803.6499 724.0000 5 1206 193.4500 288.2500 2 1362 -142.9900 589.7600
-6.9357868083e-01 1.2056333398e+00 2.9837555833e+00
174 164 152
14 55 2413 -116.6900 220.5601 84 2289 -262.1100 87.2500 82 2673 -136.4400 359.0200 83 2901 -163.1500 451.6000 96 2991 -249.8100 584.7200 23 1331 -78.5300 -56.9300 24 1330 -78.5300 -56.9300 72 1944 61.0500 1091.0701 7 1356 -77.6300 39.0700 5 1219 -14.7400 319.3200 8 1038 -65.6500 16.4300 13 1054 -51.1400 44.5700 10 1084 324.3000 36.0100 2 1378 -688.3500 699.3900
-6.3834556962e-01 1.2478115278e+00 2.9834632559e+00
95 85 68
9 55 2416 -106.6900 227.4199 84 2293 -250.3500 98.9100 82 4021 -125.7600 370.9700 83 2906 -151.3000 464.1100 96 4670 -239.5700 598.2700 88 3369 -123.4000 460.1700 5 1229 -6.6800 323.6500 10 1087 339.2100 45.9300 2 1382 -666.2200 710.2600
-3.1781753409e-01 1.4078052608e+00 2.9854113416e+00
179 173 162
14 55 2422 -48.5500 253.8301 84 2306 -170.7800 138.3401 82 2689 -52.6300 411.1700 83 2924 -72.7000 503.6699 96 3005 -160.8900 635.4500 88 2376 -71.7500 486.2700 21 1924 -25.8600 76.9600 7 940 -34.8800 61.6300 70 149 -394.0100 973.1699 5 1242 38.6700 338.1400 13 1070 -1.0100 69.5700 10 1683 423.3400 84.4199 2 1388 -539.7100 738.6899 9 1441 -55.5500 48.7400
-1.3619885137e+00 1.1738663302e+00 2.9819766679e+00
98 85 70
25 55 3594 -238.9600 218.4199 84 2284 -430.1801 71.8400 82 2672 -295.0300 338.8900 83 2891 -327.7200 436.2800 96 2986 -412.6200 571.8301 80 1766 -238.3700 525.4099 21 1261 -145.1600 41.7100 23 897 -170.6600 -66.4100 24 895 -170.6600 -66.4100 69 2018 -314.5800 432.3900 71 2138 -295.8900 674.3000 79 1914 -218.7800 495.6000 72 1343 -117.2700 1085.7100 7 604 -159.2800 33.4500 19 931 -166.1500 -46.8200 5 1237 -119.7700 329.3900 8 734 -161.9900 24.4300 13 675 -146.0200 37.6600 35 1952 -175.8500 27.8900 68 1987 326.2700 698.9600 36 2443 -343.1400 135.8000 38 2434 -314.7300 580.4500 39 2563 66.4800 509.2800 2 1393 -966.7400 742.7500 9 967 -145.0900 24.7200
2.9252888779e+00 -6.4306224050e-01 3.0118952672e+00
187 176 166
10 55 4821 502.1100 -121.0601 84 3231 651.7500 -316.0500 96 4415 624.1700 193.8700 80 3600 788.6899 93.8199 69 4216 718.0900 -3.8400 71 4389 737.9500 239.0100 79 3883 807.8800 63.0601 72 3909 952.8101 605.1200 19 1714 395.0000 -271.5300 68 6482 1065.3101 413.0601
-8.5357110863e-02 5.0888777891e-01 2.9876305784e+00
197 191 179
20 55 3535 -11.7600 96.4000 84 3392 -105.0699 -74.3400 82 3926 17.6300 208.1100 80 2614 72.8700 358.0601 89 2954 -89.7500 999.0500 21 1830 4.4900 -22.8700 69 3024 0.2400 263.2700 71 3207 22.4000 503.1000 79 2836 91.3199 328.5100 72 2840 210.5000 897.6400 19 1905 2.4500 -129.1800 5 1761 69.4800 202.1400 8 1502 13.1800 -88.6000 35 4355 23.8900 -81.0200 68 4247 548.5699 596.5000 36 2419 -141.4600 27.9100 38 3624 -114.4100 475.2500 41 1612 -53.9000 60.6200 2 2115 -481.5600 397.7800 77 3188 140.6700 355.7100
-8.5357110863e-02 5.0888777891e-01 2.9876305784e+00
197 191 179
26 55 3536 -11.7600 96.4000 84 3393 -105.0699 -74.3400 82 3927 17.6300 208.1100 80 2615 72.8700 358.0601 88 3320 -28.8900 342.6200 89 2955 -89.7500 999.0500 23 1895 8.1900 -142.5000 24 1891 8.1900 -142.5000 69 3025 0.2400 263.2700 71 3208 22.4000 503.1000 79 2837 91.3199 328.5100 72 2841 210.5000 897.6400 7 1987 -3.5500 -39.0700 19 1906 2.4500 -129.1800 5 1762 69.4800 202.1400 8 1503 13.1800 -88.6000 35 4367 22.9500 -71.7000 68 4248 548.5699 596.5000 10 2336 517.7900 -164.0800 36 3645 -142.7100 37.4900 38 3625 -114.4100 475.2500 39 3760 266.4301 409.8401 41 1619 -56.1100 72.3600 2 2124 -469.7200 415.5400 9 2016 -30.7500 -29.2900 77 3199 139.3199 365.3700
-8.5357110864e-02 5.0888777891e-01 2.9876305784e+00
197 191 179
18 55 3537 -11.7600 96.4000 84 3394 -105.0699 -74.3400 82 3928 17.6300 208.1100 80 2616 72.8700 358.0601 23 1896 8.1900 -142.5000 24 1892 8.1900 -142.5000 71 3209 22.4000 503.1000 79 2838 91.3199 328.5100 72 2842 210.5000 897.6400 7 1988 -3.5500 -39.0700 19 1907 2.4500 -129.1800 68 4249 548.5699 596.5000 10 1597 523.2000 -149.8900 36 3646 -142.7100 37.4900 38 3626 -114.4100 475.2500 41 1620 -56.1100 72.3600 2 2125 -469.7200 415.5400 77 3200 139.3199 365.3700
-1.8803892652e-01 7.5929557233e-01 2.9911739102e+00
176 167 159
13 55 5215 -27.2200 141.1400 84 3416 -125.7300 -15.0800 80 3931 50.3700 416.5400 88 4905 -42.7600 383.0500 69 4509 -22.0900 321.9500 79 4185 69.2400 386.6700 72 2865 188.4500 962.9900 8 1538 -1.2200 -55.1000 35 4398 8.6700 -33.2000 38 3646 -128.0600 514.5200 41 2350 -76.2100 118.1300 2 2156 -508.7400 491.5300 77 3256 124.6200 406.3900
-9.5670861267e-01 6.8915611962e-01 2.9777929426e+00
106 97 93
19 55 2375 -165.9400 119.4500 84 2250 -362.0200 -38.1400 80 1745 -139.4200 408.3300 23 881 -125.1400 -117.4700 24 879 -125.1400 -117.4700 69 2006 -215.4900 314.8101 71 2126 -193.4700 554.0200 79 1900 -120.4600 378.8101 72 1926 -12.5900 954.1399 7 582 -115.4600 -19.9600 19 1311 -118.4100 -108.6500 5 734 -47.3700 258.9900 8 712 -95.7600 -40.0700 68 1279 396.6400 609.2400 36 1680 -277.5800 51.2600 39 1712 131.0900 423.6799 41 819 -223.5400 86.6801 9 661 -111.5400 -17.5800 77 1071 -4.7600 384.0801
6.8083810776e-01 1.1334624397e+00 2.9855460535e+00
166 157 146
7 55 3585 123.9900 202.0500 84 3462 73.9301 91.0601 82 4019 185.0200 371.1400 83 4423 171.0300 454.4399 96 4660 77.1000 587.0400 88 4979 89.3600 447.2200 2 2195 -181.5900 580.2800
2.0816158832e-01 1.3875195610e+00 2.9884261854e+00
156 146 134
8 55 3604 41.9500 245.7600 84 3507 -43.8600 138.8800 82 4057 70.6400 415.4399 83 4475 54.6899 504.0901 96 4702 -37.5300 635.1699 21 1927 34.6000 79.1300 8 1609 50.5500 21.6700 2 2227 -346.1500 689.9900
-5.7856854093e-01 1.2333600052e+00 2.9833718562e+00
180 173 167
10 55 3597 -95.4700 225.4800 84 3468 -236.9800 95.9301 82 4016 -111.3700 368.9100 83 4430 -134.9200 462.1200 96 4663 -225.2700 593.5400 88 4985 -115.1900 456.6700 72 1945 91.2000 1099.0500 5 1226 3.9100 322.1300 13 1755 -37.3400 48.5000 2 2234 -645.3500 702.5200
8.6548974809e-02 1.4020378202e+00 2.9882078419e+00
145 134 125
9 55 3607 20.8300 248.6400 84 3511 -72.0500 140.4099 83 4478 26.0699 505.2500 96 4710 -65.2100 636.6401 21 1929 20.8400 79.2500 71 2145 61.3000 715.8500 5 1883 95.9400 327.6200 8 1045 35.2600 25.2500 2 2235 -388.9100 703.1899
-2.7058990986e-01 1.3386828221e+00 2.9858704249e+00
146 139 129
8 55 3603 -40.5200 240.7200 84 3489 -158.2400 122.8301 82 4043 -38.3199 396.4399 83 4453 -59.7200 487.6300 96 4688 -148.6801 619.8201 88 5013 -63.3800 474.9100 5 1884 46.6400 327.1800 2 2239 -521.2900 710.1001
-1.3587339766e+00 1.3239795565e+00 2.9820274285e+00
84 75 65
19 55 8366 -237.4200 246.8201 84 5238 -428.1500 106.6500 82 6212 -294.6800 373.0500 83 6899 -326.1300 471.7500 96 7176 -411.0300 607.2800 80 4039 -237.5100 562.7000 88 7533 -242.4800 469.7700 21 4094 -142.8100 58.7400 79 4274 -218.1500 532.6200 7 2122 -158.2500 51.1100 19 2752 -164.9000 -26.5600 5 1906 -120.4900 351.1700 8 1057 -161.9300 43.9300 13 2861 -144.2700 57.3900 35 6990 -176.0500 52.5700 68 6964 326.9399 727.6799 10 1676 121.7100 67.7300 2 2264 -958.5300 795.2800 9 3054 -144.6500 38.5300
-1.3198314111e+00 1.3439285904e+00 2.9821349018e+00
182 178 166
20 55 3611 -230.3600 249.6400 84 3478 -417.9000 112.1799 82 4024 -285.2800 379.4301 83 4440 -316.4200 477.9399 96 4683 -400.8900 612.6499 80 2678 -226.0200 566.8999 88 3379 -234.9400 473.7500 23 1999 -163.8000 -45.0800 24 1995 -163.8000 -45.0800 69 3078 -302.2000 473.8800 71 2147 -283.8300 717.8201 79 2868 -206.7000 536.9600 7 1372 -153.2800 54.1500 19 1329 -159.2200 -23.7000 5 1909 -111.7100 353.2700 8 1061 -154.2200 45.8100 13 1760 -138.1500 59.4500 39 2576 73.7900 540.5100 2 2265 -938.6400 798.3401 9 1431 -141.2500 40.4600
1.1983084256e+00 2.5889924992e+00 2.9892555823e+00
120 108 90
16 55 3731 211.2400 458.9199 84 3670 180.0601 439.1899 82 2791 284.0601 723.9800 80 2776 358.7500 841.4299 88 3519 167.8300 694.6099 21 2066 141.7200 224.4800 23 1430 144.6700 117.5000 24 1429 144.6700 117.5000 69 3158 285.6300 742.4199 71 2211 311.1300 1002.0400 79 2956 377.4399 809.9700 7 1514 125.5500 194.2900 19 2076 150.1800 128.3100 13 1897 191.0000 221.3500 2 2328 16.6400 1023.7100 9 1511 60.6000 152.9600
-1.5111074926e+00 2.4834138354e+00 2.9844898107e+00
175 170 158
15 55 5553 -262.0500 453.7100 84 5384 -445.4000 358.1899 82 6409 -322.3800 619.4500 83 4588 -348.7400 731.2900 96 7318 -430.5100 866.4900 80 2767 -270.8600 826.4099 88 5124 -263.0500 657.0300 21 2955 -146.0100 170.3000 23 3078 -182.2200 75.6700 24 3077 -182.2200 75.6700 71 3362 -333.3300 987.8000 7 2230 -172.5300 170.3000 8 1743 -176.9200 181.0100 10 2738 65.9700 338.9000 2 2380 -956.7300 1187.4600
-3.7974909914e-01 4.5666672175e-01 2.9860630635e+00
32 25 16
18 55 5142 -63.8100 86.7700 84 4918 -178.9500 -91.3400 80 3867 3.0000 346.0400 88 7192 -76.6500 332.8300 89 6870 -167.7600 979.0500 21 2701 -29.3500 -31.4200 23 1876 -31.3800 -152.7400 24 1872 -31.3800 -152.7400 69 4459 -71.0800 251.2800 71 4608 -48.3101 490.3600 79 4134 21.5400 316.2500 72 4222 136.7300 884.3201 7 1980 -37.5100 -46.6700 19 2601 -35.2300 -137.0500 13 2642 -6.2100 -55.8200 39 5831 221.4600 400.6100 41 2313 -111.9300 59.2800 2 3389 -599.9500 395.6599
1.4096813417e-01 7.5847662912e-01 3.0101286603e+00
26 17 9
10 55 8097 30.1800 140.2600 84 5012 -44.5800 -11.7200 69 6437 55.0300 320.4800 79 5817 145.6000 385.4900 72 4292 269.9399 961.8799 19 2660 32.2700 -97.2600 8 2179 41.3300 -59.8800 35 6868 57.9900 -32.5700 39 5916 302.8900 449.9500 9 2987 -12.5800 -1.8200
6.9799461129e-01 1.2145101123e+00 2.9860245375e+00
189 185 181
26 55 5323 126.7400 216.5701 84 3476 76.8700 110.4099 82 4039 186.9900 391.4800 83 4437 174.5100 474.7600 96 4677 79.8800 606.6299 80 4028 255.0200 524.0701 88 4991 91.9900 460.8199 21 1914 91.4700 68.3500 23 2002 103.8700 -43.3400 24 1998 103.8700 -43.3400 69 4606 183.6300 427.8900 71 4768 206.7100 672.9200 79 4265 274.4700 493.3900 72 2924 411.8700 1084.8899 7 2119 83.2500 44.7900 19 1949 98.7500 -38.2100 70 402 698.9700 756.3600 5 2902 181.9600 294.0600 8 2268 113.5100 -3.8400 13 1756 138.1500 50.8700 35 4447 140.1801 35.5500 10 3894 719.8301 38.5000 36 3696 -26.0100 145.7300 39 3848 386.8700 520.9500 2 3556 -173.9400 606.8101 9 2069 29.6400 37.9700
-1.2900135208e+00 8.6080744096e-01 2.9815046240e+00
190 182 171
14 55 8160 -227.0500 160.0901 84 7241 -419.3500 -2.5601 82 8794 -280.6200 267.3700 83 9945 -315.4700 361.3700 96 10272 -400.7200 497.1699 80 5645 -220.8900 449.7300 23 2835 -162.7500 -104.5500 24 2834 -162.7500 -104.5500 72 4335 -98.6100 1000.1699 7 2905 -151.1300 -1.8200 19 2689 -157.7100 -86.1700 5 2870 -108.4100 282.2100 8 2251 -152.3700 -18.2200 2 3573 -955.8100 623.6799
7.9954486083e-01 1.3053664624e+00 2.9857493666e+00
102 91 81
20 55 5340 143.6000 233.8000 84 3500 102.6100 134.5400 82 6267 211.8000 415.6200 83 4468 201.1700 499.2800 96 4700 105.1100 630.9399 80 4036 277.0300 544.8301 88 5016 109.2600 477.7400 21 2872 104.6500 79.7900 23 2009 115.8900 -31.7300 24 2005 115.8900 -31.7300 69 4611 204.8300 449.0601 71 4771 228.2100 694.9600 79 4270 295.7100 514.4299 7 2128 93.8000 55.4600 19 2749 110.8400 -26.9400 70 416 796.6201 849.0400 13 1765 151.7000 62.1700 68 6975 700.8000 743.8701 2 3586 -138.6600 630.3600 9 2079 37.5700 46.3100
