# Bundle file v0.3
70 1306
0 0 0
0 0 0
0 0 0
0 0 0
0 0 0
0 0 0
0 0 0
0 0 0
0 0 0
0 0 0
1.3382647953e+03 -3.0111208398e-01 9.1495130080e-02
8.5148972698e-01 -2.1753543304e-01 4.7712008994e-01
-3.2566250701e-02 8.8619524252e-01 4.6216602153e-01
-5.2335903944e-01 -4.0906763195e-01 7.4750183165e-01
-2.5771692122e+00 -1.3368070470e+00 -4.3816741737e+00
0 0 0
0 0 0
0 0 0
0 0 0
0 0 0
0 0 0
0 0 0
0 0 0
0 0 0
0 0 0
-1.2494789917e+01 1.3131156917e-04 7.6520458886e-09
9.9870032067e-01 -5.0484646751e-02 6.9978520868e-03
5.0342198763e-02 9.9854700558e-01 1.9223440538e-02
-7.9581728517e-03 -1.8846168970e-02 9.9979072280e-01
2.2922569304e-01 1.8438149045e-01 -2.9065897250e+00
1.0648252902e+02 -1.1837753147e-02 6.4367302558e-04
9.9468089453e-01 -9.6153310312e-02 3.6938583683e-02
9.3485137808e-02 9.9328165650e-01 6.8206157155e-02
-4.3248665384e-02 -6.4390152826e-02 9.9698719207e-01
-6.5862326798e-01 7.5474428707e-01 -3.2566313126e+00
5.4088600394e+02 -1.2566887695e-01 8.1396742856e-01
9.9231608738e-01 -1.1170361548e-01 5.3207941275e-02
4.6448933560e-02 7.3490367442e-01 6.7657895763e-01
-1.1467902727e-01 -6.6890873191e-01 7.3444525261e-01
-4.4226052515e-01 -3.1224386700e+00 -5.7410490432e+00
5.7212657115e+02 3.5869135897e-01 -3.7049074431e-01
9.6112741770e-01 -1.3942883149e-01 2.3831426290e-01
-8.6411918903e-02 6.6786815136e-01 7.3924631394e-01
-2.6223475594e-01 -7.3110309351e-01 6.2985807880e-01
-7.3185739860e-01 -3.4198637119e+00 -4.9616282148e+00
3.6411329282e+02 -2.0268150792e-01 3.5627033390e-01
9.7923331967e-01 -1.6407518491e-01 1.1908584867e-01
6.6010677409e-02 8.1341941260e-01 5.7791993362e-01
-1.9168906104e-01 -5.5805751756e-01 8.0735810578e-01
-9.0242524560e-01 -2.9439141363e+00 -5.8248819447e+00
1.3290787051e+03 -3.0496916749e-01 7.3203688928e-02
9.9262861835e-01 7.2218139990e-02 -9.7329164623e-02
3.5044673791e-02 5.9773459405e-01 8.0092772827e-01
1.1601851951e-01 -7.9843465314e-01 5.9079760307e-01
1.3927215965e+00 -3.4607943616e+00 -4.3039606578e+00
0 0 0
0 0 0
0 0 0
0 0 0
0 0 0
1.4491395640e+02 -4.6017435150e-03 -6.3277982822e-03
9.8269094521e-01 -1.5814579111e-01 9.6480127258e-02
1.0638086743e-01 9.0810871299e-01 4.0499589681e-01
-1.5166284069e-01 -3.8772216102e-01 9.0921389596e-01
-1.4839535008e+00 -2.0437473383e+00 -4.8073375845e+00
5.7921107277e+02 9.8552528411e-01 -1.3773709310e+00
9.9738029603e-01 -2.8960709498e-02 -6.6285913955e-02
6.7417896183e-02 7.0428923790e-01 7.0670467429e-01
2.6217787050e-02 -7.0932217411e-01 7.0439667869e-01
5.2965357904e-02 -3.1394921984e+00 -5.4600335998e+00
0 0 0
0 0 0
0 0 0
0 0 0
0 0 0
0 0 0
0 0 0
0 0 0
0 0 0
0 0 0
0 0 0
0 0 0
0 0 0
0 0 0
0 0 0
0 0 0
0 0 0
0 0 0
0 0 0
0 0 0
0 0 0
0 0 0
0 0 0
0 0 0
0 0 0
6.3011761753e+02 6.0454780946e-01 -6.5560182562e-01
-9.9540289645e-01 9.3260970194e-02 2.1805164062e-02
-5.0952496510e-02 -7.0842053112e-01 7.0394899971e-01
8.1098192586e-02 6.9960184572e-01 7.0991572784e-01
1.9904480128e-01 -4.4690479208e-01 1.9393604964e+00
0 0 0
0 0 0
0 0 0
0 0 0
0 0 0
5.4308737223e+02 2.4310757503e-02 -1.3779240831e-01
9.8782339523e-01 4.6959366528e-03 -1.5550848216e-01
1.0101458709e-01 7.4084390996e-01 6.6403791628e-01
1.1832579195e-01 -6.7166081414e-01 7.3134858837e-01
3.5348258697e-02 -2.9619583114e+00 -5.6740842636e+00
0 0 0
0 0 0
0 0 0
0 0 0
0 0 0
1.0896727921e+02 -2.0516849654e-02 1.7996649284e-03
9.9566042546e-01 -8.6440324497e-02 3.4472996210e-02
8.4906035847e-02 9.9542875066e-01 4.3732910130e-02
-3.8095698492e-02 -4.0616162454e-02 9.9844831869e-01
-3.3000903814e-01 -2.4187167105e+00 -3.7537417928e+00
1.0896419757e+02 -2.0516513128e-02 1.7995585705e-03
9.9566059086e-01 -8.6439401553e-02 3.4470533371e-02
8.4905229584e-02 9.9542883821e-01 4.3732482815e-02
-3.8093172629e-02 -4.0615981129e-02 9.9844842244e-01
-3.3001330033e-01 -2.4187186597e+00 -3.7537205306e+00
0 0 0
0 0 0
0 0 0
0 0 0
0 0 0
0 0 0
0 0 0
0 0 0
0 0 0
0 0 0
0 0 0
0 0 0
0 0 0
0 0 0
0 0 0
0 0 0
0 0 0
0 0 0
0 0 0
0 0 0
0 0 0
0 0 0
0 0 0
0 0 0
0 0 0
0 0 0
0 0 0
0 0 0
0 0 0
0 0 0
0 0 0
0 0 0
0 0 0
0 0 0
0 0 0
0 0 0
0 0 0
0 0 0
0 0 0
0 0 0
0 0 0
0 0 0
0 0 0
0 0 0
0 0 0
0 0 0
0 0 0
0 0 0
0 0 0
0 0 0
5.7829557741e+02 -5.4641917744e-02 2.7262954191e-04
-9.8693501146e-01 1.0783984104e-01 1.1970735915e-01
-3.1021375957e-02 -8.5625927573e-01 5.1561393209e-01
1.5810426112e-01 5.0516395499e-01 8.4841759836e-01
-2.2504636691e-01 -1.4044872192e-01 5.1270048480e-01
5.7763492867e+02 -3.5242929366e-02 9.4476775132e-04
9.6966803166e-01 -1.5535914090e-01 1.8869935272e-01
5.7129021846e-02 8.9468136329e-01 4.4303671748e-01
-2.3765559796e-01 -4.1881833235e-01 8.7641943226e-01
-1.5147145140e+00 -2.1326594306e+00 -5.5983024667e+00
0 0 0
0 0 0
0 0 0
0 0 0
0 0 0
0 0 0
0 0 0
0 0 0
0 0 0
0 0 0
2.4341400332e+03 -3.1657922050e+00 7.0984401646e+00
8.5055101077e-01 1.1485430569e-01 -5.1319729787e-01
1.0475182737e-01 9.1930336144e-01 3.7935258574e-01
5.1535427886e-01 -3.7641708000e-01 7.6988320488e-01
2.4347983198e+00 -2.1744492303e-01 -1.1254817834e+01
0 0 0
0 0 0
0 0 0
0 0 0
0 0 0
0 0 0
0 0 0
0 0 0
0 0 0
0 0 0
0 0 0
0 0 0
0 0 0
0 0 0
0 0 0
0 0 0
0 0 0
0 0 0
0 0 0
0 0 0
0 0 0
0 0 0
0 0 0
0 0 0
0 0 0
0 0 0
0 0 0
0 0 0
0 0 0
0 0 0
0 0 0
0 0 0
0 0 0
0 0 0
0 0 0
0 0 0
0 0 0
0 0 0
0 0 0
0 0 0
0 0 0
0 0 0
0 0 0
0 0 0
0 0 0
0 0 0
0 0 0
0 0 0
0 0 0
0 0 0
0 0 0
0 0 0
0 0 0
0 0 0
0 0 0
0 0 0
0 0 0
0 0 0
0 0 0
0 0 0
0 0 0
0 0 0
0 0 0
0 0 0
0 0 0
0 0 0
0 0 0
0 0 0
0 0 0
0 0 0
0 0 0
0 0 0
0 0 0
0 0 0
0 0 0
5.4779776952e+02 2.6827283085e-02 -3.4346687007e-02
9.9044780945e-01 -8.3902912349e-02 1.0942320619e-01
5.1741266652e-02 9.6172472361e-01 2.6908808471e-01
-1.2781227671e-01 -2.6085600876e-01 9.5687938875e-01
-6.1370407715e-01 -1.3310658538e+00 -5.2773455994e+00
0 0 0
0 0 0
0 0 0
0 0 0
0 0 0
0 0 0
0 0 0
0 0 0
0 0 0
0 0 0
0 0 0
0 0 0
0 0 0
0 0 0
0 0 0
0 0 0
0 0 0
0 0 0
0 0 0
0 0 0
0 0 0
0 0 0
0 0 0
0 0 0
0 0 0
0 0 0
0 0 0
0 0 0
0 0 0
0 0 0
0 0 0
0 0 0
0 0 0
0 0 0
0 0 0
0 0 0
0 0 0
0 0 0
0 0 0
0 0 0
0 0 0
0 0 0
0 0 0
0 0 0
0 0 0
1.6650684710e+02 -8.4111895693e-02 3.8604987821e-03
9.4848061519e-01 -1.4995804435e-01 2.7910053305e-01
-3.1454056719e-02 8.3198322390e-01 5.5390843780e-01
-3.1526998736e-01 -5.3415025984e-01 7.8440317120e-01
-1.4172760162e+00 -3.0496494766e+00 -4.4470279843e+00
0 0 0
0 0 0
0 0 0
0 0 0
0 0 0
0 0 0
0 0 0
0 0 0
0 0 0
0 0 0
3.1892758662e+03 -2.6742948913e+00 5.4796752328e+00
-7.7022533411e-01 -1.5924712863e-01 -6.1757047106e-01
-1.2474922107e-01 -9.1200227812e-01 3.9075500835e-01
-6.2545228958e-01 3.7801084208e-01 6.8258130412e-01
1.1663207501e-01 -2.4940618797e+00 7.4462517236e+00
-2.0242034646e+01 1.1804277329e-04 2.4817443088e-08
9.9605165597e-01 -8.8305365681e-02 9.1247487850e-03
8.8090157807e-02 9.9587443547e-01 2.1776888651e-02
-1.1010120161e-02 -2.0887105442e-02 9.9972121418e-01
-2.4771522271e-01 -9.6840948403e-02 -2.9019880749e+00
-1.6607277203e+00 1.7035904381e+00 3.0074070383e+00
202 200 201
13 5 446 -256.6500 318.8800 69 871 -524.7200 393.9700 8 280 -289.8200 13.1600 13 416 -258.9900 11.7000 19 603 -274.8900 -70.3000 23 567 -282.0100 -96.8800 24 566 -282.0100 -96.8800 7 375 -258.8600 10.3100 21 882 -233.1200 14.5500 35 1291 -306.1100 -0.8200 65 1600 -149.2400 0.7100 9 677 -215.6700 6.5400 12 1542 -177.2800 32.4500
-1.6607277203e+00 1.7035904381e+00 3.0074070383e+00
202 200 201
12 5 445 -256.6500 318.8800 69 870 -524.7200 393.9700 8 279 -289.8200 13.1600 13 415 -258.9900 11.7000 19 602 -274.8900 -70.3000 23 566 -282.0100 -96.8800 24 565 -282.0100 -96.8800 7 374 -258.8600 10.3100 21 881 -233.1200 14.5500 65 1599 -149.2400 0.7100 9 676 -215.6700 6.5400 12 1541 -177.2800 32.4500
4.6610991816e-01 7.7426764420e-02 2.9767531873e+00
71 67 64
6 5 1632 141.1600 67.5900 69 2903 70.9600 26.4800 55 4890 37.0200 -94.7800 13 932 60.5600 -176.1200 2 1981 -403.2000 51.8700 6 814 -30.8600 348.7400
2.1256060774e+00 -8.9301067100e-02 3.0011456673e+00
111 107 104
5 5 2379 423.8200 43.9900 69 2860 545.1400 19.1300 55 4870 377.9399 -101.7100 10 1460 1321.5300 -421.5900 36 3496 193.5800 -126.7600
7.0416079650e-03 1.1645611260e+00 3.0220974899e+00
57 64 76
3 5 1154 27.7000 194.8300 69 2001 -68.7800 245.5699 12 3237 -73.1000 6.0100
-1.7965267820e+00 1.6808808030e+00 3.0051644243e+00
122 116 113
4 5 1875 -284.4800 319.5400 69 4583 -566.6900 389.1400 8 1601 -315.4500 13.5900 13 1709 -282.5600 8.1100
2.7627162246e+00 1.6598994071e+00 3.0772014843e+00
182 175 158
4 5 2798 353.2700 247.2200 69 4573 488.8101 381.9000 23 2988 282.8500 -52.6600 24 2987 282.8500 -52.6600
9.5225212797e-01 2.0084701607e+00 3.0536217344e+00
189 181 173
10 5 2933 144.1400 309.6700 69 3069 120.9900 448.8199 8 1594 79.2700 9.7200 23 2006 68.1900 -36.0400 24 2002 68.1900 -36.0400 2 2216 -267.1800 651.3401 21 1920 60.3200 74.2500 39 3859 346.5800 533.2500 65 4728 10.4200 19.3400 9 2075 7.2400 43.7100
-6.0980628302e-02 2.2008935466e+00 3.0448927667e+00
204 201 201
11 5 1899 9.5700 343.0400 69 2028 -106.3200 481.2800 8 1625 -43.9600 38.2200 10 2588 365.5500 86.8600 13 1071 -29.5100 69.5100 19 1331 -56.2100 -16.6000 7 941 -58.9900 61.7000 36 1710 -210.8000 174.3400 65 3263 -47.0200 25.7500 9 1435 -73.1200 48.0700 12 3340 -85.7500 60.1300
9.2598127787e-01 1.2722821909e+00 3.0417803866e+00
63 66 80
3 5 4071 140.6400 197.7200 69 4469 119.8101 267.4301 9 2951 10.4200 -19.6600
8.3231707001e-01 1.4563078839e+00 3.0456665283e+00
199 199 199
2 5 2734 126.5700 218.8000 69 4496 96.9900 300.9399
-1.8730836961e+00 1.6055236674e+00 3.0017675342e+00
186 185 180
9 5 2945 -303.1100 312.0700 69 4566 -594.2800 373.4100 8 2285 -333.4100 6.3700 10 3738 -208.0100 -45.6800 13 2751 -298.9800 -0.5900 23 2817 -321.4000 -110.1300 24 2816 -321.4000 -110.1300 7 2911 -292.8400 -0.8400 21 3933 -265.2600 2.0500
-1.6115588570e+00 1.8245054141e+00 3.0122661767e+00
186 179 170
10 5 1892 -243.3500 331.4500 69 4602 -504.0300 417.4301 8 1617 -276.7300 25.1500 13 2813 -247.3400 24.1900 19 1947 -264.1000 -57.4900 23 2897 -270.7100 -84.2100 24 2896 -270.7100 -84.2100 7 2073 -248.7300 21.9500 21 2790 -224.2100 24.9000 9 3020 -209.2100 15.4000
2.6526223132e+00 1.7046714073e+00 3.0767837766e+00
184 176 167
6 5 2806 339.6000 251.7500 69 4578 464.0500 387.8700 23 2990 268.8900 -51.2500 24 2989 268.8900 -51.2500 7 2101 224.9100 33.0600 9 3050 132.0800 32.3600
-1.2408991752e+00 1.8451880549e+00 3.0170837029e+00
191 177 165
6 5 4366 -175.7500 326.7100 69 6535 -400.1800 420.7200 8 2300 -213.4900 21.1400 23 4060 -215.5500 -77.6200 24 4062 -215.5500 -77.6200 7 3001 -198.8400 25.8400
2.7985301644e+00 1.6841539213e+00 3.0739018310e+00
149 151 159
5 5 4219 374.5300 262.6900 69 6520 521.9700 407.8199 19 3744 284.6100 -42.7000 23 3007 300.1100 -34.9400 24 3006 300.1100 -34.9400
2.6323490730e+00 1.7952995139e+00 3.0754208485e+00
191 186 177
5 5 4250 347.5900 272.4600 69 6533 475.9000 420.7000 23 4201 271.7200 -31.1700 24 4203 271.7200 -31.1700 7 3059 228.4800 49.7600
-1.4233678656e+00 2.2569297620e+00 3.0297129953e+00
204 196 193
9 5 1928 -197.8600 374.7900 69 3082 -436.6200 494.4900 8 1643 -233.0300 64.1900 13 1767 -209.8300 65.9600 19 1966 -228.7400 -16.2700 7 1379 -217.1800 59.4500 21 2844 -194.5200 62.4200 65 4739 -127.9900 26.5800 9 2078 -187.4300 43.7900
1.0996081446e+00 -6.4952548751e-02 2.9849046880e+00
132 132 130
3 5 7305 253.2700 43.0100 69 14189 254.3500 0.4000 19 4664 133.8500 -272.7100
-1.7115013272e+00 1.4126735048e+00 2.9998188421e+00
110 96 92
4 5 4245 -264.2800 270.3800 69 9379 -531.6500 317.8300 23 3929 -287.0000 -137.2800 24 3931 -287.0000 -137.2800
-1.5668549346e+00 1.8348291966e+00 3.0131301661e+00
107 99 99
7 5 6045 -234.6700 331.7600 69 6532 -490.6100 419.1899 8 3149 -268.6800 25.3300 13 4468 -239.8600 25.4200 19 3728 -257.1300 -56.2200 23 4050 -263.4100 -82.6100 24 4052 -263.4100 -82.6100
-1.5608910413e+00 1.8971753365e+00 3.0150561342e+00
118 105 100
5 5 6090 -232.5200 340.8300 69 15047 -488.6800 432.8500 13 7922 -239.3000 32.4800 23 6278 -262.4900 -75.2900 24 6292 -262.4900 -75.2900
-1.4555933420e+00 1.9636382275e+00 3.0189051027e+00
107 94 90
6 5 6098 -210.6300 344.5400 69 15072 -454.8700 442.5000 8 4219 -245.6800 37.0300 13 7952 -220.9900 38.6700 19 5191 -238.2100 -43.2800 7 4413 -225.6100 34.8000
1.3998300438e+00 2.1654233662e+00 3.0674945160e+00
180 178 174
6 5 4339 193.8600 315.6300 69 4616 206.3101 469.0601 13 2872 151.2200 73.2300 19 2758 110.9300 -16.5900 7 2138 93.4600 64.4600 21 2881 103.9200 89.1600
-1.0109364343e+00 2.2544326047e+00 3.0331326919e+00
135 124 120
5 5 6158 -133.4300 371.6800 69 6591 -335.9600 501.1300 13 4586 -155.6000 73.1200 7 3079 -168.9300 65.0100 21 4122 -151.7100 70.9900
-1.2809491110e+00 1.8785891273e+00 3.0179774568e+00
174 159 150
3 5 6041 -181.2800 330.4900 69 15034 -409.2800 426.1200 8 4187 -219.4600 25.1000
-1.4045021025e+00 1.9377784635e+00 3.0185771406e+00
167 152 145
3 5 8313 -202.2100 340.0800 69 15060 -441.4900 437.9500 8 4208 -238.1900 33.1100
3.1384147822e-01 -1.6303921839e+00 2.9433805539e+00
136 137 132
2 5 477 134.1200 -284.4700 69 1207 72.1100 -496.8700
4.8622662541e-01 -1.6718088970e+00 2.9465490736e+00
140 140 137
2 5 1335 164.7200 -281.4300 69 2671 121.9000 -490.4301
5.8321631232e-01 -1.2272688650e+00 2.9569464226e+00
76 70 66
2 5 906 171.7400 -183.1300 69 2721 134.4399 -345.2900
2.0632314099e-02 -1.5637675668e+00 2.9400942072e+00
140 142 137
2 5 1990 74.3100 -281.1900 69 3953 -19.0000 -493.3400
5.0768516374e-01 -9.8208502916e-01 2.9587646428e+00
82 72 70
2 5 3460 158.0800 -139.9300 69 6028 108.9301 -283.0500
2.2543937663e-02 -1.4997601997e+00 2.9411072849e+00
82 77 74
2 5 3181 74.0900 -267.5100 69 8542 -20.3000 -473.2100
3.5292560280e-01 -1.6604704049e+00 2.9441836702e+00
54 46 45
2 5 6275 140.6700 -286.5400 69 13246 83.5500 -498.0300
5.3947232586e-01 -4.8850050556e-01 2.9608810164e+00
103 99 102
6 5 7026 176.4300 -51.5900 69 13898 118.5300 -155.7900 8 3773 119.8700 -337.5400 55 19925 67.4500 -226.8700 10 4817 788.7300 -671.1100 6 3470 11.7500 180.6900
5.1142287950e-01 -4.7118065924e-01 2.9609099162e+00
113 109 113
7 5 7032 170.0800 -47.7100 69 13908 108.7400 -150.9200 8 3774 113.8400 -333.9800 55 19932 60.1200 -222.9500 10 4820 774.3799 -664.5601 2 11836 -368.4300 -239.2500 6 3474 2.3700 185.7200
7.5100323194e-01 -2.0041620463e-01 2.9735386959e+00
169 169 169
12 5 318 202.5700 16.2500 69 780 167.7600 -51.8199 55 1015 104.5400 -150.7200 13 238 121.3200 -220.7700 19 316 86.6000 -303.4500 2 467 -255.6500 -86.8199 21 456 51.3900 -171.0500 35 1171 124.1100 -284.5500 36 1015 -40.5500 -175.4700 65 1471 13.1500 -113.0600 6 137 62.5500 274.7600 12 912 -29.6600 -64.3600
3.9691143556e-01 -1.7223675554e-01 2.9690433889e+00
182 183 177
9 5 321 134.7800 17.3700 69 1263 57.5000 -52.9200 8 215 77.9800 -269.5200 55 1551 25.8700 -152.0400 13 351 52.4500 -224.9000 19 488 26.6000 -306.1000 2 468 -435.3700 -72.5500 6 256 -45.8800 277.4300 68 1191 584.1000 359.8900
2.2420445184e-01 -1.6119121808e-01 2.9660156231e+00
177 172 169
15 5 322 100.7300 19.9100 69 778 3.8600 -55.9399 8 216 45.4400 -267.6300 55 1548 -11.9900 -153.9000 13 230 19.2900 -226.6200 19 489 -3.1700 -307.2800 23 304 2.5400 -317.2700 24 304 2.5400 -317.2700 21 451 -33.3600 -176.6000 35 1165 24.4900 -290.4399 36 1598 -140.5700 -181.9200 65 1467 -26.6400 -113.8900 6 139 -98.5600 279.9500 12 1428 -66.5000 -66.7100 68 1189 546.9800 358.4399
7.7110792647e-01 -7.2357425657e-02 2.9775183528e+00
188 188 188
11 5 602 201.9500 39.3900 69 796 167.2000 -10.4700 55 1037 104.9000 -121.6200 13 247 121.7900 -197.7600 19 514 86.1600 -280.8600 2 478 -250.1000 -24.9301 21 469 52.7400 -150.2100 65 1500 13.4800 -102.8400 6 258 64.2300 308.8600 12 926 -29.5200 -55.1300 68 1215 660.5699 392.6899
4.7930344790e-01 -2.8893295106e-01 2.9667013472e+00
183 188 193
11 5 569 155.4000 -7.0700 69 1249 87.3101 -88.1600 8 334 98.8400 -293.4100 13 340 70.2600 -246.5200 19 778 41.8400 -325.0900 2 783 -393.2800 -135.1100 35 2549 74.8900 -310.0300 36 1587 -89.7500 -200.4900 65 2183 -7.0400 -122.3700 6 464 -17.2200 245.4400 68 1834 603.8900 336.7300
3.5384621186e-01 2.0402038847e+00 3.0831148002e+00
56 60 75
2 5 716 48.7600 221.8000 69 1341 -7.5900 316.6500
2.1193706757e-01 1.5219021190e+00 3.0368666727e+00
196 195 199
3 5 724 50.4100 233.5400 69 1340 -29.6801 313.0100 9 1408 -42.6600 -7.2500
-8.6097546070e-01 1.8613250952e+00 3.0221180409e+00
192 187 183
11 5 747 -110.8100 322.3200 69 1357 -299.9400 423.0699 8 728 -153.9700 17.7600 23 895 -162.8500 -70.9200 24 893 -162.8500 -70.9200 2 895 -946.7200 722.7900 7 915 -152.1100 29.2000 35 1949 -166.0699 23.0200 39 1748 76.4200 505.8900 65 2322 -95.0900 8.8900 12 2281 -128.8600 42.0800
-3.2574531999e-02 -1.5672083140e+00 2.9389239853e+00
132 132 125
2 5 841 63.6300 -285.6400 69 1204 -35.6100 -500.7100
2.3581427512e-01 -4.5804674301e-01 2.9582399888e+00
100 88 84
11 5 946 110.9400 -46.4000 69 2748 17.7400 -152.5200 55 3232 -3.8200 -223.5200 10 864 646.5701 -669.3500 13 504 26.8700 -286.6400 19 1100 3.9200 -360.8300 23 727 13.4100 -378.8100 24 726 13.4100 -378.8100 2 1163 -523.1300 -227.3900 65 4345 -24.5300 -137.8400 6 445 -88.9700 187.7400
3.8368925316e-01 -4.2881861058e-01 2.9616791601e+00
91 78 72
10 5 554 140.3800 -36.8700 69 1852 63.5000 -135.6400 13 507 53.8700 -276.3200 19 1103 27.9200 -351.2700 2 1172 -442.1400 -208.6300 21 718 -6.9900 -219.2100 36 3329 -104.4600 -228.9800 39 3294 299.6500 142.2400 65 3036 -13.2400 -133.7600 6 449 -43.6000 200.9700
2.4724512734e-01 -4.1475584097e-01 2.9590443172e+00
195 192 192
17 5 950 113.9300 -36.1600 69 1851 19.4700 -138.1801 55 3240 -1.5800 -213.4700 10 517 647.2700 -648.0500 13 506 27.0400 -277.9500 19 754 4.6300 -353.0500 23 733 13.2500 -369.3800 24 732 13.2300 -369.3900 2 1173 -513.6000 -203.0000 21 1090 -30.6600 -220.8000 35 2503 33.4200 -341.0800 36 2229 -130.8100 -231.3300 39 2256 273.5900 139.9000 65 3033 -24.1700 -134.4100 6 452 -87.0800 202.6200 12 1374 -64.2800 -85.7100 68 1803 556.8199 303.3101
4.6155607317e-01 2.5596970289e-02 2.9755692674e+00
73 69 68
7 5 1027 141.0900 56.8000 69 1916 71.4301 10.6100 55 3332 36.4800 -105.6200 13 558 60.2800 -186.1100 2 1219 -404.2100 26.6000 21 1138 2.2300 -141.8400 6 502 -29.5200 332.6400
3.9675880650e-01 1.6236458216e+00 3.0431623626e+00
199 194 183
2 5 1184 72.3200 242.1400 69 1347 6.6400 331.5400
-3.7676831874e-01 -9.9203689797e-01 2.9335585349e+00
170 183 191
8 5 1423 -19.5100 -209.0300 69 3998 -196.4700 -404.0100 19 1579 -117.0100 -505.0300 7 1701 -109.7200 -385.0000 35 5782 -93.9900 -503.3101 36 4918 -258.4900 -393.9900 39 4944 145.8300 -17.7300 68 6159 415.1700 127.1400
-3.5527063495e-01 -9.8936279640e-01 2.9341288442e+00
66 65 71
4 5 2096 -13.5900 -206.4700 69 4002 -187.0800 -399.4000 13 782 -112.6700 -447.6300 35 5791 -88.4800 -500.3300
2.7735860408e-01 -4.3484052326e-01 2.9585517633e+00
90 84 78
14 5 948 120.1600 -42.1800 69 2750 30.4600 -145.9600 8 575 65.8300 -329.5400 55 4697 5.8400 -218.6700 10 866 663.7700 -659.8300 13 807 33.9100 -283.0400 19 1102 10.8700 -357.4700 23 729 20.8900 -374.5000 24 728 20.8900 -374.5000 2 1868 -498.9800 -219.0699 36 5095 -124.2400 -235.6700 6 448 -76.0300 192.5400 12 2965 -60.9200 -87.6300 68 3882 563.9800 297.7400
5.1039239125e-01 -2.5124931264e-01 2.9684519208e+00
61 57 69
9 5 2317 158.8400 1.3600 69 2784 96.2900 -75.3800 8 1263 101.4500 -284.3000 13 1307 77.1000 -240.4100 19 1650 47.2300 -318.2500 2 1901 -376.9400 -114.6700 35 6191 80.5699 -303.6500 6 745 -7.8600 255.9300 68 3924 610.1600 345.8700
3.5263603787e-01 -1.0335346951e-01 2.9706526044e+00
58 57 63
13 5 1561 123.2500 31.3000 69 2801 41.4900 -33.0200 8 1282 66.7000 -255.6100 55 3301 14.8600 -136.3600 13 852 43.2500 -212.4400 19 1136 17.4500 -294.4200 23 1128 25.9300 -302.4500 24 1127 25.9300 -302.4500 2 1930 -461.2200 -37.4700 35 3971 47.1801 -275.5601 65 4430 -17.2200 -108.4300 6 483 -60.2600 291.3800 68 2718 573.0800 375.2300
-1.5415180048e-01 -2.7351020286e-02 2.9631272680e+00
65 57 58
11 5 1590 20.3500 44.1300 69 2809 -121.3400 -23.0300 8 883 -31.6600 -245.4200 55 4806 -100.2200 -128.4900 13 855 -56.3700 -208.7600 19 1676 -70.7100 -289.9800 7 1191 -68.7700 -183.6500 21 1628 -93.5400 -162.4200 36 3387 -216.4500 -161.6700 65 4442 -56.3400 -106.0200 12 3033 -93.9000 -60.7000
3.3271116881e-01 1.2509357535e+00 3.0301542923e+00
191 190 188
3 5 1762 69.4800 202.1400 69 3025 0.2400 263.2700 65 4677 -20.0700 -27.4100
-4.5048077507e-01 1.2096431740e+00 2.9990112436e+00
130 134 138
7 5 734 -47.3700 258.9900 69 2006 -215.4900 314.8101 19 1311 -118.4100 -108.6500 7 582 -115.4600 -19.9600 36 1680 -277.5800 51.2600 65 3222 -76.9600 -21.9400 9 661 -111.5400 -17.5800
5.0866221439e-01 2.1429642307e+00 3.0512968537e+00
186 176 170
7 5 1235 85.6000 328.8500 69 2024 21.2100 470.8800 8 1047 26.0900 26.2400 10 1681 519.6600 80.0600 13 1068 45.1000 68.5600 2 2236 -413.1700 707.7100 9 1437 -28.6600 48.4500
-8.2324481451e-01 2.1310380440e+00 3.0325023992e+00
108 97 99
7 5 1243 -102.2900 349.0500 69 3072 -285.4600 469.4600 8 1055 -146.0900 42.2200 2 2261 -912.1500 787.7400 7 932 -145.1600 51.8600 36 2448 -324.6600 162.8700 9 1426 -135.4100 39.2400
-8.8678652146e-01 2.1528258951e+00 3.0323453698e+00
196 194 194
10 5 1909 -111.7100 353.2700 69 3078 -302.2000 473.8800 8 1061 -154.2200 45.8100 13 1760 -138.1500 59.4500 19 1329 -159.2200 -23.7000 2 2265 -938.6400 798.3401 7 1372 -153.2800 54.1500 39 2576 73.7900 540.5100 65 3260 -95.4800 22.4800 9 1431 -141.2500 40.4600
-3.7192425763e-01 -9.4821354019e-01 2.9351910293e+00
65 62 69
10 5 2122 -17.9400 -192.6200 69 5969 -193.4600 -380.5000 8 1232 -67.8400 -491.7200 19 2256 -114.8900 -491.7600 7 1703 -107.8800 -371.4500 35 9131 -92.1600 -489.4600 36 7632 -257.0300 -379.8300 39 13030 147.2900 -3.3300 6 1069 -331.7100 -19.1300 68 10576 417.1600 142.7300
4.3561752244e-01 -7.2365453133e-01 2.9600761621e+00
141 133 124
3 5 3555 146.6300 -93.5400 69 6046 84.2100 -217.2400 6 1656 -22.2100 112.9700
3.8421683011e-01 -4.6174820208e-01 2.9606923251e+00
160 148 139
6 5 2267 140.6000 -45.1500 69 4108 65.5100 -147.7100 55 7382 30.3600 -220.2700 2 2981 -440.0700 -229.0601 21 2347 -3.7000 -226.2000 6 1126 -39.7400 187.2700
-4.6820762676e-01 5.6411621359e-02 2.9609972408e+00
163 164 159
2 5 3753 -48.9500 60.7900 69 6157 -228.8400 -5.6400
3.2328231295e-01 1.3217908729e+00 3.0331561682e+00
55 63 82
2 5 2709 66.7600 207.9700 69 4477 -3.1000 274.0200
4.5835623525e-01 1.6510054240e+00 3.0449216694e+00
195 192 185
2 5 2794 79.3300 244.9800 69 4533 18.8000 336.7100
1.2243472854e+00 1.8789317542e+00 3.0535026191e+00
200 200 198
13 5 2902 181.9600 294.0600 69 4606 183.6300 427.8900 8 2268 113.5100 -3.8400 13 1756 138.1500 50.8700 19 1949 98.7500 -38.2100 23 2002 103.8700 -43.3400 24 1998 103.8700 -43.3400 2 3556 -173.9400 606.8101 7 2119 83.2500 44.7900 21 1914 91.4700 68.3500 39 3848 386.8700 520.9500 9 2069 29.6400 37.9700 12 3315 -17.2400 52.7200
-8.4219428381e-01 1.5434472061e+00 3.0120522127e+00
196 195 193
3 5 2871 -108.4100 282.2100 69 6469 -297.4900 356.2700 19 2690 -157.7100 -86.1700
5.6982466029e-01 2.1219927788e+00 3.0576907476e+00
173 163 147
3 5 1853 89.3600 304.4500 69 4609 33.5000 435.8500 7 2117 10.6800 44.2300
5.6982466029e-01 2.1219927788e+00 3.0576907476e+00
173 163 147
3 5 1854 89.3600 304.4500 69 4610 33.5000 435.8500 7 2118 10.6800 44.2300
-2.2999766996e-01 2.2211659828e+00 3.0433084344e+00
176 175 174
8 5 3005 -14.1500 348.3100 69 4619 -145.0200 484.1699 8 2334 -65.2600 42.3500 10 2589 319.5699 89.2100 13 2869 -51.0700 69.9600 19 2759 -76.9400 -16.3300 7 3075 -77.6600 62.5300 21 2866 -67.6000 74.4000
-4.3382998805e-01 -1.7394826186e-01 2.9548508562e+00
87 72 77
5 5 3692 -39.6900 10.7500 69 6102 -217.1000 -82.2900 8 1932 -89.5200 -280.8500 13 3818 -117.7700 -245.0100 19 3320 -123.9900 -324.4900
5.2344195152e-01 1.3759752397e+00 3.0376135171e+00
191 192 196
3 5 4105 91.0600 213.9400 69 6408 37.4100 286.0800 9 2958 -18.7600 -15.3500
8.3894946224e-01 1.5001826062e+00 3.0469923532e+00
70 79 100
2 5 4123 126.5200 224.1100 69 6430 97.5400 309.0900
1.3774263418e-01 1.4395956297e+00 3.0332932550e+00
55 57 72
2 5 4124 41.8600 224.4500 69 6421 -44.0500 297.0800
6.3084260739e-01 2.0271637999e+00 3.0611179662e+00
63 66 74
2 5 4267 92.9800 277.2900 69 6512 44.9700 396.3300
8.0968974953e-01 2.0003781368e+00 3.0610243903e+00
112 101 92
2 5 2851 116.1400 278.6600 69 6517 81.2700 400.6000
4.9203914179e-01 2.0094791420e+00 3.0586151537e+00
64 69 74
2 5 4264 76.9700 276.4300 69 9457 18.5300 392.1700
2.9932318495e-01 1.9679089134e+00 3.0536411886e+00
63 65 71
2 5 4260 55.2800 276.1900 69 9448 -18.6000 387.6000
1.1946471487e+00 1.8352958089e+00 3.0514661104e+00
123 122 128
12 5 4288 179.2200 290.0300 69 6534 179.3199 420.6100 8 3100 111.5500 -7.6600 13 4536 135.7800 46.6100 19 3743 96.7400 -42.8100 23 4143 102.0400 -47.4700 24 4145 102.0400 -47.4700 2 5530 -180.0400 596.3101 7 4436 81.2300 41.1100 21 4106 89.5700 64.4900 9 3053 28.3700 34.9700 68 11742 680.5900 719.4700
1.1511356544e+00 1.8871163961e+00 3.0525229917e+00
130 128 127
8 5 4302 172.4800 295.7300 69 6547 167.9900 429.4301 8 3104 104.9500 -2.6300 23 4151 95.2400 -43.5500 24 4153 95.2400 -43.5500 2 5535 -196.0200 612.0701 7 4453 75.4600 45.0400 21 4114 84.2100 68.1100
-8.9192279861e-01 1.6197742152e+00 3.0131615377e+00
202 194 191
6 5 4299 -117.8500 295.2000 69 6491 -312.5900 377.0601 8 2266 -161.2300 -6.0300 23 4013 -170.5500 -94.6300 24 4015 -170.5500 -94.6300 7 2940 -158.2600 7.5300
-1.0080562235e+00 2.1504128744e+00 3.0308126578e+00
201 201 202
5 5 4463 -130.8800 355.6200 69 6578 -332.3600 473.4399 8 3208 -172.0400 47.4900 13 2854 -160.2500 51.4000 7 4471 -167.9100 52.4600
1.2921669510e-01 -1.2214629328e+00 2.9509447042e+00
127 125 114
2 5 4878 86.6900 -191.2400 69 8680 4.5900 -359.6801
-4.0587497286e-01 -9.0954186020e-01 2.9355853260e+00
167 169 178
5 5 6644 -27.3500 -182.3300 69 13521 -207.3900 -367.0699 8 3760 -77.5400 -481.4400 6 3250 -346.2500 -4.3600 68 40718 408.0300 150.7000
5.0994755750e-01 -1.0023500438e+00 2.9583741308e+00
130 131 130
2 5 5021 159.0500 -144.3200 69 13713 110.1500 -289.0200
1.8904398348e-01 -7.8952488872e-01 2.9558255775e+00
66 59 55
2 5 5090 98.4100 -110.8000 69 8802 11.2200 -244.6400
1.8904398348e-01 -7.8952488872e-01 2.9558255775e+00
66 59 55
2 5 5091 98.4100 -110.8000 69 8804 11.2200 -244.6400
1.9533937662e-01 7.8128050324e-01 3.0132316578e+00
181 178 183
2 5 7710 57.8800 146.3600 69 14558 -21.1600 169.8199
6.1924484542e-01 1.3021611789e+00 3.0364472737e+00
67 73 90
2 5 5753 104.6100 205.8100 69 9319 58.7100 274.2400
-3.5384517236e-01 9.1051801137e-01 2.9900389705e+00
186 188 195
4 5 5774 -28.8500 215.2900 69 14681 -187.9600 242.8400 13 4270 -89.6600 -56.1300 7 4236 -102.7900 -52.8800
9.1256494393e-01 2.1199766550e+00 3.0585098025e+00
187 175 169
3 5 5999 136.4100 315.5200 69 9536 107.3400 457.7100 2 8865 -286.8700 667.8600
-2.2477360976e-01 1.8453717995e+00 3.0294714688e+00
140 139 142
5 5 5983 -11.6200 311.5400 69 9496 -142.9200 421.8600 8 3119 -62.8000 9.2900 10 5567 330.6500 22.4400 2 8886 -683.3100 679.9399
1.8689094021e-01 -1.3304164767e+00 2.9485933052e+00
90 85 81
2 5 6514 101.0000 -216.0700 69 13469 24.6400 -396.9900
5.7999079767e-01 -1.0963598062e+00 2.9575907010e+00
134 130 135
2 5 4973 173.8200 -162.0800 69 13651 133.0900 -314.7700
3.1821203213e-01 -8.3098916398e-01 2.9588809514e+00
120 111 103
2 5 6900 120.3800 -113.3200 69 13798 49.8300 -244.8500
3.5337314641e-01 -7.7272278971e-01 2.9592724297e+00
119 114 108
3 5 6934 128.6300 -102.9800 69 13827 59.6000 -230.5200 6 3406 -45.7500 97.4300
2.1770064457e-01 -6.9489423856e-01 2.9568734804e+00
72 62 59
3 5 6964 104.7700 -92.4500 69 13844 17.6300 -218.3400 6 4960 -88.1800 114.7800
3.9499142793e-01 -6.0113712398e-01 2.9602572958e+00
141 135 127
4 5 7010 140.8300 -71.3800 69 13883 70.1600 -185.4100 21 5225 1.9700 -246.6200 6 3452 -35.5000 146.9500
1.0777272306e+00 8.3418091492e-01 3.0312876618e+00
84 91 108
2 5 7713 167.3300 146.9200 69 9210 161.8600 185.9301
-7.8541507526e-01 1.3312253174e+00 3.0040735992e+00
182 178 168
3 5 8020 -103.1300 259.1000 69 14854 -288.9000 319.9800 8 4093 -147.9600 -39.7700
-8.0839257731e-01 1.3982980109e+00 3.0078455654e+00
124 114 109
2 5 8036 -103.1000 262.4700 69 14868 -289.2000 324.6801
-8.5408602183e-01 1.5024915471e+00 3.0093338284e+00
124 114 109
5 5 5948 -113.2700 281.3300 69 14918 -304.6500 354.5200 8 4121 -156.8900 -19.4300 23 6196 -166.2900 -105.9100 24 6210 -166.2900 -105.9100
1.2346474059e+00 2.1129020658e+00 3.0619442704e+00
124 117 114
3 5 5998 176.4500 315.6100 69 26224 175.9600 466.5800 8 4150 107.9800 15.5900
-1.6788219661e+00 1.5679586168e+00 3.0024183468e+00
198 197 196
7 5 69 -265.1400 302.9500 69 230 -537.5800 366.1801 8 55 -298.0600 -1.3300 13 101 -267.3700 -3.5300 19 141 -281.2200 -85.2300 7 74 -265.5900 -2.6500 9 157 -220.4000 -3.8500
2.3583394883e+00 1.9016491178e+00 3.0738905112e+00
205 199 199
6 5 102 314.4200 284.5200 69 236 414.8600 437.3500 19 147 224.8500 -29.7800 23 111 235.0700 -26.1200 24 111 235.0700 -26.1200 12 228 39.0100 58.8900
-4.4648206878e-01 9.6547068470e-01 2.9909513353e+00
198 202 204
9 5 406 -46.6000 223.5400 69 546 -214.6400 254.7100 19 350 -118.6300 -141.7200 7 348 -115.3500 -47.9500 36 1073 -276.4900 13.1500 65 1035 -77.3100 -37.8800 9 422 -110.8200 -38.2900 12 978 -114.2800 0.6500 68 849 398.2500 567.6299
-1.3895848084e+00 1.5823552317e+00 3.0064556366e+00
154 147 141
7 5 243 -209.2700 295.7700 69 551 -447.2400 369.4900 8 157 -245.8200 -6.4700 23 370 -239.5900 -107.6800 24 369 -239.5900 -107.6800 65 1047 -130.8100 -5.0100 12 653 -159.6600 27.7300
1.2795471452e+00 2.0212945050e+00 3.0594381586e+00
194 190 186
11 5 1215 183.5800 306.4400 69 1361 189.9700 452.0900 8 725 114.8500 7.3500 13 685 142.0800 63.7800 19 937 102.3900 -25.3800 7 936 86.3100 55.8500 21 891 96.2700 79.5300 39 1765 392.2900 537.9099 65 2345 28.5500 20.7400 9 973 31.9200 46.9300 12 1559 -15.1800 58.4500
-1.4319597956e+00 -1.3638187991e+00 2.9202076532e+00
134 136 132
4 5 793 -318.3700 -340.9400 69 1780 -591.7200 -588.7200 65 4155 -165.8800 -236.7600 12 2756 -189.8400 -185.7800
-3.9687972743e-01 -1.0503517150e+00 2.9316035511e+00
161 168 178
7 5 503 -24.8900 -229.3100 69 1213 -205.4500 -434.6200 19 740 -122.1700 -521.3900 35 2389 -98.8700 -520.3500 36 2155 -262.9800 -410.3400 39 2173 140.8000 -34.0300 65 2968 -79.6600 -204.0500
-1.0442875780e+00 2.3169340695e-01 2.9622169985e+00
157 149 139
4 5 650 -173.1400 94.0600 69 1296 -412.4600 32.9100 8 398 -217.5200 -200.5300 19 1217 -225.5400 -262.8200
-1.5623267799e+00 1.7343675380e+00 3.0097764419e+00
167 164 150
10 5 1874 -237.0800 318.7800 69 3058 -492.1100 399.5699 8 1600 -271.4100 13.8900 13 1722 -240.7500 14.7600 19 1939 -257.9500 -66.0800 23 1941 -263.6600 -93.2200 24 1937 -263.6600 -93.2200 7 2052 -243.5500 13.7600 21 2783 -217.2400 17.7300 35 4422 -286.5900 5.7900
-1.3774198918e+00 -3.5037207762e-01 2.9407906416e+00
170 163 161
3 5 13 -288.1400 -46.6500 69 73 -575.5400 -185.1500 19 23 -312.7300 -382.6800
-5.5114085712e-02 -4.6371459925e-01 2.9527310706e+00
181 178 175
13 5 17 50.0200 -54.8700 69 75 -80.4500 -168.1500 8 10 -2.5700 -344.2700 10 27 512.6000 -699.4399 13 13 -40.0300 -298.8500 19 24 -52.9500 -372.7000 21 38 -87.1700 -241.5200 35 84 -26.8500 -359.1700 36 77 -191.7400 -250.1500 39 64 213.1000 122.4700 65 159 -49.3700 -142.8800 6 8 -196.9700 176.4100 68 84 488.7300 279.2700
-1.3034077979e+00 7.7892655915e-01 2.9802411913e+00
197 204 213
7 5 44 -213.6500 185.0400 69 108 -450.8700 182.2100 8 35 -254.2500 -111.8400 7 43 -223.8000 -88.7500 35 202 -258.0000 -135.2100 12 148 -159.5000 -17.1100 68 147 239.1801 513.6699
-1.3034077979e+00 7.7892655916e-01 2.9802411913e+00
197 204 213
8 5 45 -213.6500 185.0400 69 107 -450.8700 182.2100 8 36 -254.2500 -111.8400 7 44 -223.8000 -88.7500 35 203 -258.0000 -135.2100 9 78 -187.2700 -65.5300 12 147 -159.5000 -17.1100 68 146 239.1801 513.6699
-1.3282178868e+00 1.2072659377e+00 2.9925239760e+00
159 157 161
7 5 46 -211.5400 256.8600 69 165 -455.5900 290.4900 19 95 -239.6800 -120.0200 35 207 -260.7300 -69.0601 36 174 -428.4900 40.4700 39 173 -17.7700 412.3000 65 255 -132.1600 -21.9400
-1.3624878395e+00 1.2399551457e+00 2.9947485393e+00
159 157 161
9 5 47 -211.5400 256.8600 69 166 -455.5900 290.4900 8 53 -248.9500 -42.1200 19 96 -239.6800 -120.0200 21 152 -209.5700 -22.1500 35 208 -260.7300 -69.0601 39 174 -17.7700 412.3000 65 256 -132.1600 -21.9400 12 218 -162.5600 12.9700
-5.7946889355e-01 -2.5039192340e-01 2.9515655677e+00
88 86 86
6 5 116 -72.8400 -8.2500 69 517 -266.8300 -114.2200 8 101 -122.4600 -300.8900 13 160 -151.4300 -266.1300 19 208 -152.0400 -343.1800 65 996 -92.2100 -128.7700
-1.6478251299e+00 -1.3001005191e-01 2.9440156850e+00
105 94 96
2 5 120 -363.5500 7.7600 69 372 -681.0600 -113.4000
-1.4998957955e+00 1.1640756528e-01 2.9521714244e+00
173 173 172
3 5 130 -307.9000 69.3200 69 378 -605.9200 -17.2100 36 507 -507.4200 -164.9900
-1.0397884516e+00 -1.3422138203e+00 2.9261323047e+00
97 96 92
3 5 171 -187.3300 -299.0800 69 741 -411.3100 -528.2700 65 1399 -124.8000 -223.5800
-1.1119935481e+00 -1.3334352598e+00 2.9258500880e+00
117 114 106
2 5 173 -206.8400 -297.7000 69 742 -437.0900 -527.5000
-4.2726959554e-01 -7.5691442894e-02 2.9576791182e+00
180 174 176
12 5 199 -37.9500 33.5700 69 522 -214.7800 -48.8500 8 136 -87.8600 -257.5600 55 1019 -165.0100 -146.5699 13 233 -116.0600 -222.3300 19 312 -121.8300 -304.4200 7 203 -116.9500 -197.2500 21 452 -143.1700 -175.9400 35 1169 -106.6200 -287.9800 36 1008 -271.9300 -180.3400 39 1033 134.5300 193.8101 65 1472 -79.1600 -112.2500
-1.3517455618e+00 -2.5710566027e-02 2.9493918751e+00
168 168 169
8 5 202 -272.7100 37.7900 69 768 -554.5200 -63.7800 13 222 -311.0600 -237.5500 19 478 -300.5100 -314.4900 36 1001 -476.1800 -191.4200 39 1020 -65.3100 183.8900 65 1458 -157.3400 -115.6000 12 1404 -186.3000 -72.9700
-1.5046244360e+00 -1.1928916883e-02 2.9487735200e+00
152 150 151
6 5 205 -313.2500 39.1700 69 769 -611.1300 -63.5800 19 479 -330.5800 -316.3400 36 998 -509.9700 -191.4500 39 1021 -97.8900 183.4399 65 1459 -170.3800 -115.6500
-1.5046244360e+00 -1.1928916883e-02 2.9487735200e+00
152 150 151
7 5 206 -313.2500 39.1700 69 770 -611.1300 -63.5800 19 480 -330.5800 -316.3400 36 999 -509.9700 -191.4500 39 1022 -97.8900 183.4399 65 1460 -170.3800 -115.6500 12 1399 -198.2900 -73.9200
-1.2568839092e+00 2.3312649316e-02 2.9538819947e+00
163 162 163
9 5 210 -231.6900 48.4900 69 524 -496.1900 -41.3500 8 143 -275.6200 -246.7600 13 235 -276.2100 -222.8400 19 314 -270.0300 -303.7100 35 1172 -275.2600 -285.2200 36 1013 -442.0500 -177.1400 65 1474 -144.2900 -110.3400 12 910 -174.4400 -67.4600
-1.2568839093e+00 2.3312649331e-02 2.9538819947e+00
163 162 163
6 5 211 -231.6900 48.4900 69 525 -496.1900 -41.3500 8 144 -275.6200 -246.7600 13 236 -276.2100 -222.8400 19 315 -270.0300 -303.7100 65 1475 -144.2900 -110.3400
-1.6425069283e+00 1.3178774211e-01 2.9509435354e+00
187 187 195
7 5 216 -352.2000 73.9100 69 528 -667.6700 -17.0699 7 312 -339.2100 -191.9200 36 1018 -544.4200 -165.4900 65 1487 -183.4200 -104.9100 9 399 -259.9800 -143.8100 12 918 -210.0200 -63.9100
-9.5353302282e-01 1.1461344158e+00 3.0021685234e+00
142 136 128
2 5 230 -123.0000 216.6800 69 848 -313.3400 252.8500
-5.4772721787e-01 1.1217112034e+00 2.9954888564e+00
203 206 213
4 5 238 -65.1800 245.3100 69 548 -241.8600 290.0300 7 355 -127.7500 -32.0600 9 652 -119.9700 -26.6000
-1.6496717393e+00 1.3876629565e+00 2.9965994617e+00
120 108 96
8 5 240 -266.2200 277.9500 69 866 -536.4800 327.6200 8 274 -299.9200 -23.9600 13 273 -268.9200 -24.0200 19 592 -282.2100 -104.7800 7 363 -264.9900 -21.0500 21 529 -240.4100 -15.8900 35 1914 -313.5000 -43.0600
-1.2385203309e+00 -1.2616230036e+00 2.9238881644e+00
112 112 109
2 5 265 -254.3000 -298.3200 69 743 -509.5900 -530.2600
-1.1399804992e+00 -3.2407436808e-01 2.9446142918e+00
128 121 111
9 5 306 -214.0000 -33.8700 69 761 -470.9500 -160.6899 8 212 -261.2300 -330.7500 13 218 -269.2400 -295.3300 19 470 -258.6800 -370.0800 35 1746 -257.4800 -357.6801 39 1554 -14.0500 125.5000 65 2150 -138.6700 -138.8400 12 1364 -169.2400 -94.4300
-1.2861523826e+00 -1.1395282513e-01 2.9479742861e+00
185 193 205
8 5 320 -254.3800 15.9100 69 1238 -528.4000 -92.2400 19 758 -288.2400 -331.9700 35 1755 -293.1700 -316.2800 36 1582 -459.9800 -208.8101 39 1570 -49.6800 166.4900 9 885 -213.3100 -166.2000 68 1816 201.0400 322.5300
-6.2355897457e-01 -7.5436089842e-02 2.9569867419e+00
177 174 171
13 5 330 -82.6600 30.3600 69 781 -276.2100 -52.8101 8 222 -131.0900 -261.2200 55 1553 -210.0700 -149.9900 13 536 -151.2200 -227.7000 7 542 -147.5100 -201.5700 21 1099 -168.4500 -181.5000 35 1167 -144.4000 -290.5601 36 1003 -309.6300 -182.4700 39 1032 97.2600 190.7000 65 2211 -93.4500 -113.1100 12 2089 -128.0000 -68.7600 68 1187 359.9900 353.0500
-1.6289899221e+00 -5.1287929077e-03 2.9474365061e+00
163 163 163
6 5 333 -352.9900 40.1100 69 772 -667.5900 -66.1600 19 475 -359.6600 -318.9000 7 308 -339.2800 -214.6100 65 2208 -183.0800 -116.3200 12 1396 -209.4700 -74.8500
-1.6289899221e+00 -5.1287929054e-03 2.9474365061e+00
163 163 163
5 5 334 -352.9900 40.1100 69 771 -667.5900 -66.1600 19 474 -359.6600 -318.9000 7 307 -339.2800 -214.6100 65 2207 -183.0800 -116.3200
-6.2827043870e-01 5.8480869276e-02 2.9610554163e+00
177 176 175
7 5 342 -82.1700 59.4800 69 801 -275.5400 -9.1700 8 227 -130.4100 -232.4000 19 499 -153.2700 -283.4100 7 551 -146.5600 -178.7900 65 2218 -92.9200 -102.3000 68 1206 360.3101 383.5000
-1.4186914902e+00 8.0561256398e-02 2.9542449246e+00
161 159 164
7 5 344 -270.2900 60.6700 69 784 -552.1800 -27.7900 8 226 -313.0700 -235.1900 13 355 -307.4000 -214.7200 19 497 -299.1500 -297.3900 65 1484 -157.0400 -107.5700 12 1433 -186.3200 -65.4600
-1.4369824870e+00 1.5905656369e-01 2.9565932721e+00
163 162 169
7 5 352 -271.3400 77.8000 69 810 -552.7900 -2.1300 8 231 -313.1400 -218.6500 13 361 -306.7600 -201.3900 19 507 -299.0200 -283.2500 65 2220 -157.0600 -100.9600 12 1447 -185.9800 -59.8600
-7.2597241125e-02 8.0703493784e-01 3.0080176276e+00
68 82 100
4 5 379 20.3900 154.2800 69 832 -83.6200 175.9500 36 1055 -194.9200 -21.9399 9 639 -60.4000 -57.9100
-1.2796984854e+00 1.3553267756e+00 3.0026361104e+00
131 122 113
6 5 415 -183.3000 256.1300 69 1334 -410.2100 306.3800 23 558 -223.3700 -136.3900 24 557 -223.3700 -136.3900 7 578 -205.4200 -28.5600 65 3225 -121.8400 -20.3500
-1.5772640856e+00 1.4529867363e+00 2.9996868559e+00
200 199 197
7 5 424 -247.9200 285.7900 69 1349 -511.3300 340.6400 8 275 -283.3100 -16.1000 13 640 -253.4400 -16.5700 7 585 -252.6700 -13.7400 21 876 -230.8800 -8.0800 65 1589 -146.1400 -12.3500
-1.9072309115e+00 1.2430289411e+00 2.9823805711e+00
154 162 175
3 5 427 -369.9700 299.0800 69 867 -700.0200 325.5699 65 1575 -191.2000 -21.5300
-1.9072309115e+00 1.2430289411e+00 2.9823805711e+00
154 162 175
3 5 428 -369.9700 299.0800 69 868 -700.0200 325.5699 65 1576 -191.2000 -21.5300
6.8263029537e-01 -1.8758243136e+00 2.9413641861e+00
98 99 97
2 5 460 223.6600 -346.6700 69 1779 199.4399 -588.2200
7.9958486781e-01 -1.8113235983e+00 2.9414230843e+00
103 104 99
2 5 462 259.4800 -346.8500 69 1778 244.5699 -587.7600
-9.3911302942e-01 -1.5131020975e+00 2.9234900598e+00
114 118 118
2 5 463 -162.5000 -346.6900 69 2624 -373.8400 -595.1799
-6.9430100744e-01 -1.4285349047e+00 2.9244455247e+00
111 116 119
2 5 465 -101.4500 -335.3400 69 1785 -300.7600 -579.0200
-9.5138811656e-01 -1.4356119851e+00 2.9256810814e+00
109 104 99
3 5 468 -161.6500 -319.1000 69 1797 -373.2200 -554.2200 65 2929 -115.6200 -230.2900
-1.4251041237e+00 -1.3257771258e+00 2.9223067118e+00
107 104 94
4 5 469 -305.2200 -317.5400 69 1796 -571.9400 -556.0100 65 2933 -161.0700 -229.4000 12 1294 -185.0400 -180.3900
-1.5890311157e+00 -1.0870727369e+00 2.9217500093e+00
76 72 73
4 5 478 -387.5100 -279.7100 69 1813 -697.1100 -512.4301 35 2351 -384.1100 -565.4700 12 1940 -214.1200 -170.0300
1.1563836767e+00 -1.2457660469e+00 2.9530727210e+00
145 148 149
8 5 504 339.2100 -220.2000 69 752 359.3600 -402.7800 55 1450 231.0500 -403.6100 21 419 145.9600 -370.1900 36 1519 72.4700 -389.8000 65 2113 55.2500 -199.6900 6 226 256.9700 -63.1100 12 1331 10.8000 -144.7200
-5.0603424404e-01 -9.3200290832e-01 2.9342607563e+00
164 177 193
