# Bundle file v0.3
90 15408
1.0069393781e+03 -2.8087840884e-01 7.1810131060e-01
9.6914547695e-01 1.6540436736e-01 1.8275240018e-01
-2.4206989318e-01 7.7844526606e-01 5.7915898902e-01
-4.6467314600e-02 -6.0552816863e-01 7.9446612619e-01
-5.6819366138e-01 -2.7231621714e+00 -5.0497781489e+00
2.9341807166e+03 -2.5955139126e-02 -3.4133093369e-02
9.8423421716e-01 1.4406283033e-01 1.0261046093e-01
-1.5379260469e-01 9.8360109167e-01 9.4216385077e-02
-8.7354682294e-02 -1.0851172006e-01 9.9024964837e-01
-2.2208534408e-01 4.3303607397e-01 -5.2625835685e+00
2.8261852390e+03 7.6548251624e-02 -3.4372533539e-01
7.7212841120e-01 2.7858138142e-01 5.7114808110e-01
-2.7515485963e-01 9.5672727823e-01 -9.4671634206e-02
-5.7280670373e-01 -8.4055511574e-02 8.1536933419e-01
-2.5127115105e+00 5.9604876195e-01 -6.2530448400e+00
2.2476967347e+05 -5.8928187812e-19 -2.5778607549e-19
6.9687317393e-01 3.2474811718e-01 6.3945792656e-01
-6.2313895330e-02 9.1565500117e-01 -3.9710565003e-01
-7.1448216066e-01 2.3688516042e-01 6.5833172707e-01
-2.6236838400e+00 1.6711516581e+00 -1.4184333258e+03
0 0 0
0 0 0
0 0 0
0 0 0
0 0 0
1.2331472008e+03 -3.7510651637e-02 1.9580168804e-01
8.1825526077e-01 2.0536094645e-01 5.3692197747e-01
-2.1071924307e-01 9.7615054558e-01 -5.2225596841e-02
-5.3484177924e-01 -7.0405923316e-02 8.4201382242e-01
-1.6340603184e+00 5.5821293938e-01 -6.5588984702e+00
1.1063749382e+03 -9.4160934067e-02 8.2977889215e-02
8.8497114042e-01 2.0567773484e-01 4.1775920099e-01
-1.6830422768e-01 9.7779389274e-01 -1.2487109457e-01
-4.3416559925e-01 4.0196675283e-02 8.9993580867e-01
-1.5383413014e+00 1.2810071420e+00 -5.5290386823e+00
9.8200163775e+02 3.2925722907e-02 -1.4711953394e-01
9.1909150150e-01 1.5718796525e-01 3.6133468620e-01
-1.5413434193e-01 9.8733966387e-01 -3.7456545251e-02
-3.6264778575e-01 -2.1268091657e-02 9.3168355774e-01
-1.1692735665e+00 -1.7361511005e-01 -7.1052226640e+00
1.1561133745e+03 -1.7688233307e-02 1.2622967442e-01
7.9567869721e-01 1.9079510089e-01 5.7488489307e-01
-3.1514585064e-01 9.4091991786e-01 1.2390642035e-01
-5.1727990839e-01 -2.7976228777e-01 8.0879821879e-01
-1.9280861193e+00 -9.1901332132e-01 -6.4341957728e+00
1.0599217560e+03 -5.7913570463e-02 -3.5255704400e-02
8.8005155023e-01 1.6894155061e-01 4.4381079461e-01
-1.0876641448e-01 9.8144342497e-01 -1.5791982355e-01
-4.6225440616e-01 9.0705876691e-02 8.8209597432e-01
-1.6411135689e+00 2.9672655020e-01 -8.6878734535e+00
2.4339250977e+03 3.3342539009e-02 -5.3931279779e-02
9.2531624394e-01 1.4310664349e-01 3.5115571659e-01
-2.1893218659e-01 9.5773236118e-01 1.8659427117e-01
-3.0961031375e-01 -2.4953799900e-01 9.1753596152e-01
-3.9053398754e-01 -1.0984608601e+00 -6.7984026080e+00
0 0 0
0 0 0
0 0 0
0 0 0
0 0 0
1.3353190956e+03 -5.9424179391e-01 6.9428559831e-03
8.5092240698e-01 2.3376469326e-01 4.7040952954e-01
-8.3855333741e-02 9.4448727583e-01 -3.1766660007e-01
-5.1855505041e-01 2.3086327986e-01 8.2328780248e-01
-2.0614402606e+00 1.1065796674e+00 -1.3191118143e+01
9.6554805078e+02 9.4053973538e-02 -1.9135645509e-01
9.6132462091e-01 1.5919427590e-01 2.2474909512e-01
-1.6900632085e-01 9.8529815045e-01 2.4988361863e-02
-2.1746686357e-01 -6.2005945177e-02 9.7409620983e-01
-5.4140465286e-01 -4.0700357439e-01 -6.6744238246e+00
8.4507031869e+02 -1.9765514520e-01 7.1086252053e-02
8.9883197812e-01 2.1311593065e-01 3.8299174300e-01
-1.0329575683e-01 9.5221300502e-01 -2.8743761010e-01
-4.2594725227e-01 2.1879669372e-01 8.7789347024e-01
-1.2548672660e+00 1.6596945602e+00 -8.3709595572e+00
0 0 0
0 0 0
0 0 0
0 0 0
0 0 0
2.1451050501e+03 9.2954035237e-03 -6.3870118585e-01
6.1795089178e-01 5.9530098400e-01 -5.1356930769e-01
-4.2975541610e-01 8.0275087422e-01 4.1340212417e-01
6.5836690203e-01 -3.4753019778e-02 7.5189444068e-01
2.1446765655e+00 -1.6890604831e+00 -7.5315358260e+00
0 0 0
0 0 0
0 0 0
0 0 0
0 0 0
8.7771309863e+02 1.8606536435e-02 -2.5661841295e-02
9.6390154567e-01 1.8723968201e-01 1.8930164219e-01
-1.8976279015e-01 9.8181786983e-01 -4.8738034843e-03
-1.8677230450e-01 -3.1224541089e-02 9.8190688678e-01
-1.5350833741e+00 -1.3686744672e+00 -7.3945841615e+00
1.3318974284e+03 -4.7084812309e-02 3.7387863292e-01
8.9975229644e-01 1.9058756091e-01 3.9258398678e-01
-1.8741926236e-01 9.8116522548e-01 -4.6784830994e-02
-3.9410636273e-01 -3.1483042089e-02 9.1852544489e-01
-1.2772228031e+00 -4.3519674110e-01 -7.8741907465e+00
0 0 0
0 0 0
0 0 0
0 0 0
0 0 0
8.5835630322e+02 1.2887004871e-01 -4.2812134091e-01
9.9325798564e-01 1.1556030253e-01 -9.1864267565e-03
-1.1575263430e-01 9.9298140568e-01 -2.4274588212e-02
6.3167721962e-03 2.5174281686e-02 9.9966312022e-01
2.2845290824e-01 -1.5304869399e-01 -6.8844702570e+00
2.2134335035e+03 8.3354708936e-01 6.2522697746e-03
9.5983748167e-01 -3.2014181793e-02 -2.7872405877e-01
-2.1655943922e-02 9.8204985290e-01 -1.8737424185e-01
2.7971955396e-01 1.8588485301e-01 9.4191496036e-01
9.3362714828e-01 3.6419219072e-02 -1.5685659642e+01
9.9138603099e+02 1.1342334379e-02 -8.3825312402e-02
9.5954664554e-01 1.1312492693e-01 2.5782355583e-01
-1.5569850598e-01 9.7617157114e-01 1.5115236991e-01
-2.3458092477e-01 -1.8518049196e-01 9.5429553867e-01
-7.3713431643e-01 -1.1800350274e+00 -6.7359548250e+00
1.0127576107e+03 2.3938915477e-02 -2.7238948985e-02
-9.8948030670e-01 -6.3751385942e-02 -1.2986332603e-01
-6.0963631227e-02 -6.3032050471e-01 7.7393765705e-01
-1.3119511548e-01 7.7371301018e-01 6.1980321034e-01
2.3747598843e-01 -2.4233885442e+00 6.7830329605e-01
0 0 0
0 0 0
0 0 0
0 0 0
0 0 0
0 0 0
0 0 0
0 0 0
0 0 0
0 0 0
2.5919112664e+03 -2.4044613547e-01 1.0437460531e-01
7.4189539733e-01 3.4939959051e-01 5.7228589496e-01
-2.8510985032e-01 9.3688345741e-01 -2.0239011953e-01
-6.0688021278e-01 -1.3012047706e-02 7.9468678984e-01
-2.2569440703e+00 1.9530013627e+00 -4.1806275708e+00
2.3676910933e+03 -8.4618012210e-03 4.0489290358e-02
7.5672727157e-01 3.7361492784e-01 5.3644731536e-01
-4.9822760595e-01 8.6087722406e-01 1.0324561861e-01
-4.2324117136e-01 -3.4540163692e-01 8.3759454397e-01
-2.0493037767e+00 3.5838592572e-01 -4.5220012434e+00
0 0 0
0 0 0
0 0 0
0 0 0
0 0 0
1.7290178279e+03 -1.2541411919e+00 -7.6926066014e-02
7.9325476649e-01 2.6979127497e-01 5.4585670591e-01
-7.3131903472e-02 9.3220420845e-01 -3.5446726004e-01
-6.0448209248e-01 2.4126330366e-01 7.5920578118e-01
5.9033296034e-01 1.8250805269e+00 -2.6159648136e+01
1.8849913761e+03 2.7400023828e-01 -9.4167412329e-02
8.1395645510e-01 2.7315036432e-01 5.1270241630e-01
-5.3203423891e-02 9.1390277338e-01 -4.0243150536e-01
-5.7848447247e-01 3.0028419753e-01 7.5840959634e-01
-1.8132285648e+00 1.4368722446e+00 -1.2128024859e+01
4.6507017863e+03 -6.0896343880e-01 -7.6460365597e-03
7.9575598790e-01 2.6367813158e-01 5.4520294447e-01
-1.0683897877e-01 9.4724450394e-01 -3.0218087691e-01
-5.9611898170e-01 1.8221331642e-01 7.8194658831e-01
-1.9642501778e+00 -1.9141700525e-01 -2.3382327990e+01
6.4141252657e+03 2.2416736296e-01 3.0650255084e-02
9.4244576577e-01 -4.4643891191e-02 -3.3136520873e-01
-1.9593997133e-02 9.8196863768e-01 -1.8802571605e-01
3.3378444220e-01 1.8369680890e-01 9.2457743242e-01
1.3624644504e+00 -3.3927175708e-01 -1.6557745736e+01
4.9740769466e+03 1.9389367560e-01 1.9963311783e-03
7.7957165862e-01 2.6984036742e-01 5.6520280006e-01
-9.9584870822e-02 9.4435212329e-01 -3.1349947485e-01
-6.1834527781e-01 1.8810965776e-01 7.6306216921e-01
-2.0973946471e+00 -8.9466096465e-02 -2.1958086266e+01
2.8347405651e+03 -9.6344773314e-02 4.8469790300e-01
8.3460455375e-01 2.2748298281e-01 5.0168389589e-01
-1.5173809196e-01 9.7045277218e-01 -1.8760855100e-01
-5.2953828031e-01 8.0454393862e-02 8.4446213663e-01
-1.6535798650e+00 3.2224916687e-01 -1.0861317646e+01
2.8119899654e+03 -4.8518952720e-02 1.7355329093e-01
8.0193299554e-01 2.3124743926e-01 5.5084307430e-01
-1.2964450504e-01 9.6743553578e-01 -2.1739546090e-01
-5.8317730835e-01 1.0292281545e-01 8.0579843701e-01
-2.2883818923e+00 7.3147500448e-01 -1.0676201819e+01
0 0 0
0 0 0
0 0 0
0 0 0
0 0 0
2.7647926068e+03 5.4778627890e-02 -2.7136292768e-01
8.0760733059e-01 2.5225125130e-01 5.3304756429e-01
-5.9094126615e-02 9.3396547819e-01 -3.5244342772e-01
-5.8675231894e-01 2.5313591559e-01 7.6918393409e-01
-2.1476293868e+00 2.4247971965e+00 -1.0447971698e+01
2.7877874596e+03 -5.5594619454e-02 1.0591517469e-01
8.7996255389e-01 2.1544916866e-01 4.2337638040e-01
-7.0480437283e-02 9.4058636193e-01 -3.3215930471e-01
-4.6978549543e-01 2.6244799765e-01 8.4286572882e-01
-7.0183620709e-01 2.1679354912e+00 -1.0693224453e+01
2.9630537019e+03 -5.7233582518e-02 1.6083818261e-01
8.1219233119e-01 2.2647589166e-01 5.3763583181e-01
-1.2281692119e-01 9.6729643102e-01 -2.2193156244e-01
-5.7031536979e-01 1.1422033548e-01 8.1344581500e-01
-2.0671184612e+00 9.9343338002e-01 -9.5417376436e+00
2.9534599182e+03 1.3640671327e-02 -1.6038487747e-01
8.2675935690e-01 1.8070944850e-01 5.3274108252e-01
-1.0092963286e-01 9.7928358592e-01 -1.7554733706e-01
-5.5342766012e-01 9.1366041628e-02 8.2787080601e-01
-1.9427383949e+00 6.3622260624e-01 -9.6153813828e+00
0 0 0
0 0 0
0 0 0
0 0 0
0 0 0
0 0 0
0 0 0
0 0 0
0 0 0
0 0 0
0 0 0
0 0 0
0 0 0
0 0 0
0 0 0
3.0348576475e+03 -2.4995260845e-02 2.3146696113e-01
9.5808082021e-01 -8.0418273033e-02 -2.7498007801e-01
8.2187913911e-03 9.6711705639e-01 -2.5419884089e-01
2.8638015540e-01 2.4128303008e-01 9.2723724364e-01
1.3622524435e+00 2.2092242038e+00 -5.0543212760e+00
2.7194282756e+03 8.1458208052e-03 -2.9128235317e-01
9.1227280014e-01 -1.2875979361e-01 -3.8881776410e-01
1.3980164019e-01 9.9017952401e-01 1.0782070533e-04
3.8498550561e-01 -5.4455723053e-02 9.2131467735e-01
1.9586135576e+00 7.9453535240e-01 -5.1143800745e+00
1.0267262828e+04 1.9595090902e+00 2.7060503489e-02
9.7150492717e-01 1.1940618553e-01 2.0474457099e-01
-6.3048822647e-02 9.6289876439e-01 -2.6239438923e-01
-2.2847980754e-01 2.4200853785e-01 9.4298931338e-01
-6.3436448934e-01 2.0664278293e+00 -1.0178885906e+01
0 0 0
0 0 0
0 0 0
0 0 0
0 0 0
2.0279446753e+03 8.9002079628e-02 -8.2769130694e-01
9.0312451879e-01 1.9088200750e-01 3.8461690390e-01
-1.1930711400e-01 9.7203609693e-01 -2.0226625722e-01
-4.1247050331e-01 1.3678408342e-01 9.0064321372e-01
-1.3433773024e+00 5.0530849095e-01 -8.4290508823e+00
0 0 0
0 0 0
0 0 0
0 0 0
0 0 0
0 0 0
0 0 0
0 0 0
0 0 0
0 0 0
1.3844111275e+03 1.1471754290e-02 5.1411413173e-02
9.3924029560e-01 1.3403091037e-01 3.1601168047e-01
-2.7648999422e-01 8.4097930789e-01 4.6508825700e-01
-2.0342308184e-01 -5.2420369969e-01 8.2693985937e-01
-9.8306056714e-01 -1.6808732844e+00 -4.8847603018e+00
1.3841529947e+03 4.5377890281e-02 1.2659959158e-02
8.9998868222e-01 1.9501757889e-01 3.8985704533e-01
-1.6906822654e-01 9.8049998921e-01 -1.0017837063e-01
-4.0179137203e-01 2.4246960511e-02 9.1541016941e-01
-1.3200673027e+00 1.4151078806e+00 -4.8839786001e+00
2.1511064711e+03 1.2491594588e-01 -6.2708382419e-03
7.4595973039e-01 2.9539254689e-01 5.9689808500e-01
-6.7102219297e-02 9.2503068647e-01 -3.7391913732e-01
-6.6260197162e-01 2.3887543267e-01 7.0985713695e-01
-3.0571092505e+00 1.8402030257e+00 -1.9540565429e+01
-2.9286475098e+03 1.1754488924e-01 4.0229210685e-01
9.8317093638e-01 -1.7291084661e-02 -1.8186788679e-01
-8.1320194084e-02 8.5002340644e-01 -5.2042985555e-01
1.6359075734e-01 5.2646104025e-01 8.3431219409e-01
9.2254608301e-01 2.0276600385e+00 3.5167708667e+00
8.5329719082e+02 -7.1190171990e-02 2.3650760401e-01
6.4333454951e-01 4.8061567336e-01 5.9592720355e-01
-4.9853733853e-01 8.5373230164e-01 -1.5033854872e-01
-5.8101736593e-01 -2.0037397950e-01 7.8884034432e-01
-2.9978105384e+00 -3.4618689428e-01 -7.8894714270e+00
3.7445473590e+03 -3.9491709877e-01 -1.7346752585e-03
8.1491673143e-01 3.0963947239e-01 4.8993276883e-01
-9.0331198493e-02 9.0285170794e-01 -4.2035588262e-01
-5.7249541082e-01 2.9829882771e-01 7.6371906744e-01
-1.7346788750e+00 1.2477829325e+00 -3.9046240103e+01
9.0255333902e+02 5.9511848861e-02 -3.1541341784e-01
9.5252141680e-01 1.0136284939e-01 -2.8710368039e-01
-2.9218643045e-02 9.6903643857e-01 2.4518289423e-01
3.0306636473e-01 -2.2515317783e-01 9.2598964632e-01
9.9497376619e-01 -1.6711782234e+00 -7.1446122694e+00
0 0 0
0 0 0
0 0 0
0 0 0
0 0 0
2.1289466760e+03 -6.3903869819e-02 -2.5874927626e-03
8.1328367911e-01 2.7229847301e-01 5.1422096310e-01
-9.1951127296e-02 9.3278259116e-01 -3.4851345429e-01
-5.7455604381e-01 2.3615710709e-01 7.8365500910e-01
-1.8711853922e+00 4.0271938185e-01 -2.3230959822e+01
6.9064211820e+02 -9.3733552645e-02 2.3069511977e-02
8.8330223056e-01 2.4803127736e-01 3.9781610693e-01
-1.4150468075e-01 9.5005737296e-01 -2.7814998366e-01
-4.4693802122e-01 1.8939765978e-01 8.7428538342e-01
-1.3665185183e+00 5.3315530329e-01 -1.0440278514e+01
1.6308759078e+03 -5.3415480307e-02 4.9854108128e-02
8.6700749160e-01 2.3711726015e-01 4.3826181039e-01
-5.2804043202e-02 9.1829034272e-01 -3.9237046205e-01
-4.9548939699e-01 3.1704613451e-01 8.0868535665e-01
5.5027633257e-01 2.2701295313e+00 -1.8124871121e+01
0 0 0
0 0 0
0 0 0
0 0 0
0 0 0
0 0 0
0 0 0
0 0 0
0 0 0
0 0 0
1.1084752994e+03 -2.0495013704e-01 1.2777268981e-02
8.4088267021e-01 2.5805186791e-01 4.7573686888e-01
-1.3679933101e-01 9.5180994976e-01 -2.7448818293e-01
-5.2364327359e-01 1.6573187080e-01 8.3566181498e-01
-1.7729329047e+00 6.5383926082e-01 -1.0860074411e+01
1.0804843099e+03 -1.5659849181e-01 4.7761127949e-02
9.1831489863e-01 1.1277695723e-02 -3.9568998033e-01
-4.3416777527e-02 9.9643302121e-01 -7.2361714110e-02
3.9346248917e-01 8.3630424003e-02 9.1552893007e-01
1.0109315295e+00 6.9448566981e-01 -9.6514380530e+00
0 0 0
0 0 0
0 0 0
0 0 0
0 0 0
2.3849911296e+03 -5.1748543689e-02 4.5157865770e-02
9.4459699916e-01 1.5338464150e-01 2.9018900899e-01
-2.9563559972e-02 9.2026058017e-01 -3.9018772469e-01
-3.2689831004e-01 3.5999113368e-01 8.7380997852e-01
4.5310102460e-01 2.7674729435e+00 -9.1858676500e+00
2.4733868554e+03 -3.2415740554e-02 6.8609150386e-02
8.6606363093e-01 2.0089405936e-01 4.5779401928e-01
-1.3993906287e-01 9.7651971670e-01 -1.6378736696e-01
-4.7994879504e-01 7.7787015679e-02 8.7384113793e-01
-1.5301803299e+00 8.9258887681e-01 -7.6462352845e+00
1.0881671070e+04 1.2194240569e-02 2.6239822341e-02
8.6980646363e-01 1.9080099364e-01 4.5500735890e-01
-1.8343346100e-01 9.8115164857e-01 -6.0775059777e-02
-4.5802716209e-01 -3.0601034802e-02 8.8841133236e-01
-1.5681577256e+00 4.6538448578e-02 -7.5204918483e+00
2.4718446114e+03 -3.1940926571e-02 9.5333728511e-02
8.6723832378e-01 1.9395027874e-01 4.5856404040e-01
-8.7824544494e-02 9.6615712952e-01 -2.4254329607e-01
-4.9008625685e-01 1.7006966356e-01 8.5492208439e-01
-1.4932868771e+00 1.6109777596e+00 -7.5695177589e+00
2.4809856030e+03 -9.7363549725e-03 7.0196005456e-03
8.9638566169e-01 2.0021498465e-01 3.9548287628e-01
-3.9479811147e-02 9.2469789533e-01 -3.7864910786e-01
-4.4151340865e-01 3.2380204183e-01 8.3679038456e-01
-9.4441277641e-01 2.7484557811e+00 -7.3499938402e+00
1.0621873475e+03 1.0713669633e-01 -3.9170524869e-01
8.4413828216e-01 2.5687093428e-01 4.7058249406e-01
-4.5957902327e-02 9.0918611690e-01 -4.1384595691e-01
-5.3415206805e-01 3.2771623084e-01 7.7928405619e-01
-1.9366666847e+00 3.0074272224e+00 -6.2454944826e+00
2.5047247651e+03 1.0485563346e-02 -3.8389046107e-02
9.0977733913e-01 1.6913022609e-01 3.7907803922e-01
-1.9471964742e-01 9.8040300005e-01 2.9903451201e-02
-3.6659166945e-01 -1.0101942441e-01 9.2488141066e-01
-1.3264508419e+00 7.9013977739e-01 -4.9266206330e+00
2.3514348414e+03 -9.1398278065e-02 1.6298757477e-01
8.1088056573e-01 2.5634225964e-01 5.2608112876e-01
-1.3611774693e-01 9.5691973824e-01 -2.5646943977e-01
-5.6916137174e-01 1.3635710646e-01 8.1084034953e-01
-2.1277985041e+00 1.2004706972e+00 -9.1366087199e+00
2.3386682369e+03 -3.8237317837e-02 5.8788932915e-02
8.2959841389e-01 2.4369927946e-01 5.0237150880e-01
-9.9587370959e-02 9.4987959368e-01 -2.9632939957e-01
-5.4940770582e-01 1.9580454207e-01 8.1228797486e-01
-1.8534134712e+00 1.6774132641e+00 -9.1221243131e+00
2.3821183237e+03 -5.0761661728e-02 8.2743868812e-02
8.7488387841e-01 2.1995105103e-01 4.3150867250e-01
-7.9531247376e-02 9.4408249341e-01 -3.1997347754e-01
-4.7775828615e-01 2.4562121404e-01 8.4345553482e-01
-1.0877362553e+00 1.9603397622e+00 -9.3321491844e+00
1.2002577585e+04 -1.3272080263e-01 -2.2027867954e-03
8.6549725814e-01 2.1716565725e-01 4.5139071042e-01
-7.2772926905e-02 9.4608729695e-01 -3.1563099919e-01
-4.9559923048e-01 2.4032874121e-01 8.3463974198e-01
-1.6226762815e+00 2.2321187147e+00 -7.5989320653e+00
2.4738621229e+03 -4.5203634810e-03 -1.2828049919e-02
8.7883148909e-01 1.9974943554e-01 4.3330748527e-01
-1.2834396489e-01 9.7364449571e-01 -1.8853175501e-01
-4.5954655963e-01 1.1007524232e-01 8.8130607655e-01
-1.2755000332e+00 1.1054427017e+00 -7.7168401216e+00
2.5351342669e+03 2.1106810588e-03 1.7087423605e-01
-9.9739241821e-01 -2.4402478378e-03 7.2127728962e-02
4.1106740801e-02 -8.4066826210e-01 5.3998806372e-01
5.9317787851e-02 5.4154493654e-01 8.3857646148e-01
-6.6202802091e-01 -2.5270676286e+00 1.1166014463e+00
0 0 0
0 0 0
0 0 0
0 0 0
0 0 0
8.8262931597e+03 -3.5285365816e+00 -1.6021563283e-01
8.6805618481e-01 2.2668367428e-01 4.4169330063e-01
-4.2235788938e-02 9.2016817943e-01 -3.8923856398e-01
-4.9466614817e-01 3.1922567781e-01 8.0833184305e-01
-1.4904908821e+00 1.6886251028e+00 -1.8363801041e+01
8.9623224011e+03 -3.1121554885e+00 -6.1988753795e-02
8.6428693631e-01 2.5399338942e-01 4.3416062679e-01
-6.3130351780e-02 9.1109396711e-01 -4.0733566231e-01
-4.9902169332e-01 3.2464617853e-01 8.0348130555e-01
-1.5104784174e+00 1.8831753849e+00 -1.8038413207e+01
-1.1368419324e+01 6.4798941264e-05 8.3780950683e-08
9.7422338051e-01 1.3812327931e-01 1.7835572485e-01
-6.3982976641e-02 9.2735350191e-01 -3.6867555004e-01
-2.1632148200e-01 3.4776061049e-01 9.1228700211e-01
-6.7176003087e-01 1.1170810370e+00 -3.5332970014e+00
7.7442159001e+03 1.7434460006e+00 -9.4172976811e-01
8.5798237128e-01 2.4805788458e-01 4.4981500249e-01
3.4918080752e-02 8.4548338025e-01 -5.3285887565e-01
-5.1249095427e-01 4.7289019827e-01 7.1674813022e-01
-1.7213870010e+00 4.4291245889e+00 -1.3517526862e+01
0 0 0
0 0 0
0 0 0
0 0 0
0 0 0
0 0 0
0 0 0
0 0 0
0 0 0
0 0 0
3.8186696336e+03 -8.9321437255e-02 -5.6845419309e-01
8.6548921642e-01 2.4997266052e-01 4.3409916523e-01
-4.9868394777e-02 9.0528195310e-01 -4.2187406722e-01
-4.9843912313e-01 3.4347962732e-01 7.9597750355e-01
-1.5625516931e+00 2.3189200531e+00 -1.3038278983e+01
7.2729722059e+03 1.2903079986e-01 -2.2197604824e-02
8.6083113890e-01 2.3838520759e-01 4.4960231660e-01
-8.5582944949e-04 8.8417176368e-01 -4.6716117119e-01
-5.0888998600e-01 4.0176210014e-01 7.6132660340e-01
-1.6950965408e+00 3.1769886700e+00 -1.4237078533e+01
7.6958104718e-01 4.6255776063e-01 3.9053175675e+00
193 184 169
27 55 351 395.6801 135.1599 84 176 482.9700 34.5900 23 105 320.4300 -79.0000 24 105 320.4300 -79.0000 69 293 547.1600 322.8700 71 299 572.4500 567.3700 80 268 618.2200 419.9700 72 205 799.9099 965.3899 5 96 389.1200 211.6800 19 138 299.5400 -89.4000 65 517 120.8300 -11.1300 12 325 71.7300 33.3800 14 124 166.2000 147.2200 35 314 375.9301 -31.0000 38 340 237.5000 509.8000 39 251 628.7100 452.1599 68 301 961.3601 663.9800 36 276 209.5400 78.8101 57 313 101.0800 -2.9100 22 219 113.8200 -46.3300 32 209 203.9000 -224.1900 58 80 181.7700 -76.6100 61 309 94.2700 -19.6200 62 1154 325.9399 120.9299 66 238 40.9700 158.0800 3 311 91.7400 79.3800 0 50 410.2300 -128.5500
-1.1341461835e+00 1.7047462251e-01 3.5688755951e+00
195 188 178
32 55 1116 -391.3700 190.1200 84 934 -630.2600 16.5100 21 882 -233.1200 14.5500 23 567 -282.0100 -96.8800 24 566 -282.0100 -96.8800 69 871 -524.7200 393.9700 71 639 -506.7700 633.7700 79 880 -425.1000 456.3500 80 806 -444.8300 486.1200 88 1581 -374.8200 411.9399 72 588 -335.7300 1040.6599 5 446 -256.6500 318.8800 7 375 -258.8600 10.3100 13 416 -258.9900 11.7000 19 603 -274.8900 -70.3000 65 1600 -149.2400 0.7100 8 280 -289.8200 13.1600 9 677 -215.6700 6.5400 10 391 -126.6500 -22.7800 12 1542 -177.2800 32.4500 14 492 -149.5600 161.8500 35 1291 -306.1100 -0.8200 39 1152 -63.8900 481.5601 18 801 -455.9400 -240.5800 57 1847 -88.8300 2.2900 22 1144 -202.6000 -77.4100 60 2355 -96.8700 -60.7000 61 1682 -91.0700 -12.4700 54 3124 -227.4200 99.3100 62 7339 133.5800 121.8700 66 1340 -222.4700 102.1000 0 383 -423.0500 -118.4100
-1.1188728697e+00 7.3624072909e-01 3.3590877211e+00
201 193 184
35 55 1187 -364.7400 449.5601 84 978 -572.7800 337.4000 23 623 -251.6200 65.0600 24 622 -251.6200 65.0600 69 932 -484.6600 728.0901 71 1064 -474.7400 982.7600 79 947 -386.8900 789.3201 88 1630 -352.0500 647.1299 7 671 -236.0600 164.4400 13 441 -225.0700 179.7400 19 648 -249.6000 103.0700 65 1666 -138.9200 87.9800 8 522 -255.4500 186.9100 9 718 -206.2100 125.4300 12 1600 -169.9500 111.9800 35 1362 -286.3900 222.9800 38 1163 -428.1500 788.9800 39 1218 -44.8200 711.2200 68 1357 202.8000 914.9299 36 1163 -455.9600 334.6300 41 615 -458.3200 423.4800 18 875 -414.0100 -100.2800 57 1897 -81.1500 63.7000 77 1136 -187.6300 685.7000 22 1856 -193.5800 29.0200 31 2053 -172.8900 176.6000 32 1466 -192.0800 -91.3500 60 2458 -91.9500 2.5300 61 1741 -83.3300 46.2100 49 494 -381.8000 283.7400 54 3235 -222.5000 176.6500 62 7608 137.3900 186.5000 33 540 -393.6900 -106.7000 56 582 -243.5200 60.5400 0 649 -326.7400 32.8200
-1.6945662193e-01 4.3440286716e-01 3.6954373358e+00
91 74 57
2 55 22317 28.5200 206.9199 84 7404 -48.6100 77.6400
7.0533383524e-01 5.3535028505e-01 3.8618527410e+00
90 80 63
15 55 8184 374.9900 172.9700 84 5191 447.3101 81.3800 23 2975 299.5700 -56.3600 24 2974 299.5700 -56.3600 69 4560 515.7700 370.1801 71 4712 541.2300 615.5900 79 4224 606.3000 437.0800 80 3978 587.8800 467.1400 72 4352 769.3799 1019.5200 5 2776 369.1400 240.4000 7 2083 250.9800 26.3600 8 1543 286.3700 -49.9800 14 3005 157.4500 161.5300 32 8511 192.7500 -203.1800 0 1577 378.5700 -105.5900
-5.3039421257e-02 4.3761314182e-01 3.7181385394e+00
91 74 51
4 55 8273 71.2500 203.3900 84 5187 8.2800 79.8800 24 2966 64.9600 -60.6300 0 1579 54.3400 -105.8300
-4.5716799839e-01 4.6796430513e-01 3.6101672569e+00
189 179 170
24 55 2424 -86.7200 255.9800 84 2304 -223.0900 136.4900 21 1280 -49.5400 75.1200 23 2011 -58.1200 -31.9500 24 2007 -58.1200 -31.9500 80 1780 -32.5699 574.8799 5 1899 9.5700 343.0400 7 941 -58.9900 61.7000 13 1071 -29.5100 69.5100 19 1331 -56.2100 -16.6000 65 3263 -47.0200 25.7500 8 1625 -43.9600 38.2200 9 1435 -73.1200 48.0700 10 2588 365.5500 86.8600 12 3340 -85.7500 60.1300 14 1740 -30.3000 189.1500 35 2868 -45.3800 64.9199 38 2443 -181.7600 617.1799 36 1710 -210.8000 174.3400 2 1400 -616.3200 755.7900 34 1773 -74.6100 -193.1700 31 4873 -47.0700 90.5900 61 2563 -21.4400 5.0100 0 1686 -108.9700 -61.1800
-1.2389411483e+00 1.1243655837e-01 3.5673675790e+00
186 176 166
17 55 8183 -441.7300 172.3700 84 5027 -700.0000 -9.6700 21 3933 -265.2600 2.0500 23 2817 -321.4000 -110.1300 24 2816 -321.4000 -110.1300 69 4566 -594.2800 373.4100 71 6584 -576.4900 611.6400 79 5871 -492.5500 436.4399 72 4351 -405.7900 1018.1899 5 2945 -303.1100 312.0700 7 2911 -292.8400 -0.8400 13 2751 -298.9800 -0.5900 8 2285 -333.4100 6.3700 10 3738 -208.0100 -45.6800 31 13951 -205.3000 38.8500 58 4280 -256.0900 -141.2000 0 2264 -483.3900 -127.5600
-1.1061078948e+00 2.1447877768e-01 3.5584293525e+00
170 159 145
26 55 5315 -377.3700 207.2200 84 3438 -611.0400 38.4900 21 2790 -224.2100 24.9000 23 2897 -270.7100 -84.2100 24 2896 -270.7100 -84.2100 69 4602 -504.0300 417.4301 71 3259 -487.1400 657.5200 79 4261 -404.4100 480.2600 88 4957 -362.2500 427.9301 72 2916 -314.6600 1067.7600 5 1892 -243.3500 331.4500 7 2073 -248.7300 21.9500 13 2813 -247.3400 24.1900 19 1947 -264.1000 -57.4900 8 1617 -276.7300 25.1500 9 3020 -209.2100 15.4000 10 2512 -102.4900 3.7300 35 6952 -293.4200 15.6300 38 5673 -434.9100 572.1899 39 6008 -50.5300 498.8500 18 2551 -446.9600 -231.0800 22 6571 -197.1800 -68.5700 31 7990 -177.1400 57.2600 58 2948 -223.7300 -120.9400 56 3775 -281.8500 -26.8800 0 2312 -403.3700 -106.0600
8.5271321242e-01 5.4322479811e-01 3.8957048262e+00
99 90 76
9 55 8156 428.1500 160.3500 84 7392 525.4900 73.4800 23 4119 343.0200 -58.2200 24 4121 343.0200 -58.2200 71 6571 613.7400 602.8201 72 6097 846.8301 1005.3301 5 4134 413.0800 230.2600 8 2182 326.0800 -58.2700 0 2315 441.4000 -103.9500
-9.4099403825e-01 2.5697670713e-01 3.5795260745e+00
159 147 135
16 55 8290 -301.4400 209.5000 84 7330 -510.3100 51.0400 21 4022 -180.1300 31.5000 23 4060 -215.5500 -77.6200 24 4062 -215.5500 -77.6200 69 6535 -400.1800 420.7200 71 6633 -381.4600 661.9399 79 5920 -302.4400 483.3101 80 5736 -322.2800 513.4099 88 10817 -296.6900 434.1200 72 4413 -205.5100 1072.0200 5 4366 -175.7500 326.7100 7 3001 -198.8400 25.8400 8 2300 -213.4900 21.1400 34 11239 -194.5000 -232.3200 0 2319 -328.4400 -101.6200
7.5851841246e-01 5.7971883481e-01 3.8585467710e+00
183 168 148
9 55 5286 393.5400 185.1899 84 5230 472.0800 102.3800 80 4001 612.9000 484.9500 72 2901 798.6899 1040.6799 5 2801 385.3900 249.7700 58 2075 176.0600 -47.8100 66 4546 36.7500 179.3500 16 2879 512.5800 19.6400 0 2337 395.4200 -90.0400
-9.4608445896e-01 2.8956536031e-01 3.5659116039e+00
189 178 167
10 55 8325 -302.3400 224.8700 84 7390 -513.9700 72.3400 23 2953 -216.4100 -66.2100 24 2952 -216.4100 -66.2100 72 4426 -206.5100 1096.0100 5 2996 -174.4500 340.2600 8 2324 -212.5400 33.7800 34 6953 -196.5300 -224.1300 56 3762 -248.8500 -30.0100 0 2341 -326.3700 -87.1900
-9.4689124407e-01 2.8863446027e-01 3.5660965899e+00
189 178 167
8 55 8326 -302.3400 224.8700 84 7391 -513.9700 72.3400 21 4053 -181.9100 41.3200 23 2954 -216.4100 -66.2100 24 2953 -216.4100 -66.2100 5 2997 -174.4500 340.2600 56 3763 -248.8500 -30.0100 0 2342 -326.3700 -87.1900
7.2164722480e-01 6.0852472220e-01 3.8385591188e+00
105 96 79
17 55 8260 381.4301 200.1500 84 7496 451.8500 121.7900 23 3007 300.1100 -34.9400 24 3006 300.1100 -34.9400 69 6520 521.9700 407.8199 71 6621 548.0500 654.7600 80 5723 594.6200 505.4000 72 4408 780.2200 1063.5500 5 4219 374.5300 262.6900 19 3744 284.6100 -42.7000 8 2234 288.9700 -29.3300 68 6965 946.4399 728.8101 18 3496 -0.1400 -214.3300 77 4999 504.2800 470.0500 32 8590 193.4100 -190.1100 58 3179 166.8100 -40.6800 0 2371 376.8700 -78.6200
6.2528023463e-01 6.1076408868e-01 3.8139241564e+00
182 172 154
14 55 13029 345.5000 211.0400 84 7511 396.7300 131.3101 23 4201 271.7200 -31.1700 24 4203 271.7200 -31.1700 69 6533 475.9000 420.7000 71 6639 500.8199 667.8400 79 5924 565.9301 487.8401 80 5739 547.4301 518.3000 72 4418 729.9700 1078.3201 5 4250 347.5900 272.4600 7 3059 228.4800 49.7600 8 3083 264.3400 -21.0900 10 3897 1079.9800 39.5900 0 2381 336.7100 -74.8600
-7.7842914287e-02 5.1254514392e-01 3.6823003826e+00
146 136 126
15 55 3601 70.6500 236.7000 84 3496 -2.1899 130.3800 21 1921 53.3100 76.0200 88 5015 40.1300 476.7000 5 1867 135.9400 313.8700 65 4729 6.8800 20.8100 8 1599 71.9000 13.5700 10 2566 622.8700 65.3300 12 3332 -36.7900 58.0000 14 1720 32.7400 183.1100 2 2220 -287.2100 662.7900 58 2049 -12.0400 -61.2500 66 3026 -85.0000 161.7500 70 418 351.4301 874.2200 0 2391 49.1600 -68.5300
3.9958321239e-01 6.1108573591e-01 3.7586840068e+00
179 174 158
12 55 5339 257.4301 234.2000 84 3514 265.7500 151.0100 82 4064 370.1500 436.2200 83 4482 365.1200 515.4500 21 1947 183.5400 90.5700 23 2018 201.3400 -22.5600 24 2014 201.3400 -22.5600 88 5028 216.3600 484.5100 58 2084 91.5400 -39.5600 66 4553 -17.5500 182.2400 3 4966 39.9600 113.2200 0 2403 239.9300 -63.7700
-1.0100764226e+00 3.6136364771e-01 3.5243260768e+00
189 181 173
8 55 5372 -328.0100 264.9500 84 5249 -544.9700 119.6500 21 2843 -194.5200 62.4200 13 1766 -209.8300 65.9600 34 4354 -211.8900 -201.3500 31 8096 -156.3000 86.7500 56 3813 -253.8600 -11.4500 0 2406 -341.4600 -62.8100
-1.0089591043e+00 3.6335817346e-01 3.5238068790e+00
189 181 173
24 55 5373 -328.0100 264.9500 84 5250 -544.9700 119.6500 21 2844 -194.5200 62.4200 69 3082 -436.6200 494.4900 71 3275 -420.7400 737.9800 79 2873 -339.1600 556.7700 80 2685 -360.0500 586.8701 88 5024 -321.9900 482.7700 5 1928 -197.8600 374.7900 7 1379 -217.1800 59.4500 13 1767 -209.8300 65.9600 19 1966 -228.7400 -16.2700 65 4739 -127.9900 26.5800 8 1643 -233.0300 64.1900 9 2078 -187.4300 43.7900 10 2591 -25.1300 90.9299 18 2608 -414.9600 -196.1300 34 4355 -211.8900 -201.3500 22 4126 -181.7000 -41.9600 31 8097 -156.3000 86.7500 58 3072 -199.6700 -88.6000 16 4576 -30.2900 191.8300 56 3814 -253.8600 -11.4500 0 2407 -341.4600 -62.8100
1.2316438372e+00 1.2360982295e+00 3.7308425876e+00
127 135 137
15 55 8569 568.7600 408.0801 84 3659 713.8899 423.0601 80 5913 831.1000 771.3799 19 2846 409.9200 103.1000 10 2699 1345.9700 312.4500 35 19433 522.7200 212.8201 38 14709 397.3700 757.0701 39 16736 790.3400 709.4299 36 17765 353.7400 322.7900 41 3596 536.2400 441.9199 77 5125 684.8401 671.4700 40 2598 509.3300 504.2700 76 6772 481.9500 579.7100 49 1547 536.3400 308.3900 75 3281 405.0100 443.0601
-2.3098061971e-01 1.0244655423e+00 3.4554610642e+00
146 136 127
10 55 3743 19.5100 474.5601 84 3655 -72.1200 421.1799 23 2141 13.1900 105.9000 24 2137 13.1900 105.9000 65 4858 -9.4600 100.9300 8 1731 24.2600 166.0200 9 2168 -27.6000 151.2500 18 1872 -201.3800 -73.9400 58 2204 -25.0900 42.8100 0 2566 3.2300 58.6600
8.5858986351e-01 5.2392307722e-01 3.9044903418e+00
183 174 157
6 55 12836 428.5601 152.0500 84 7358 527.7000 61.5300 23 4102 344.6500 -64.6100 24 4104 344.6500 -64.6100 58 4592 199.6500 -62.0800 0 3296 445.2200 -111.9600
-1.0847350660e+00 2.2373584831e-01 3.5597673250e+00
82 72 59
20 55 13025 -368.1800 209.3600 84 10874 -596.0000 42.8700 21 4004 -217.3600 26.9000 23 4050 -263.4100 -82.6100 24 4052 -263.4100 -82.6100 69 6532 -490.6100 419.1899 71 6631 -473.0699 660.0601 79 5918 -391.4200 482.0000 80 5733 -411.5000 512.0200 88 10805 -352.7700 430.7400 72 6190 -300.1700 1070.5100 5 6045 -234.6700 331.7600 13 4468 -239.8600 25.4200 19 3728 -257.1300 -56.2200 8 3149 -268.6800 25.3300 38 14418 -426.1200 573.8800 39 16056 -43.0500 499.9099 58 4368 -217.9900 -119.0200 16 6590 -77.2500 157.8200 0 3315 -392.3200 -105.5500
-2.7083585511e-02 1.0497709767e+00 3.4940621197e+00
53 48 40
19 55 8692 101.4100 463.3900 84 7938 40.6400 418.2400 23 4458 70.8200 104.1100 24 4460 70.8200 104.1100 69 6770 140.3700 739.6099 79 6135 231.6400 806.1699 80 6005 212.4000 837.4399 7 3298 57.6900 187.8900 9 3188 10.9600 149.5800 10 6140 613.4600 359.2100 35 11543 114.1100 248.7200 38 9044 -15.8800 804.9500 68 7127 657.7700 973.9299 36 8476 -51.7700 358.9800 41 3617 37.8200 470.0100 2 5902 -199.3100 1047.7300 77 8538 242.4200 711.2900 49 2141 66.3500 327.7000 0 3677 73.2700 54.5500
-4.3154950500e-01 -2.4326428594e-01 3.8867501511e+00
145 124 103
8 55 33425 -87.0300 -82.4301 84 10126 -271.0200 -309.9301 23 5513 -65.3900 -262.6100 24 5525 -65.3900 -262.6100 13 6970 -46.5600 -168.6600 2 8076 -692.4000 113.9100 6 3740 -203.5800 375.4100 0 4206 -182.8000 -293.5800
-4.4644424072e-01 -2.4115963832e-01 3.8826652540e+00
102 84 64
7 55 33449 -89.2600 -79.7400 84 15318 -274.7200 -305.6100 83 35751 -171.7300 63.7900 23 5520 -66.7600 -260.2300 24 5532 -66.7600 -260.2300 6 5408 -206.8900 380.1200 0 4220 -185.8100 -289.4100
1.3034380044e-01 3.9787622550e-01 3.7725963757e+00
182 172 161
8 55 22095 151.9900 168.6200 84 16548 115.3800 49.0400 23 6283 126.8400 -74.2800 24 6297 126.8400 -74.2800 72 8879 447.2900 1012.5701 2 13370 -127.3200 507.3900 70 1457 866.0400 470.8900 0 4788 137.5200 -114.1100
1.2144582027e-01 4.0861933899e-01 3.7665369730e+00
174 165 155
7 55 22115 148.9400 173.4099 84 10908 110.3800 55.7600 23 6296 123.6400 -70.6800 24 6310 123.6400 -70.6800 2 13385 -134.1400 520.0801 70 1024 844.1299 503.1000 0 4805 133.2600 -110.1600
1.6357924407e-02 -5.6591306707e-01 4.1188007957e+00
137 121 108
16 55 1487 89.6600 -261.4800 84 803 -1.2800 -568.2800 82 1566 125.8900 -251.8300 83 1134 91.0500 -187.2700 21 428 40.4300 -256.3400 23 283 101.7000 -407.9400 24 283 101.7000 -407.9400 88 2103 38.8300 20.1300 89 1114 22.2800 481.0400 5 296 196.4100 -84.3300 65 2142 7.8200 -150.4500 12 1362 -33.7700 -99.8500 6 127 45.4100 131.7500 22 1522 -34.1200 -247.2200 73 520 -44.9000 262.1300 85 773 3.0800 1312.5601
-1.1059145720e-01 -5.6536177096e-01 4.0884160215e+00
129 114 95
9 55 4683 38.4700 -249.5200 84 3027 -75.9600 -554.2600 21 2336 5.4000 -249.0300 23 1076 54.7300 -402.4900 24 1073 54.7300 -402.4900 14 2339 14.8600 -7.7200 2 1829 -426.0900 -304.4399 6 718 -29.2800 143.5400 1 412 13.9399 708.9500
-8.1448153062e-01 8.0416871621e-01 3.4025482752e+00
177 168 161
30 55 1182 -228.8500 445.2900 84 1552 -401.1500 352.3401 21 1326 -127.2700 168.5400 23 976 -159.6900 72.6000 24 974 -159.6900 72.6000 69 929 -300.8900 722.3000 71 1061 -287.2800 976.8799 79 940 -206.2400 784.1599 80 866 -226.4200 815.6899 7 677 -151.4900 166.7500 13 727 -130.5400 184.5700 19 646 -156.0400 103.8400 65 1665 -93.8900 88.1600 8 509 -152.6300 170.8500 9 721 -143.6100 128.3400 12 1608 -129.2800 114.3400 35 1361 -170.1801 222.9600 38 1159 -307.9600 786.2200 68 1363 331.1500 922.8201 36 1162 -338.0300 334.4900 41 854 -313.0000 428.7300 2 622 -887.1000 1154.4700 18 1291 -341.9100 -97.5400 34 1873 -159.8400 -85.7100 57 2770 -51.0200 65.1600 31 3242 -112.2900 180.3700 32 1477 -125.5900 -86.5900 61 1745 -53.1100 46.6700 54 4981 -185.0100 178.2700 62 7622 168.9300 188.2300
-4.9149650699e-01 4.2468922436e-01 3.6185124386e+00
182 172 162
17 55 2418 -103.9700 240.8201 84 2301 -244.6500 115.3201 21 1273 -59.6200 65.0400 23 914 -69.4300 -42.6800 24 912 -69.4300 -42.6800 65 2347 -52.5500 20.5000 12 2302 -90.1000 54.7200 14 1133 -37.2300 183.1200 2 897 -657.3800 734.7200 18 1242 -288.3200 -204.0800 57 2721 -23.4600 17.6000 31 3162 -54.3100 82.8700 60 3462 -30.6000 -43.3400 61 2556 -25.4200 1.5700 54 4868 -148.5200 119.0200 62 12968 199.9900 139.0500 56 787 -168.8900 -48.7700
-4.2642269880e-01 -5.3016549277e-01 4.0001890530e+00
189 179 166
12 55 3241 -91.6200 -212.2300 84 2008 -283.4100 -502.7500 88 3083 -128.9700 61.7900 89 2675 -259.6300 543.7600 5 952 31.1400 -30.7700 7 785 -62.3800 -242.3900 13 505 -51.6800 -279.1300 2 1177 -736.3600 -180.0601 6 453 -217.6700 209.8200 73 1352 -191.7900 310.1300 47 224 -473.9500 867.7400 56 1100 -220.5100 -231.0100
1.0538727588e-01 4.9274873409e-01 3.7319375795e+00
172 162 150
8 55 1689 143.4100 210.5400 84 1476 102.5900 104.7200 23 907 117.1800 -46.2200 24 905 117.1800 -46.2200 88 2362 108.8400 456.6000 5 1206 193.4500 288.2500 2 1362 -142.9900 589.7600 70 139 803.6499 724.0000
-5.2053344859e-01 3.7308694651e-01 3.6314372444e+00
174 164 152
16 55 2413 -116.6900 220.5601 84 2289 -262.1100 87.2500 23 1331 -78.5300 -56.9300 24 1330 -78.5300 -56.9300 72 1944 61.0500 1091.0701 5 1219 -14.7400 319.3200 7 1356 -77.6300 39.0700 13 1054 -51.1400 44.5700 65 3254 -56.9400 13.4800 8 1038 -65.6500 16.4300 10 1084 324.3000 36.0100 14 1128 -41.9600 175.2100 2 1378 -688.3500 699.3900 34 2753 -90.5700 -215.7700 60 3450 -33.7500 -48.7800 56 1269 -176.0600 -54.9500
-4.9872404085e-01 3.9423907030e-01 3.6283278836e+00
95 85 68
12 55 2416 -106.6900 227.4199 84 2293 -250.3500 98.9100 88 3369 -123.4000 460.1700 5 1229 -6.6800 323.6500 65 3257 -53.6900 15.9700 10 1087 339.2100 45.9300 12 3309 -91.1900 50.4800 14 1714 -38.3100 178.0600 2 1382 -666.2200 710.2600 34 2761 -85.7800 -212.2100 49 693 -135.3500 91.8800 56 1273 -171.5600 -53.3200
-1.0817442409e-01 -5.6440413688e-01 4.0885956807e+00
129 114 95
10 55 4684 38.4700 -249.5200 84 3028 -75.9600 -554.2600 21 2337 5.4000 -249.0300 23 1077 54.7300 -402.4900 24 1074 54.7300 -402.4900 88 4372 -5.5000 30.1300 89 4197 -51.5699 493.9800 2 1830 -426.0900 -304.4399 6 719 -29.2800 143.5400 85 3353 -83.1600 1331.2500
-1.4146133521e-01 -4.5770611537e-01 4.0387212783e+00
151 139 125
7 55 3248 30.7700 -203.4700 84 2020 -96.8300 -480.0800 83 4006 -1.5800 -103.3400 89 2687 -74.4301 567.0000 2 1878 -434.1400 -185.6100 6 727 -39.7100 215.1400 85 2145 -110.6400 1430.8301
5.9644082746e-02 4.6215848850e-01 3.7326930636e+00
166 157 146
4 55 3585 123.9900 202.0500 84 3462 73.9301 91.0601 12 3303 -17.9200 47.7100 2 2195 -181.5900 580.2800
-1.4631404678e-01 5.1854141331e-01 3.6641237571e+00
156 146 134
11 55 3604 41.9500 245.7600 84 3507 -43.8600 138.8800 21 1927 34.6000 79.1300 65 4736 -2.9200 23.5500 8 1609 50.5500 21.6700 2 2227 -346.1500 689.9900 34 2801 1.3700 -192.1300 31 4871 15.4400 90.1600 58 2057 -26.7600 -59.8300 66 3027 -95.1500 162.2000 16 2051 216.3900 131.1500
-1.9737475578e-01 5.1364986468e-01 3.6540096581e+00
145 134 125
10 55 3607 20.8300 248.6400 84 3511 -72.0500 140.4099 21 1929 20.8400 79.2500 5 1883 95.9400 327.6200 8 1045 35.2600 25.2500 2 2235 -388.9100 703.1899 34 2806 -11.0700 -191.5400 58 2050 -37.4900 -60.6200 16 2058 200.7500 136.8200 56 2129 -120.5400 -61.1000
-3.4563858148e-01 4.5905640358e-01 3.6397031343e+00
146 139 129
7 55 3603 -40.5200 240.7200 84 3489 -158.2400 122.8301 88 5013 -63.3800 474.9100 5 1884 46.6400 327.1800 65 4730 -31.1100 21.0200 2 2239 -521.2900 710.1001 66 4502 -121.5900 152.3300
-2.2943900680e-01 1.0254291458e+00 3.4554814547e+00
146 136 127
17 55 3742 19.5100 474.5601 84 3654 -72.1200 421.1799 23 2140 13.1900 105.9000 24 2136 13.1900 105.9000 7 1508 5.6500 191.6700 13 1139 51.6200 213.7800 19 2078 17.7300 129.8000 65 4857 -9.4600 100.9300 8 1730 24.2600 166.0200 9 2167 -27.6000 151.2500 10 2775 488.7800 371.9500 12 3480 -52.2100 130.4100 2 2354 -358.0800 1101.2600 34 3046 -15.4400 -51.3400 22 2846 -52.7400 72.4800 32 3583 0.5900 -57.9600 56 2219 -96.7700 19.2200
-8.8902176278e-01 8.0569621638e-01 3.3850041094e+00
175 170 158
13 55 5553 -262.0500 453.7100 84 5384 -445.4000 358.1899 21 2955 -146.0100 170.3000 23 3078 -182.2200 75.6700 24 3077 -182.2200 75.6700 80 2767 -270.8600 826.4099 88 5124 -263.0500 657.0300 7 2230 -172.5300 170.3000 8 1743 -176.9200 181.0100 10 2738 65.9700 338.9000 2 2380 -956.7300 1187.4600 31 8324 -128.0600 183.2600 56 3912 -203.7200 47.8000
-3.0615176853e-02 -5.5129902424e-01 4.1018332755e+00
147 131 115
8 55 7357 72.4300 -251.2200 84 4376 -29.8300 -554.1100 82 5378 98.8500 -239.4800 83 6033 63.7800 -173.6200 89 4196 -6.7600 495.1899 2 2945 -345.6500 -310.3000 85 5063 -30.6600 1331.4600 47 554 165.3800 739.2200
-1.3608158876e-01 -5.0054271552e-01 4.0568656416e+00
141 125 109
23 55 7382 30.3600 -220.2700 84 4405 -94.3600 -508.1600 82 5404 38.2400 -198.2500 83 6058 2.1300 -129.5200 21 2347 -3.7000 -226.2000 23 1592 44.0800 -374.7300 24 1591 44.0800 -374.7300 69 4108 65.5100 -147.7100 71 4259 90.8101 91.9500 79 3778 157.3500 -78.5200 88 6498 -16.5699 56.7500 89 6300 -71.2800 540.0601 72 3789 268.1801 459.7700 5 2267 140.6000 -45.1500 38 3311 -80.5700 199.6100 39 3292 301.3700 134.9100 36 3328 -103.0900 -236.4100 2 2981 -440.0700 -229.0601 6 1126 -39.7400 187.2700 73 2377 -92.0000 296.5500 85 5082 -106.0600 1393.3201 47 562 1.5900 852.4000 56 2941 -170.6600 -248.5100
6.2999502190e-02 4.9677600466e-01 3.7206520612e+00
189 185 181
24 55 5323 126.7400 216.5701 84 3476 76.8700 110.4099 21 1914 91.4700 68.3500 23 2002 103.8700 -43.3400 24 1998 103.8700 -43.3400 80 4028 255.0200 524.0701 72 2924 411.8700 1084.8899 5 2902 181.9600 294.0600 7 2119 83.2500 44.7900 13 1756 138.1500 50.8700 19 1949 98.7500 -38.2100 8 2268 113.5100 -3.8400 9 2069 29.6400 37.9700 10 3894 719.8301 38.5000 12 3315 -17.2400 52.7200 35 4447 140.1801 35.5500 39 3848 386.8700 520.9500 36 3696 -26.0100 145.7300 2 3556 -173.9400 606.8101 58 2036 16.4200 -65.0500 54 8040 -81.3900 115.9900 66 3020 -66.4100 160.2200 70 402 698.9700 756.3600 56 3574 -84.4800 -86.0100
1.0344101945e-01 5.4307511256e-01 3.7127519707e+00
102 91 81
16 55 5340 143.6000 233.8000 84 3500 102.6100 134.5400 21 2872 104.6500 79.7900 23 2009 115.8900 -31.7300 24 2005 115.8900 -31.7300 80 4036 277.0300 544.8301 88 5016 109.2600 477.7400 5 2922 192.7800 304.4000 7 2128 93.8000 55.4600 13 1765 151.7000 62.1700 19 2749 110.8400 -26.9400 9 2079 37.5700 46.3100 14 3088 62.4400 182.5800 68 6975 700.8000 743.8701 2 3586 -138.6600 630.3600 70 416 796.6201 849.0400
-4.1234095877e-01 4.8095315790e-01 3.6158353462e+00
190 180 171
6 55 5360 -68.1300 256.0200 84 5262 -196.2100 138.9399 10 2587 394.0300 86.8401 2 3648 -573.1000 749.5901 70 769 -500.0600 987.6399 56 3698 -153.3800 -47.8700
-3.9334769455e-01 4.9020266575e-01 3.6166519327e+00
125 110 100
