# Bundle file v0.3
110 29843
0 0 0
0 0 0
0 0 0
0 0 0
0 0 0
5.9444502402e+03 -2.3433598892e-02 -8.6278529700e-02
9.6800999414e-01 2.4285846167e-01 -6.3058852214e-02
-2.4951937712e-01 9.5818066831e-01 -1.4010669976e-01
2.6395675584e-02 1.5135909114e-01 9.8812635520e-01
-3.3449904523e-01 -1.4003386336e-02 -3.1111058472e+00
3.2277448236e+03 2.3964527753e-01 -3.3670978113e-01
9.2278140323e-01 3.5835711828e-01 1.4161446828e-01
-3.6087149718e-01 9.3257766978e-01 -8.4054953419e-03
-1.3507865992e-01 -4.3348190403e-02 9.8988620054e-01
-1.0066170059e+00 -3.6787213005e-01 -2.9840662556e+00
0 0 0
0 0 0
0 0 0
0 0 0
0 0 0
0 0 0
0 0 0
0 0 0
0 0 0
0 0 0
1.1201246292e+03 5.0571758309e-01 -1.3226634450e+00
9.4936634915e-01 2.8627599627e-01 1.2942020342e-01
-2.9095768404e-01 9.5655831431e-01 1.8434137604e-02
-1.1852072051e-01 -5.5156552571e-02 9.9141847548e-01
-9.1151081586e-01 -4.8420143466e-01 -2.9717069227e+00
2.4582923065e+03 -2.5727865564e+00 -2.1348843448e-01
9.5735526008e-01 2.8405545485e-01 -5.2757981079e-02
-2.8804502163e-01 9.2428234532e-01 -2.5046399270e-01
-2.2382392883e-02 2.5497969467e-01 9.6668732473e-01
-3.8645500519e-01 3.4719103801e-01 -3.1451916375e+00
1.3377272010e+03 3.3716791880e-01 5.0745636272e-02
-9.6606993392e-01 -1.8582291068e-01 1.7938430436e-01
2.5801453903e-01 -7.2585217798e-01 6.3762615487e-01
1.1720939994e-02 6.6227521590e-01 7.4916897825e-01
-4.6983941057e-02 -1.5560809449e+00 -2.4396655813e+00
1.3768300263e+03 -4.8980005870e-03 -4.1839639299e-02
9.3647189767e-01 2.8124605927e-01 2.0957346926e-01
-3.2056176268e-01 9.2878781964e-01 1.8599285578e-01
-1.4233952783e-01 -2.4135832332e-01 9.5994042450e-01
-1.1465869507e+00 -9.8217681806e-01 -2.7892568629e+00
1.1950596904e+03 2.9755608392e-01 -9.7233139284e-02
9.7599579260e-01 2.0236965001e-01 -8.0490605584e-02
-2.1360668090e-01 9.6156096546e-01 -1.7254766173e-01
4.2478214501e-02 1.8559912297e-01 9.8170696587e-01
-2.6464450079e-01 2.3147705314e-02 -3.2492280179e+00
2.9479137106e+03 9.9130704089e-02 -5.7825115867e-01
9.7426801762e-01 2.2361788496e-01 -2.8228910268e-02
-2.1361828190e-01 9.5605279233e-01 2.0082402225e-01
7.1896171592e-02 -1.8962621074e-01 9.7922052711e-01
-3.9897211934e-01 -1.0823634511e+00 -2.9632278309e+00
0 0 0
0 0 0
0 0 0
0 0 0
0 0 0
1.3917186851e+03 8.5284688999e-01 4.0661734906e-02
9.4533235669e-01 1.7769383742e-01 -2.7344402632e-01
-2.3924280630e-01 9.4770209636e-01 -2.1124302638e-01
2.2160689300e-01 2.6511438418e-01 9.3840542852e-01
3.2250168748e-01 1.6316374131e-01 -3.4003048614e+00
1.3989802480e+03 3.0166693170e-01 8.3002877261e-02
-9.5981995929e-01 -2.6048361851e-01 1.0437399217e-01
2.5509682353e-01 -6.5495428824e-01 7.1130899822e-01
-1.1692414798e-01 7.0935404757e-01 6.9508674193e-01
2.1282007689e-01 -1.8151618792e+00 -2.2782670054e+00
8.1866760972e+02 -7.7947493975e-02 1.1007722553e-01
9.5640874389e-01 2.4401107255e-01 -1.6043974287e-01
-2.7115419948e-01 9.4600375554e-01 -1.7762965578e-01
1.0843299647e-01 2.1339046601e-01 9.7093089059e-01
-3.9118159721e-02 1.0143385530e-01 -3.2170266461e+00
0 0 0
0 0 0
0 0 0
0 0 0
0 0 0
0 0 0
0 0 0
0 0 0
0 0 0
0 0 0
0 0 0
0 0 0
0 0 0
0 0 0
0 0 0
1.9675551622e+03 4.6906078987e-01 2.1670813708e-01
9.0952313378e-01 2.3247292880e-01 -3.4456350140e-01
-2.0039915292e-01 9.7151475367e-01 1.2648819277e-01
3.6415360581e-01 -4.5993703670e-02 9.3020252128e-01
4.9620836414e-01 -9.0925437222e-01 -3.1506375460e+00
1.8864424826e+03 4.2264649266e-01 1.1409281560e-01
9.6734585459e-01 2.3565317552e-01 -9.3325122448e-02
-2.3568874385e-01 9.7176859177e-01 1.0799077013e-02
9.3235259610e-02 1.1549238497e-02 9.9557711979e-01
-2.3686096151e-01 -5.2748579809e-01 -3.2145340169e+00
0 0 0
0 0 0
0 0 0
0 0 0
0 0 0
1.3530334705e+03 2.9204010417e-01 1.7625354863e-01
-9.2173295443e-01 -3.7631889858e-01 -9.3768050481e-02
2.0504401668e-01 -6.7808797081e-01 7.0580001068e-01
-3.2918886971e-01 6.3133255137e-01 7.0217796721e-01
8.5709466865e-01 -1.7680399309e+00 -2.1545472084e+00
2.4228361382e+03 -2.1847677028e-01 -3.7924019748e-03
-8.6710422452e-01 -3.8339745662e-01 -3.1801989572e-01
1.5164545825e-01 -8.1130299462e-01 5.6461589236e-01
-4.7448279084e-01 4.4135455268e-01 7.6162473701e-01
1.5153040979e+00 -1.2353300969e+00 -1.8757509665e+00
1.5606656042e+03 -3.9488449763e-01 -5.8976370970e-02
9.6965374272e-01 1.7637586520e-01 -1.6930201832e-01
-1.4148923112e-01 9.6958116434e-01 1.9973272951e-01
1.9938008102e-01 -1.6971717631e-01 9.6511329043e-01
2.2580441195e-02 -1.1226964052e+00 -3.0068260891e+00
1.3549499146e+03 2.3806958874e-01 1.1451847597e-01
-9.7292851988e-01 -2.0839266478e-01 9.9912924400e-02
2.0662151211e-01 -5.9069658577e-01 7.7999044500e-01
-1.0352606402e-01 7.7951910870e-01 6.1776396240e-01
2.0323199980e-01 -2.0270172881e+00 -2.0966696556e+00
0 0 0
0 0 0
0 0 0
0 0 0
0 0 0
0 0 0
0 0 0
0 0 0
0 0 0
0 0 0
0 0 0
0 0 0
0 0 0
0 0 0
0 0 0
0 0 0
0 0 0
0 0 0
0 0 0
0 0 0
0 0 0
0 0 0
0 0 0
0 0 0
0 0 0
8.7847903486e+02 -2.6922602233e-01 7.1843958514e-01
7.4561221401e-01 1.2767422304e-02 -6.6625777237e-01
-2.8369906608e-01 9.1076517015e-01 -3.0003607240e-01
6.0297368618e-01 4.1272726801e-01 6.8269974075e-01
1.7710703690e+00 4.8786832278e-01 -2.9467191255e+00
1.9760061139e+03 1.7557884279e+00 2.0744784117e-02
8.7466961721e-01 1.0453859299e-01 -4.7331252182e-01
-2.6291059084e-01 9.2266823813e-01 -2.8206620423e-01
4.0722362647e-01 3.7115361365e-01 8.3451417790e-01
9.9919493445e-01 3.9562966450e-01 -3.1872515850e+00
4.0480764336e+03 -9.9979815666e-01 -1.6256087830e-02
8.9557314085e-01 1.1214305344e-01 -4.3054928284e-01
-2.0053561170e-01 9.6558430523e-01 -1.6562734657e-01
3.9715767376e-01 2.3467186678e-01 8.8724004481e-01
8.5960344587e-01 -4.2194398359e-02 -3.5569887511e+00
0 0 0
0 0 0
0 0 0
0 0 0
0 0 0
4.6457780839e+03 -3.1613348142e-01 -9.6010593949e-04
8.9606187964e-01 1.0197496722e-01 -4.3205811405e-01
-1.9196802800e-01 9.6656523811e-01 -1.6999975499e-01
4.0027663444e-01 2.3527164413e-01 8.8567819742e-01
8.6819308908e-01 -3.1229237502e-02 -3.5581658102e+00
5.7352893466e+03 9.4200520943e-01 2.1723518269e-02
9.6477521506e-01 2.6279540564e-01 -1.2139159074e-02
-2.6016851966e-01 9.4625687248e-01 -1.9212046395e-01
-3.9001612555e-02 1.8851128897e-01 9.8129626930e-01
-4.8990756034e-01 1.0520941735e-01 -3.5719433628e+00
4.1592744556e+03 3.0307911601e-01 1.0387288873e-02
9.6209538508e-01 2.7086152004e-01 3.1725493862e-02
-2.5736991570e-01 9.4027204440e-01 -2.2282102461e-01
-9.0184236396e-02 2.0620989180e-01 9.7434300122e-01
-6.3978407355e-01 2.0940513961e-01 -3.3835977144e+00
3.0671441239e+03 -5.2360708679e-02 1.9126152259e-01
8.0215888648e-01 4.2835975927e-01 4.1599163149e-01
-3.2480808256e-01 8.9761452390e-01 -2.9797294505e-01
-5.0103974926e-01 1.0390420162e-01 8.5916417904e-01
-1.9423582177e+00 5.0469319940e-01 -2.6753706989e+00
2.1471250635e+03 1.8175627542e-01 1.0073486807e-01
9.6253446791e-01 2.6687592410e-01 -4.8006658080e-02
-2.6652812304e-01 8.9856864988e-01 -3.4862177367e-01
-4.9901480074e-02 3.4835559790e-01 9.3603323643e-01
-3.9884731169e-01 6.5343429029e-01 -3.1741797395e+00
1.8885926578e+03 -2.1875110667e-01 6.5836909688e-01
9.6496677190e-01 2.3288912076e-01 -1.2083785236e-01
-2.6083305388e-01 9.0131996797e-01 -3.4581560599e-01
2.8376876791e-02 3.6521907504e-01 9.3048900052e-01
-1.2648581740e-01 6.3441660126e-01 -3.1630372519e+00
3.7830779199e+03 4.0002873540e-01 -2.3702159962e-01
9.6334818467e-01 2.6702774490e-01 2.5621446910e-02
-2.5645804319e-01 9.4478763657e-01 -2.0397449320e-01
-7.8673675207e-02 1.8992763161e-01 9.7864086752e-01
-6.1378673264e-01 1.5981281527e-01 -3.2821196931e+00
3.7537762192e+03 4.7562968644e-01 3.1330920676e-02
9.7504102906e-01 2.2097834788e-01 2.1530476515e-02
-2.1335123395e-01 9.5937453722e-01 -1.8461242729e-01
-6.1451140124e-02 1.7541113735e-01 9.8257553922e-01
-5.7546970360e-01 7.0272686816e-02 -3.2901640648e+00
0 0 0
0 0 0
0 0 0
0 0 0
0 0 0
0 0 0
0 0 0
0 0 0
0 0 0
0 0 0
0 0 0
0 0 0
0 0 0
0 0 0
0 0 0
0 0 0
0 0 0
0 0 0
0 0 0
0 0 0
0 0 0
0 0 0
0 0 0
0 0 0
0 0 0
4.7852151088e+03 8.2779065459e-01 -1.2122638412e+00
9.7011232813e-01 2.1462141516e-01 -1.1322419775e-01
-2.4264437121e-01 8.6261292321e-01 -4.4387233956e-01
2.4041465289e-03 4.5807924299e-01 8.8890810955e-01
-1.7039053269e-01 9.4618113090e-01 -3.0071680116e+00
0 0 0
0 0 0
0 0 0
0 0 0
0 0 0
2.4933767583e+03 5.0616760453e-01 -1.0892127144e+00
9.6566825015e-01 2.1732992112e-01 -1.4231140516e-01
-2.3625268934e-01 9.6251668609e-01 -1.3321522350e-01
1.0802544807e-01 1.6226316397e-01 9.8081658234e-01
-8.3819739367e-02 -8.3230036935e-02 -3.2603915304e+00
0 0 0
0 0 0
0 0 0
0 0 0
0 0 0
0 0 0
0 0 0
0 0 0
0 0 0
0 0 0
2.7900865994e+03 7.4478199119e-01 2.7991960701e-01
9.7567387115e-01 1.8998115448e-01 -1.0939679198e-01
-1.8648561071e-01 9.8158340884e-01 4.1438249053e-02
1.1525456238e-01 -2.0029289306e-02 9.9313403598e-01
-1.6634609641e-01 -6.0917431479e-01 -3.0683497684e+00
3.4809063269e+03 1.2793646979e+00 -6.2976395895e-02
9.5939296910e-01 2.6325364065e-01 -1.0130474582e-01
-2.7991915248e-01 9.3284439703e-01 -2.2681842739e-01
3.4790787757e-02 2.4596514309e-01 9.6865409175e-01
-2.2758181077e-01 2.7677789274e-01 -3.1303930880e+00
1.2601399266e+03 1.1117709571e+00 4.3053487442e-01
9.0125368043e-01 1.3417614215e-01 -4.1199340576e-01
-2.6497338181e-01 9.2299724109e-01 -2.7904336559e-01
3.4282781458e-01 3.6065614625e-01 8.6740776670e-01
7.5760266046e-01 4.0692663428e-01 -3.2779992896e+00
-4.2348757662e+03 1.5730951627e+00 3.0614597480e+00
9.3003275116e-01 1.5435667688e-01 -3.3348627870e-01
-2.9934082203e-01 8.4461447908e-01 -4.4387098800e-01
2.1315288889e-01 5.1264061293e-01 8.3172438219e-01
5.3571735846e-01 9.4101288060e-01 -2.4810315812e+00
9.9172954282e+02 -3.0534872801e-01 1.3321912246e+00
8.1542876409e-01 5.4489822006e-01 1.9535060909e-01
-5.5786613793e-01 8.2981270502e-01 1.4008809268e-02
-1.5447104212e-01 -1.2040267586e-01 9.8063341407e-01
-1.2453701006e+00 -3.3803785865e-01 -2.9754145499e+00
1.0847647088e+03 1.4350799489e+00 5.8428997410e-02
8.7982196649e-01 1.6121273500e-01 -4.4712834997e-01
-2.6272097782e-01 9.4889988512e-01 -1.7483333729e-01
3.9609467945e-01 2.7129220794e-01 8.7721693031e-01
8.8694562774e-01 5.5097745461e-02 -3.2852440416e+00
1.0733959673e+03 -2.4853432410e-01 5.5154043456e-01
-8.3060573144e-01 -4.8982650208e-01 -2.6488510107e-01
7.5495747312e-02 -5.7033635411e-01 8.1793449329e-01
-5.5171959458e-01 6.5938337941e-01 5.1070446240e-01
1.4042726861e+00 -2.0953539460e+00 -1.5381995937e+00
0 0 0
0 0 0
0 0 0
0 0 0
0 0 0
1.8045728995e+04 -1.7055012708e-02 -1.3793450692e-17
8.8461131229e-01 1.1690616037e-01 -4.5143745506e-01
-2.2408219611e-01 9.5554081763e-01 -1.9164789391e-01
4.0896209550e-01 2.7069299126e-01 8.7147880578e-01
9.2253700883e-01 6.5859570724e-02 -8.9086613387e+00
1.2683359615e+03 1.0668287836e+00 3.5920261718e-02
9.3985684260e-01 2.1816251051e-01 -2.6281977555e-01
-2.6683797910e-01 9.4929721318e-01 -1.6622964226e-01
2.1322900442e-01 2.2636236449e-01 9.5041752489e-01
2.8393332896e-01 2.5083138228e-02 -3.4933736233e+00
1.4437769843e+03 -2.7269488853e-01 3.9248534947e-01
8.1205363034e-01 5.0241709324e-02 -5.8141609205e-01
-2.8149270438e-01 9.0644665412e-01 -3.1482744578e-01
5.1120520227e-01 4.1932115840e-01 7.5022597082e-01
1.4489330252e+00 5.4057829059e-01 -3.1280602746e+00
0 0 0
0 0 0
0 0 0
0 0 0
0 0 0
0 0 0
0 0 0
0 0 0
0 0 0
0 0 0
1.3572043358e+03 6.9226986708e-01 2.6011735762e-02
9.5812304793e-01 2.6616932833e-01 -1.0561303749e-01
-2.8635526055e-01 8.9178769572e-01 -3.5030753705e-01
9.4328549296e-04 3.6588057398e-01 9.3066133249e-01
-2.2037108827e-01 6.1571899281e-01 -3.3158368124e+00
0 0 0
0 0 0
0 0 0
0 0 0
0 0 0
0 0 0
0 0 0
0 0 0
0 0 0
0 0 0
2.7761095109e+03 -2.0534619248e-01 7.2020495143e-01
9.6132766075e-01 1.8478955495e-01 -2.0421055078e-01
-2.5172164473e-01 8.9038214329e-01 -3.7928334063e-01
1.1173782817e-01 4.1601978233e-01 9.0246451369e-01
1.7270525499e-01 7.4944114895e-01 -3.2039920407e+00
2.6509210451e+03 5.7739707374e-01 -1.1074343315e+00
9.6578526667e-01 2.5920436919e-01 -8.4801931117e-03
-2.5904187257e-01 9.6257241592e-01 -7.9697254442e-02
-1.2495076593e-02 7.9167159238e-02 9.9678304257e-01
-5.0119451058e-01 -2.1354034192e-01 -3.1630366074e+00
1.4679054162e+04 9.8523293197e-01 -3.8267994682e-02
9.6702182212e-01 2.5451321230e-01 9.5822917926e-03
-2.5454454909e-01 9.6705857795e-01 2.1861696120e-03
-8.7102284239e-03 -4.5531938652e-03 9.9995169901e-01
-5.5429272127e-01 -4.7693125743e-01 -3.1580104103e+00
2.7697877654e+03 2.0498502561e-01 9.1936764643e-02
-9.4862289639e-01 -1.4978059741e-01 2.7871198950e-01
2.7375848966e-01 -8.3020511002e-01 4.8560865380e-01
1.5865336364e-01 5.3695926097e-01 8.2855528618e-01
-3.7139805882e-01 -1.0869099689e+00 -2.6565948765e+00
3.0971206841e+03 9.1148890355e-02 1.1739533078e-01
9.6483798214e-01 2.5652443102e-01 -5.7296461497e-02
-2.6248039641e-01 9.2884536497e-01 -2.6143895935e-01
-1.3845927603e-02 2.6728543592e-01 9.6351792201e-01
-3.4217737727e-01 3.8321664236e-01 -3.1933509657e+00
1.4554137567e+03 5.4337230770e-02 2.3087240261e-01
9.3779352847e-01 3.4637605831e-01 2.3810169946e-02
-3.0471503950e-01 8.5398844203e-01 -4.2172560461e-01
-1.6640926255e-01 3.8823622592e-01 9.0641082861e-01
-6.4855872719e-01 9.2243428421e-01 -3.0002823063e+00
3.2643697274e+03 -1.5181098013e+00 1.8368797570e+00
9.6463428586e-01 2.5575254759e-01 -6.3806966313e-02
-2.6293088068e-01 9.5073099197e-01 -1.6424960546e-01
1.8656005340e-02 1.7521762271e-01 9.8435295405e-01
-3.3793904251e-01 7.0789526460e-02 -3.0779779670e+00
2.7756962569e+03 3.3451445765e-01 -1.9321567654e-01
9.5612731392e-01 2.9295077900e-01 6.3298285283e-04
-2.8595836355e-01 9.3377053045e-01 -2.1517530242e-01
-6.3626833201e-02 2.0555397718e-01 9.7657523446e-01
-5.5594318061e-01 2.1376624475e-01 -3.2516677742e+00
2.9020892087e+03 2.9654867111e-01 -1.0358780961e-01
9.6052940624e-01 2.7739059518e-01 -2.0921698047e-02
-2.7333641622e-01 9.2716554964e-01 -2.5622499317e-01
-5.1676525684e-02 2.5183030252e-01 9.6639072607e-01
-4.7795972927e-01 3.4569766662e-01 -3.2620679107e+00
2.3344953721e+03 2.1498086292e-01 1.5475434401e-01
9.6448646589e-01 2.5853625308e-01 -5.4082002242e-02
-2.6350325667e-01 9.2768187329e-01 -2.6452292094e-01
-1.8217871684e-02 2.6937956088e-01 9.6286175608e-01
-3.5229820075e-01 3.7312217374e-01 -3.2213450017e+00
1.6650366801e+04 -1.1154260184e-01 1.6472591454e-03
9.5866025174e-01 2.8414739484e-01 1.5191436636e-02
-2.7418060148e-01 9.3668060339e-01 -2.1784041178e-01
-7.6128309531e-02 2.0466974676e-01 9.7586616667e-01
-5.8743123188e-01 2.4429315856e-01 -3.1998208101e+00
2.8247903099e+03 6.6483785218e-01 -1.3932851235e+00
9.6565008973e-01 2.5874274261e-01 -2.3918556491e-02
-2.5982929510e-01 9.6044750886e-01 -1.0014649338e-01
-2.9396603608e-03 1.0292121199e-01 9.9468516754e-01
-4.4953654571e-01 -1.4718453021e-01 -3.1880631144e+00
2.8158210943e+03 5.6334071318e-01 -1.0358952729e+00
9.6584147825e-01 2.5840690015e-01 -1.9393629057e-02
-2.5898967821e-01 9.6010353058e-01 -1.0547775664e-01
-8.6362884006e-03 1.0689754215e-01 9.9423253317e-01
-4.6397593755e-01 -1.2972812936e-01 -3.1851141409e+00
0 0 0
0 0 0
0 0 0
0 0 0
0 0 0
5.6012470417e+03 4.2079730930e-01 5.0482308287e-01
9.2941654827e-01 1.4561521376e-01 -3.3908861574e-01
-1.7851998540e-01 9.8159888874e-01 -6.7780796987e-02
3.2297909315e-01 1.2353068911e-01 9.3830947679e-01
5.5881708795e-01 -2.9493912797e-01 -3.3297055233e+00
5.8057672910e+03 3.3415094181e-01 5.2470051999e-01
9.2548304752e-01 1.7531431466e-01 -3.3577674106e-01
-2.1009403391e-01 9.7517814338e-01 -6.9914845260e-02
3.1518506576e-01 1.3524969408e-01 9.3934333158e-01
5.3149537422e-01 -2.6802021539e-01 -3.3362932221e+00
-3.2881213769e+03 4.0120787710e-01 4.9677252279e-01
9.5472793723e-01 2.9738322692e-01 -7.6014614900e-03
-2.3040925178e-01 7.2306678775e-01 -6.5121885503e-01
-1.8816520020e-01 6.2348828120e-01 7.5885190956e-01
-5.2973361201e-01 1.5878366996e+00 -2.3424548536e+00
5.6739612610e+03 8.7501827787e-01 6.5519947204e-01
9.2898447170e-01 1.8304978440e-01 -3.2168404960e-01
-2.7910474747e-01 9.1728695350e-01 -2.8405137718e-01
2.4308103850e-01 3.5366286399e-01 9.0323539975e-01
4.7847625855e-01 5.0397080190e-01 -3.2722207208e+00
0 0 0
0 0 0
0 0 0
0 0 0
0 0 0
0 0 0
0 0 0
0 0 0
0 0 0
0 0 0
7.4127838423e+03 1.4457149293e+00 6.0941835064e-01
9.5258996486e-01 3.0424266557e-01 2.9596094158e-03
-2.5720145765e-01 8.1042336845e-01 -5.2636619768e-01
-1.6254159168e-01 5.0064994189e-01 8.5025282514e-01
-5.5994451098e-01 1.2127277577e+00 -3.4445193996e+00
5.6967968230e+03 8.2390393071e-01 -1.0220738166e-01
9.3208963608e-01 1.6021757407e-01 -3.2486803362e-01
-2.2745575830e-01 9.5687765895e-01 -1.8069040874e-01
2.8190918453e-01 2.4231276226e-01 9.2833815871e-01
5.0071343831e-01 1.1700179118e-01 -3.3368130628e+00
0 0 0
0 0 0
0 0 0
0 0 0
0 0 0
0 0 0
0 0 0
0 0 0
0 0 0
0 0 0
0 0 0
0 0 0
0 0 0
0 0 0
0 0 0
0 0 0
0 0 0
0 0 0
0 0 0
0 0 0
0 0 0
0 0 0
0 0 0
0 0 0
0 0 0
0 0 0
0 0 0
0 0 0
0 0 0
0 0 0
6.0242573624e+03 1.6538988735e-01 6.1003828711e-01
9.3086481455e-01 1.6552628628e-01 -3.2571727859e-01
-2.0205868768e-01 9.7597816442e-01 -8.1479502412e-02
3.0440595224e-01 1.4166040777e-01 9.4194975721e-01
4.9977572738e-01 -2.2854158960e-01 -3.3639890132e+00
0 0 0
0 0 0
0 0 0
0 0 0
0 0 0
0 0 0
0 0 0
0 0 0
0 0 0
0 0 0
0 0 0
0 0 0
0 0 0
0 0 0
0 0 0
0 0 0
0 0 0
0 0 0
0 0 0
0 0 0
0 0 0
0 0 0
0 0 0
0 0 0
0 0 0
0 0 0
0 0 0
0 0 0
0 0 0
0 0 0
6.0020781276e+05 2.7027828503e-07 -6.2322096778e-18
9.3883363402e-01 1.5127031647e-01 -3.0936822555e-01
-3.0370340510e-01 7.8720200532e-01 -5.3672827814e-01
1.6234423104e-01 5.9785474338e-01 7.8499302957e-01
4.4141504892e-01 1.2796524423e+00 -8.6548599946e+01
0 0 0
0 0 0
0 0 0
0 0 0
0 0 0
1.2397950832e+03 8.7434541571e-01 5.0714493655e-02
9.6234927318e-01 2.0926524835e-01 -1.7347026329e-01
-2.3913098892e-01 9.5521733227e-01 -1.7428774560e-01
1.2922943376e-01 2.0920780091e-01 9.6929451122e-01
1.9219481235e-02 8.9133744223e-02 -3.1427545932e+00
0 0 0
0 0 0
0 0 0
0 0 0
0 0 0
0 0 0
0 0 0
0 0 0
0 0 0
0 0 0
1.5382201911e+03 9.0247682723e-01 2.3105443366e-02
9.3961653474e-01 2.0661475968e-01 -2.7282065304e-01
-2.6831619011e-01 9.3959657856e-01 -2.1251986183e-01
2.1243161198e-01 2.7288937434e-01 9.3829856634e-01
3.1847809959e-01 1.7868412643e-01 -3.3922328615e+00
0 0 0
0 0 0
0 0 0
0 0 0
0 0 0
3.5422657905e-01 5.8764758576e-01 2.9639808469e+00
195 188 178
30 55 1116 -391.3700 190.1200 84 934 -630.2600 16.5100 88 1581 -374.8200 411.9399 21 882 -233.1200 14.5500 23 567 -282.0100 -96.8800 24 566 -282.0100 -96.8800 69 871 -524.7200 393.9700 71 639 -506.7700 633.7700 79 880 -425.1000 456.3500 80 806 -444.8300 486.1200 5 446 -256.6500 318.8800 7 375 -258.8600 10.3100 13 416 -258.9900 11.7000 19 603 -274.8900 -70.3000 65 1600 -149.2400 0.7100 108 1793 -145.9900 23.3800 8 280 -289.8200 13.1600 12 1542 -177.2800 32.4500 14 492 -149.5600 161.8500 35 1291 -306.1100 -0.8200 39 1152 -63.8900 481.5601 10 391 -126.6500 -22.7800 57 1847 -88.8300 2.2900 9 677 -215.6700 6.5400 18 801 -455.9400 -240.5800 22 1144 -202.6000 -77.4100 60 2355 -96.8700 -60.7000 61 1682 -91.0700 -12.4700 54 3124 -227.4200 99.3100 62 7339 133.5800 121.8700
3.5426879449e-01 5.8765460701e-01 2.9639718491e+00
195 188 178
29 55 1115 -391.3700 190.1200 84 933 -630.2600 16.5100 88 1580 -374.8200 411.9399 21 881 -233.1200 14.5500 23 566 -282.0100 -96.8800 24 565 -282.0100 -96.8800 69 870 -524.7200 393.9700 79 879 -425.1000 456.3500 80 805 -444.8300 486.1200 5 445 -256.6500 318.8800 7 374 -258.8600 10.3100 13 415 -258.9900 11.7000 19 602 -274.8900 -70.3000 65 1599 -149.2400 0.7100 108 1792 -145.9900 23.3800 8 279 -289.8200 13.1600 12 1541 -177.2800 32.4500 14 491 -149.5600 161.8500 10 390 -126.6500 -22.7800 57 1846 -88.8300 2.2900 9 676 -215.6700 6.5400 18 800 -455.9400 -240.5800 22 1143 -202.6000 -77.4100 31 1974 -182.8200 49.5500 60 2354 -96.8700 -60.7000 61 1681 -91.0700 -12.4700 56 524 -290.3100 -31.2200 54 3123 -227.4200 99.3100 62 7338 133.5800 121.8700
4.2376548427e-01 5.8145347941e-01 2.9598109951e+00
45 28 18
15 55 4870 377.9399 -101.7100 84 2158 448.1200 -298.4800 88 4675 311.2800 173.9900 24 1222 339.4400 -248.0800 71 3050 566.2800 259.9600 103 2628 79.1000 146.8400 7 1236 272.8100 -147.6300 13 1465 366.9100 -173.3400 19 1228 297.0300 -260.2300 14 1526 156.9800 54.5100 35 4082 360.4301 -238.4800 38 3421 217.7100 300.9099 39 3481 605.7400 240.6700 36 3496 193.5800 -126.7600 68 2754 935.9199 424.5400
3.7336340671e-01 5.8987222435e-01 2.9589338317e+00
204 196 187
16 55 1675 -147.8000 164.9399 84 935 -336.0800 22.4301 88 1578 -175.2800 399.7400 21 885 -105.4800 24.3700 24 568 -111.2900 -85.6000 103 911 -244.3300 305.5700 7 594 -103.1100 8.9700 65 1595 -70.5300 -6.7400 108 1787 -68.8900 17.5600 12 1539 -108.5000 29.9600 57 1845 -39.6700 -2.0400 9 963 -102.9300 4.3600 34 1086 -120.0000 -256.7300 18 797 -334.5400 -245.1200 61 1036 -39.4600 -16.6600 58 843 -147.2800 -112.4000
4.0436840021e-01 5.7650252841e-01 2.9625610175e+00
44 22 9
17 55 4884 150.5300 -96.7700 84 3241 87.8700 -311.2000 88 4663 94.7400 171.4600 24 1195 139.7000 -259.1000 71 4414 253.2600 263.5601 103 2639 -58.1500 148.7600 13 936 160.6100 -175.1400 19 1750 120.2800 -260.8700 14 2567 60.6800 55.3800 35 4085 162.6700 -238.4000 38 3446 22.0100 304.3500 39 3489 405.1899 241.3700 36 5279 -2.4900 -128.4500 6 1211 123.9100 337.5100 68 4047 705.2800 419.4000 18 2149 -178.2300 -401.2900 56 1864 -106.6600 -210.0800
4.0332374617e-01 5.7596376318e-01 2.9617552090e+00
48 28 21
9 55 4901 140.6200 -92.5100 84 3248 73.2000 -305.6801 88 4682 84.6300 175.2300 24 1205 130.8200 -256.0300 71 3107 239.4100 269.4600 103 2672 -64.2200 151.3700 13 951 151.7900 -171.6800 6 799 110.5100 343.4700 68 2752 695.8101 422.9900
3.9308317801e-01 5.7344511669e-01 2.9628465611e+00
136 116 92
6 55 4928 20.0000 -86.9800 84 3251 -111.1899 -306.2300 88 4691 -26.2400 177.6500 24 1198 26.9700 -258.6000 103 2687 -138.1600 154.4800 6 1240 -51.5600 361.9600
3.9734645658e-01 6.0154348290e-01 2.9557073030e+00
172 162 150
12 55 1689 143.4100 210.5400 84 1476 102.5900 104.7200 82 1777 212.7100 386.0200 83 1918 200.1000 469.1801 96 1916 105.1600 601.1001 88 2362 108.8400 456.6000 23 907 117.1800 -46.2200 24 905 117.1800 -46.2200 103 1371 -61.6600 328.5600 5 1206 193.4500 288.2500 2 1362 -142.9900 589.7600 70 139 803.6499 724.0000
3.7827714353e-01 5.7455555576e-01 2.9640873128e+00
157 142 127
6 55 12270 -144.3500 -30.1700 84 6907 -345.9800 -241.8800 21 3763 -117.5100 -98.6800 24 2562 -110.6500 -226.5700 103 6198 -240.4500 187.4100 58 3981 -173.0200 -217.5500
3.7632498830e-01 5.7434073303e-01 2.9643127801e+00
179 170 155
12 55 7813 -166.5000 -29.3101 84 4733 -381.1100 -240.2000 21 2564 -134.6500 -97.9000 24 2567 -130.3100 -225.5900 71 4546 -191.0400 352.8201 103 4110 -254.9600 188.6000 7 1882 -117.1800 -115.9000 13 2524 -110.7400 -128.0900 19 2492 -121.4000 -215.8900 68 6554 398.0500 469.0601 9 2851 -110.2400 -87.3300 34 5956 -132.1200 -374.4400
3.9671968782e-01 5.9655769094e-01 2.9580651351e+00
151 139 127
5 55 5246 113.0600 157.4299 84 5072 69.9600 23.4900 82 6082 182.3900 306.6600 23 2872 100.5600 -90.0000 24 2871 100.5600 -90.0000
3.8830863582e-01 6.0017369715e-01 2.9596782099e+00
91 74 57
6 55 22317 28.5200 206.9199 84 7404 -48.6100 77.6400 71 9584 72.1801 652.5900 103 6559 -130.6300 324.3600 7 4393 20.0200 31.6900 13 4495 64.5300 33.5000
4.1788921406e-01 6.0378877358e-01 2.9533417389e+00
90 80 63
19 55 8184 374.9900 172.9700 84 5191 447.3101 81.3800 82 6205 547.1600 371.9000 83 6842 545.4399 444.2900 96 7133 439.4900 582.1201 88 7429 331.1200 432.2600 21 2839 274.4600 60.5200 23 2975 299.5700 -56.3600 24 2974 299.5700 -56.3600 69 4560 515.7700 370.1801 71 4712 541.2300 615.5900 103 4387 77.2800 305.5800 72 4352 769.3799 1019.5200 5 2776 369.1400 240.4000 7 2083 250.9800 26.3600 8 1543 286.3700 -49.9800 14 3005 157.4500 161.5300 10 1644 1141.3899 -19.5800 32 8511 192.7500 -203.1800
4.1601352078e-01 6.0406046624e-01 2.9533500157e+00
145 137 119
14 55 5282 354.8199 182.6699 84 5211 418.9301 90.0900 82 6232 519.6899 380.7200 83 6867 517.7400 453.3101 88 7455 313.9100 440.1500 23 2988 282.8500 -52.6600 24 2987 282.8500 -52.6600 69 4573 488.8101 381.9000 71 4726 513.8000 627.9500 103 4405 65.3100 310.8100 72 2897 740.8401 1033.6799 5 2798 353.2700 247.2200 8 2219 270.9400 -43.3700 14 3026 149.0600 164.9100
3.7839637971e-01 5.9700328512e-01 2.9588888424e+00
163 152 142
23 55 3592 -81.1600 218.1599 84 3461 -217.3000 87.3300 82 4011 -92.8300 361.2100 83 4422 -116.8200 452.8000 96 4659 -206.6800 584.3701 21 1900 -47.5800 53.1200 23 1329 -54.2500 -56.7700 24 1328 -54.2500 -56.7700 103 1967 -200.2000 333.5600 5 1868 13.6200 313.3000 7 1354 -54.9000 38.7700 13 1052 -25.5800 43.8600 65 4715 -44.8700 12.9800 108 6602 -40.1100 36.9300 10 1082 379.1899 31.4700 2 1373 -616.0000 679.6899 34 2749 -70.9500 -216.4800 18 2570 -278.9100 -216.9500 22 4124 -89.5500 -43.3700 70 209 -584.1700 761.8500 56 2130 -163.2100 -60.2100 58 1996 -92.1500 -86.7700 54 8020 -142.3800 112.2400
3.7608751036e-01 5.9729776840e-01 2.9589388859e+00
95 85 68
16 55 2414 -106.6900 227.4199 84 2292 -250.3500 98.9100 82 4020 -125.7600 370.9700 83 2905 -151.3000 464.1100 96 4668 -239.5700 598.2700 88 3367 -123.4000 460.1700 23 1333 -72.2900 -51.0000 24 1332 -72.2900 -51.0000 103 1972 -215.3800 339.9700 5 1227 -6.6800 323.6500 65 3255 -53.6900 15.9700 8 730 -58.1400 20.4900 12 3307 -91.1900 50.4800 10 1085 339.2100 45.9300 2 1381 -666.2200 710.2600 56 1272 -171.5600 -53.3200
3.7704591374e-01 5.9988953346e-01 2.9578274263e+00
189 179 170
30 55 2424 -86.7200 255.9800 84 2304 -223.0900 136.4900 82 2687 -100.8900 408.6500 83 2920 -123.9500 501.9199 96 3003 -212.2800 634.3701 21 1280 -49.5400 75.1200 23 2011 -58.1200 -31.9500 24 2007 -58.1200 -31.9500 69 2028 -106.3200 481.2800 71 2149 -85.7400 725.8201 80 1780 -32.5699 574.8799 103 1987 -203.4400 356.7300 5 1899 9.5700 343.0400 7 941 -58.9900 61.7000 13 1071 -29.5100 69.5100 19 1331 -56.2100 -16.6000 65 3263 -47.0200 25.7500 108 4442 -41.2200 50.5900 8 1625 -43.9600 38.2200 12 3340 -85.7500 60.1300 14 1740 -30.3000 189.1500 35 2868 -45.3800 64.9199 38 2443 -181.7600 617.1799 36 1710 -210.8000 174.3400 10 2588 365.5500 86.8600 2 1400 -616.3200 755.7900 9 1435 -73.1200 48.0700 34 1773 -74.6100 -193.1700 31 4873 -47.0700 90.5900 61 2563 -21.4400 5.0100
3.6207647837e-01 5.9695037197e-01 2.9599147591e+00
121 104 94
18 55 3618 -267.1100 271.5400 84 3502 -464.0800 134.5801 82 4050 -330.2700 399.7400 21 2857 -158.6000 70.5000 23 2007 -189.7300 -33.8200 24 2003 -189.7300 -33.8200 69 3083 -352.9900 502.6500 71 3276 -335.4800 746.7800 79 2874 -256.7500 565.3201 80 2686 -276.3500 595.3599 103 1991 -316.3400 367.1200 7 1390 -176.6700 65.1700 13 1770 -164.2200 73.0400 108 6660 -104.4400 53.2000 8 1075 -183.4800 63.7100 10 2597 71.6600 102.4399 34 2800 -178.3900 -194.0600 58 3095 -172.8800 -79.7100
3.8438510613e-01 5.8960101781e-01 2.9647627082e+00
40 31 30
8 55 8001 -51.9000 92.0300 84 4929 -162.0699 -83.9800 24 2733 -22.5800 -148.2200 71 6476 -33.0000 497.8500 103 4224 -178.0800 255.3900 7 1983 -30.3000 -43.3200 13 2649 2.4900 -52.1300 9 2943 -50.9300 -27.7400
3.5068835394e-01 5.8529896721e-01 2.9651445705e+00
186 176 166
16 55 8183 -441.7300 172.3700 84 5027 -700.0000 -9.6700 21 3933 -265.2600 2.0500 23 2817 -321.4000 -110.1300 24 2816 -321.4000 -110.1300 69 4566 -594.2800 373.4100 71 6584 -576.4900 611.6400 79 5871 -492.5500 436.4399 80 5670 -512.9400 465.6500 5 2945 -303.1100 312.0700 7 2911 -292.8400 -0.8400 13 2751 -298.9800 -0.5900 8 2285 -333.4100 6.3700 10 3738 -208.0100 -45.6800 31 13951 -205.3000 38.8500 58 4280 -256.0900 -141.2000
3.5809506395e-01 5.9063158785e-01 2.9628186091e+00
154 146 129
16 55 8296 -336.9600 210.8401 84 5124 -552.0600 47.2500 88 7433 -324.7000 433.6500 23 2908 -239.6000 -81.0100 24 2907 -239.6000 -81.0100 71 4761 -429.4800 661.7500 79 4262 -349.2500 483.5701 103 4468 -357.6800 329.2400 72 4412 -255.6400 1071.7300 5 2977 -207.4200 327.9000 7 2992 -221.2800 24.7100 13 2822 -215.7600 26.5500 8 1612 -243.3700 22.5800 9 3026 -189.6000 18.3600 31 14141 -156.8600 61.6100 56 3760 -265.1500 -31.0100
3.5491296139e-01 5.8938790498e-01 2.9633877519e+00
170 159 145
25 55 5315 -377.3700 207.2200 84 3438 -611.0400 38.4900 88 4957 -362.2500 427.9301 21 2790 -224.2100 24.9000 23 2897 -270.7100 -84.2100 24 2896 -270.7100 -84.2100 69 4602 -504.0300 417.4301 71 3259 -487.1400 657.5200 79 4261 -404.4100 480.2600 103 2950 -384.0000 327.3600 5 1892 -243.3500 331.4500 7 2073 -248.7300 21.9500 13 2813 -247.3400 24.1900 19 1947 -264.1000 -57.4900 8 1617 -276.7300 25.1500 35 6952 -293.4200 15.6300 38 5673 -434.9100 572.1899 39 6008 -50.5300 498.8500 10 2512 -102.4900 3.7300 9 3020 -209.2100 15.4000 18 2551 -446.9600 -231.0800 22 6571 -197.1800 -68.5700 31 7990 -177.1400 57.2600 56 3775 -281.8500 -26.8800 58 2948 -223.7300 -120.9400
4.2265071523e-01 6.0421774087e-01 2.9531306583e+00
99 90 76
14 55 8156 428.1500 160.3500 84 7392 525.4900 73.4800 82 9023 622.6600 366.1000 83 10104 624.0400 435.7400 96 10433 514.9200 575.8301 21 4093 313.9200 58.7600 23 4119 343.0200 -58.2200 24 4121 343.0200 -58.2200 71 6571 613.7400 602.8201 103 4365 108.5400 299.0300 72 6097 846.8301 1005.3301 5 4134 413.0800 230.2600 8 2182 326.0800 -58.2700 14 2979 179.2900 157.7700
3.6078638730e-01 5.9137141318e-01 2.9623079141e+00
159 147 135
16 55 8290 -301.4400 209.5000 84 7330 -510.3100 51.0400 88 10817 -296.6900 434.1200 21 4022 -180.1300 31.5000 23 4060 -215.5500 -77.6200 24 4062 -215.5500 -77.6200 69 6535 -400.1800 420.7200 71 6633 -381.4600 661.9399 79 5920 -302.4400 483.3101 80 5736 -322.2800 513.4099 103 4467 -336.0500 328.8200 72 4413 -205.5100 1072.0200 5 4366 -175.7500 326.7100 7 3001 -198.8400 25.8400 8 2300 -213.4900 21.1400 34 11239 -194.5000 -232.3200
4.1921925044e-01 6.0535705845e-01 2.9528435070e+00
183 168 148
10 55 5286 393.5400 185.1899 84 5230 472.0800 102.3800 82 6248 570.9200 393.4399 96 7169 464.0200 603.8501 88 7472 347.2000 444.3300 21 2858 286.2300 71.3900 103 4413 88.0600 313.3400 72 2901 798.6899 1040.6799 5 2801 385.3900 249.7700 58 2075 176.0600 -47.8100
3.6035953461e-01 5.9265230598e-01 2.9618162701e+00
189 178 167
15 55 8325 -302.3400 224.8700 84 7390 -513.9700 72.3400 82 8950 -373.6800 337.5699 88 7484 -298.1500 446.7700 21 4052 -181.9100 41.3200 23 2953 -216.4100 -66.2100 24 2952 -216.4100 -66.2100 103 4491 -337.0700 338.5700 72 4426 -206.5100 1096.0100 5 2996 -174.4500 340.2600 8 2324 -212.5400 33.7800 34 6953 -196.5300 -224.1300 18 3488 -404.1000 -218.4700 56 3762 -248.8500 -30.0100 58 3017 -192.3100 -104.9400
3.6037005159e-01 5.9262478454e-01 2.9617531828e+00
189 178 167
13 55 8326 -302.3400 224.8700 84 7391 -513.9700 72.3400 82 8951 -373.6800 337.5699 21 4053 -181.9100 41.3200 23 2954 -216.4100 -66.2100 24 2953 -216.4100 -66.2100 80 5753 -321.9500 534.2900 103 4492 -337.0700 338.5700 72 4427 -206.5100 1096.0100 5 2997 -174.4500 340.2600 8 2325 -212.5400 33.7800 38 8774 -369.0600 587.7900 56 3763 -248.8500 -30.0100
4.1758358365e-01 6.0622668570e-01 2.9525547137e+00
105 96 79
20 55 8260 381.4301 200.1500 84 7496 451.8500 121.7900 83 10220 549.9700 485.4800 96 10525 444.4500 623.0701 21 4160 275.6600 80.6600 23 3007 300.1100 -34.9400 24 3006 300.1100 -34.9400 69 6520 521.9700 407.8199 71 6621 548.0500 654.7600 80 5723 594.6200 505.4000 103 4442 80.4300 322.5700 72 4408 780.2200 1063.5500 5 4219 374.5300 262.6900 19 3744 284.6100 -42.7000 8 2234 288.9700 -29.3300 68 6965 946.4399 728.8101 77 4999 504.2800 470.0500 18 3496 -0.1400 -214.3300 32 8590 193.4100 -190.1100 58 3179 166.8100 -40.6800
4.1434832245e-01 6.0624085500e-01 2.9527730125e+00
182 172 154
17 55 13029 345.5000 211.0400 84 7511 396.7300 131.3101 82 9169 498.0200 419.7400 83 6912 497.0900 494.9099 96 10542 391.5000 631.4800 23 4201 271.7200 -31.1700 24 4203 271.7200 -31.1700 69 6533 475.9000 420.7000 71 6639 500.8199 667.8400 79 5924 565.9301 487.8401 80 5739 547.4301 518.3000 103 6580 59.5200 328.6800 72 4418 729.9700 1078.3201 5 4250 347.5900 272.4600 7 3059 228.4800 49.7600 8 3083 264.3400 -21.0900 10 3897 1079.9800 39.5900
3.9057358337e-01 6.0192244129e-01 2.9560451799e+00
146 136 126
18 55 3601 70.6500 236.7000 84 3496 -2.1899 130.3800 82 4055 110.6100 408.3101 83 4464 95.4500 494.9500 96 4695 2.7400 626.6099 88 5015 40.1300 476.7000 21 1921 53.3100 76.0200 103 1976 -106.3700 344.3900 5 1867 135.9400 313.8700 65 4729 6.8800 20.8100 8 1599 71.9000 13.5700 12 3332 -36.7900 58.0000 14 1720 32.7400 183.1100 10 2566 622.8700 65.3300 2 2220 -287.2100 662.7900 70 418 351.4301 874.2200 56 3645 -103.2600 -71.7100 58 2049 -12.0400 -61.2500
3.5772942273e-01 5.9445832350e-01 2.9610915860e+00
125 112 96
31 55 5364 -323.5000 258.4299 84 5242 -545.1500 110.9000 83 6905 -442.1000 476.2000 88 7546 -322.0900 476.1300 21 2838 -191.2800 58.9500 23 1997 -230.4100 -46.2000 24 1993 -230.4100 -46.2000 69 4621 -439.7900 484.4199 71 3273 -414.2400 727.3800 79 2872 -333.3300 546.5901 80 2683 -353.3600 576.7100 103 4541 -355.3500 359.2500 5 3030 -200.1200 369.3100 7 2127 -218.2100 54.8100 13 1763 -205.8200 61.3900 19 2757 -229.7400 -21.5200 108 6641 -124.3000 47.4600 8 1637 -229.6800 58.5900 12 3327 -158.3700 54.7900 14 3104 -123.0300 188.4200 35 4466 -248.1300 59.3700 38 3684 -388.6200 616.0300 39 3866 -5.8000 542.8000 36 3703 -418.4100 169.0400 10 2585 -27.1400 80.9200 68 4384 240.0699 731.7900 9 2072 -184.7000 40.5400 77 3298 -153.9900 509.5200 18 2599 -414.5600 -200.5100 22 6666 -179.6300 -44.6500 58 4487 -199.9300 -91.9100
4.0631943869e-01 6.0606069385e-01 2.9533385965e+00
179 174 158
14 55 5339 257.4301 234.2000 84 3514 265.7500 151.0100 82 4064 370.1500 436.2200 83 4482 365.1200 515.4500 96 4714 264.2300 649.2700 88 5028 216.3600 484.5100 21 1947 183.5400 90.5700 23 2018 201.3400 -22.5600 24 2014 201.3400 -22.5600 103 2968 6.5000 342.7000 7 1380 168.2800 60.8400 65 4731 71.9400 21.6400 108 6643 83.6000 48.9000 58 2084 91.5400 -39.5600
3.5719463864e-01 5.9533730702e-01 2.9613373335e+00
189 181 173
8 55 5372 -328.0100 264.9500 84 5249 -544.9700 119.6500 21 2843 -194.5200 62.4200 103 2987 -354.2200 363.2700 13 1766 -209.8300 65.9600 34 4354 -211.8900 -201.3500 31 8096 -156.3000 86.7500 56 3813 -253.8600 -11.4500
3.5740149449e-01 5.9499179775e-01 2.9608662193e+00
189 181 173
26 55 5373 -328.0100 264.9500 84 5250 -544.9700 119.6500 82 6237 -404.3800 382.7800 83 4452 -440.9600 485.2800 88 5024 -321.9900 482.7700 21 2844 -194.5200 62.4200 69 3082 -436.6200 494.4900 71 3275 -420.7400 737.9800 79 2873 -339.1600 556.7700 80 2685 -360.0500 586.8701 103 2988 -354.2200 363.2700 5 1928 -197.8600 374.7900 7 1379 -217.1800 59.4500 13 1767 -209.8300 65.9600 19 1966 -228.7400 -16.2700 65 4739 -127.9900 26.5800 108 6652 -124.5600 50.1300 8 1643 -233.0300 64.1900 10 2591 -25.1300 90.9299 9 2078 -187.4300 43.7900 34 4355 -211.8900 -201.3500 18 2608 -414.9600 -196.1300 22 4126 -181.7000 -41.9600 31 8097 -156.3000 86.7500 56 3814 -253.8600 -11.4500 58 3072 -199.6700 -88.6000
4.2818454188e-01 6.2643260022e-01 2.9437940656e+00
127 135 137
17 55 8569 568.7600 408.0801 84 3659 713.8899 423.0601 71 6822 788.2900 927.8101 79 6057 850.0400 739.9700 103 4627 189.7700 444.0300 19 2846 409.9200 103.1000 35 19433 522.7200 212.8201 38 14709 397.3700 757.0701 39 16736 790.3400 709.4299 36 17765 353.7400 322.7900 41 3596 536.2400 441.9199 77 5125 684.8401 671.4700 76 6772 481.9500 579.7100 75 3281 405.0100 443.0601 18 3690 120.1100 -89.3600 40 2598 509.3300 504.2700 49 1547 536.3400 308.3900
3.8080146078e-01 6.1918137499e-01 2.9498652693e+00
146 136 127
10 55 3743 19.5100 474.5601 84 3655 -72.1200 421.1799 23 2141 13.1900 105.9000 24 2137 13.1900 105.9000 65 4858 -9.4600 100.9300 108 6889 -1.6700 129.3800 8 1731 24.2600 166.0200 9 2168 -27.6000 151.2500 18 1872 -201.3800 -73.9400 58 2204 -25.0900 42.8100
3.8390897951e-01 5.8984269185e-01 2.9645890692e+00
219 215 205
7 55 8010 -56.0500 97.3301 84 4933 -168.1500 -77.5800 24 3922 -26.2000 -144.6300 71 4617 -38.4000 504.2900 103 4229 -180.7500 258.3700 7 4248 -33.3100 -40.0100 13 4291 -1.1200 -48.2800
3.9169848436e-01 5.9633315250e-01 2.9615721627e+00
51 40 49
5 55 8124 50.8200 147.3600 84 5046 -15.7000 0.9600 21 3963 48.4900 13.4500 71 6539 104.4500 571.8800 103 4324 -116.0000 288.6100
4.2287740087e-01 6.0344943694e-01 2.9532400036e+00
183 174 157
13 55 12836 428.5601 152.0500 84 7358 527.7000 61.5300 82 9003 624.3300 355.3400 83 10076 626.4500 423.3000 96 10400 516.6200 564.1001 21 4085 314.8500 52.9100 23 4102 344.6500 -64.6100 24 4104 344.6500 -64.6100 69 9395 589.5500 344.8700 71 9508 615.3401 590.4600 103 6454 108.9200 293.8800 72 6077 847.9700 991.1699 58 4592 199.6500 -62.0800
3.9945308011e-01 5.9854561455e-01 2.9568661191e+00
82 73 63
18 55 12875 156.8900 168.6300 84 10893 120.9200 50.2500 82 12750 230.8800 332.8101 83 15211 217.6400 413.4500 96 15186 122.6700 546.5400 21 5908 112.0300 40.8500 23 4074 130.1600 -73.2000 24 4076 130.1600 -73.2000 69 9421 225.2700 366.1000 80 8223 297.1100 461.4800 103 6478 -53.4100 303.7000 72 8880 454.0400 1013.8799 7 4351 104.7800 16.3300 19 5155 121.6900 -70.9000 35 18521 166.4900 -5.5100 36 12505 0.7700 103.9800 68 11671 714.5601 679.6299 70 1021 894.2400 476.7100
3.5567634178e-01 5.8972022261e-01 2.9631656545e+00
82 72 59
18 55 13025 -368.1800 209.3600 84 10874 -596.0000 42.8700 88 10805 -352.7700 430.7400 21 4004 -217.3600 26.9000 23 4050 -263.4100 -82.6100 24 4052 -263.4100 -82.6100 69 6532 -490.6100 419.1899 71 6631 -473.0699 660.0601 79 5918 -391.4200 482.0000 80 5733 -411.5000 512.0200 103 4469 -377.3000 328.9000 5 6045 -234.6700 331.7600 13 4468 -239.8600 25.4200 19 3728 -257.1300 -56.2200 8 3149 -268.6800 25.3300 38 14418 -426.1200 573.8800 39 16056 -43.0500 499.9099 58 4368 -217.9900 -119.0200
4.1062098367e-01 6.0311507747e-01 2.9541444315e+00
107 94 75
11 55 12940 294.1000 186.5701 84 10981 322.6600 91.5300 82 9061 425.9800 378.7100 21 5967 211.0400 63.6500 23 6361 234.3300 -51.4400 24 6375 234.3300 -51.4400 79 8507 498.8400 455.4700 80 8266 480.3500 485.4700 7 4400 195.7400 32.5400 68 11721 855.3700 708.1099 58 4600 113.3600 -60.5000
4.1523839306e-01 6.0621274790e-01 2.9527105857e+00
176 167 150
17 55 13018 355.0100 207.9600 84 7506 411.9600 128.3500 82 9163 512.2200 417.5699 83 10233 511.8101 492.0100 96 10534 406.0900 628.8201 23 4187 279.3600 -32.5100 24 4189 279.3600 -32.5100 69 9490 488.4800 416.7600 71 9595 513.9399 663.7800 79 8535 579.6000 483.5500 80 5737 560.4399 514.2400 103 6570 64.8600 326.9500 72 6194 743.1599 1074.0801 5 5915 355.0700 269.5700 7 4462 235.2400 48.0900 8 3075 271.0600 -23.6100 58 4702 151.2500 -40.5300
3.6303601770e-01 5.9724437401e-01 2.9598328478e+00
117 105 94
13 55 13220 -255.5400 270.2600 84 11058 -448.7300 134.1400 96 22931 -431.1700 635.4399 21 4122 -151.7100 70.9900 23 4185 -181.1400 -33.5800 24 4187 -181.1400 -33.5800 69 6591 -335.9600 501.1300 71 6704 -318.6400 745.6799 103 4546 -308.2800 366.4100 5 6158 -133.4300 371.6800 7 3079 -168.9300 65.0100 13 4586 -155.6000 73.1200 2 9078 -991.0200 848.3999
4.2786054091e-01 6.2622832386e-01 2.9439484210e+00
251 246 252
15 55 13600 564.1100 406.5000 84 11624 709.3799 418.5701 69 9823 748.7400 665.1899 71 9896 782.3799 924.5901 79 8831 844.2000 736.6401 80 8669 825.2700 768.2900 103 6828 186.8100 442.6500 35 31355 519.0200 212.9299 38 14710 393.6200 756.8500 36 17761 350.9700 321.9299 41 5536 531.4800 440.6300 77 16417 680.8999 670.3201 76 14987 477.4900 578.9099 75 10832 400.9399 441.9099 49 2889 531.9301 305.2800
3.8406961464e-01 5.7146042977e-01 2.9643190704e+00
145 124 103
4 55 33425 -87.0300 -82.4301 84 10126 -271.0200 -309.9301 24 5525 -65.3900 -262.6100 13 6970 -46.5600 -168.6600
3.8381828516e-01 5.7157378166e-01 2.9641496021e+00
102 84 64
3 55 33449 -89.2600 -79.7400 84 15318 -274.7200 -305.6100 24 5532 -66.7600 -260.2300
3.9915382577e-01 5.9847093547e-01 2.9569843856e+00
182 172 161
8 55 22095 151.9900 168.6200 84 16548 115.3800 49.0400 83 23455 212.0400 412.4399 23 6283 126.8400 -74.2800 24 6297 126.8400 -74.2800 72 8879 447.2900 1012.5701 2 13370 -127.3200 507.3900 70 1457 866.0400 470.8900
3.9876424723e-01 5.9864962110e-01 2.9566973158e+00
174 165 155
