# Bundle file v0.3
60 7368
0 0 0
0 0 0
0 0 0
0 0 0
0 0 0
0 0 0
0 0 0
0 0 0
0 0 0
0 0 0
3.3712908097e+04 2.8695308510e-01 3.7109663746e-04
9.9845440250e-01 -4.3957395892e-02 -3.4008138452e-02
2.8628621288e-02 9.3127026500e-01 -3.6320255447e-01
4.7636206585e-02 3.6166758339e-01 9.3108933564e-01
-5.3718223983e-01 1.6355504447e+00 -4.9088924057e+00
0 0 0
0 0 0
0 0 0
0 0 0
0 0 0
0 0 0
0 0 0
0 0 0
0 0 0
0 0 0
-2.6437988516e+03 4.7285212487e-01 -5.9509193386e-03
9.5120935240e-01 -1.9456905398e-01 -2.3946534435e-01
8.9030483179e-02 9.1617750718e-01 -3.9075868308e-01
2.9542230954e-01 3.5037359857e-01 8.8879919017e-01
1.5077577803e-01 1.6904659303e+00 -2.5965858041e+00
-2.6978309586e+03 -7.1965035357e-01 -1.5820395727e-01
9.9051662471e-01 -1.3302338011e-01 -3.4374358490e-02
1.0797478530e-01 9.0838503197e-01 -4.0395306587e-01
8.4960354964e-02 3.9641066337e-01 9.1413364671e-01
-5.5277214005e-01 1.7441738876e+00 -2.6538514740e+00
1.3600899983e+03 -2.6090865676e-02 4.1984875386e-02
9.8821537260e-01 -1.5124311638e-01 -2.3577470135e-02
1.5302330232e-01 9.7992328851e-01 1.2780538947e-01
3.7744266765e-03 -1.2990715291e-01 9.9151897880e-01
-5.8746270638e-01 -8.9422850573e-02 -3.6352839283e+00
2.0287788084e+03 4.5062437435e-01 1.1050484147e-02
-9.4390427978e-01 2.1832436133e-01 2.4774822678e-01
-7.4512046880e-02 -8.7172068273e-01 4.8430466255e-01
3.2170275953e-01 4.3867701621e-01 8.3908867824e-01
-1.6383469152e-01 -1.9472577669e+00 -2.4783057219e+00
1.8900817204e+03 3.5218343822e-03 5.5907208761e-03
9.8251128062e-01 -1.7801313215e-01 -5.4616007140e-02
1.7802231951e-01 9.8401505249e-01 -4.7360557062e-03
5.4586053243e-02 -5.0696401166e-03 9.9849620006e-01
-5.0104457643e-01 3.3833225694e-01 -3.8975970400e+00
0 0 0
0 0 0
0 0 0
0 0 0
0 0 0
0 0 0
0 0 0
0 0 0
0 0 0
0 0 0
0 0 0
0 0 0
0 0 0
0 0 0
0 0 0
1.3860253474e+03 -5.7397642363e-02 1.7471743965e-01
9.8564633152e-01 -1.2552626761e-01 -1.1289138721e-01
1.4818847197e-01 9.6364482312e-01 2.2232595809e-01
8.0879453146e-02 -2.3586396717e-01 9.6841453059e-01
-2.7127718632e-01 -4.0767077102e-01 -3.6107371536e+00
1.4078052782e+03 1.2324897709e+00 3.3763037882e-02
9.8966008850e-01 -1.2115937531e-01 -7.6767929486e-02
1.1484606137e-01 9.8999940340e-01 -8.1924132325e-02
8.5926081087e-02 7.2260549706e-02 9.9367757424e-01
-3.9714909411e-01 6.8684141465e-01 -3.8142512206e+00
0 0 0
0 0 0
0 0 0
0 0 0
0 0 0
0 0 0
0 0 0
0 0 0
0 0 0
0 0 0
0 0 0
0 0 0
0 0 0
0 0 0
0 0 0
0 0 0
0 0 0
0 0 0
0 0 0
0 0 0
1.7948511740e+03 2.2913970675e-02 -1.8113397295e-02
9.9007962840e-01 -1.3560728406e-01 -3.6783065956e-02
1.3870809488e-01 9.8507567411e-01 1.0191163179e-01
2.2414143892e-02 -1.0600273953e-01 9.9411318539e-01
-5.3645973378e-01 -9.1449121257e-03 -3.7045883669e+00
0 0 0
0 0 0
0 0 0
0 0 0
0 0 0
1.1570446778e+03 1.2471423805e-02 -7.0575649907e-01
-9.2018967697e-01 2.7617202238e-03 -3.9146306505e-01
-2.2784383295e-01 -8.1693462782e-01 5.2981600737e-01
-3.1833652977e-01 5.7672366587e-01 7.5236405220e-01
1.8668872575e+00 -1.9893407142e+00 -1.8361080432e+00
0 0 0
0 0 0
0 0 0
0 0 0
0 0 0
1.8994943279e+03 5.3934592798e-01 7.0614240560e-02
-9.7073158286e-01 1.6201516535e-01 -1.7728869176e-01
-2.2195960856e-01 -8.8714577242e-01 4.0460636507e-01
-9.1728546254e-02 4.3211510582e-01 8.9714124257e-01
1.2513795327e+00 -1.5900986915e+00 -2.4287895653e+00
2.0505870887e+03 9.9056141363e-01 5.5243750176e-02
9.7618874553e-01 -2.1479661971e-01 3.0297611509e-02
2.1464799553e-01 9.3630876811e-01 -2.7794267174e-01
3.1333227055e-02 2.7782782964e-01 9.6011974564e-01
-7.8904831437e-01 1.1950109911e+00 -3.4250126797e+00
0 0 0
0 0 0
0 0 0
0 0 0
0 0 0
0 0 0
0 0 0
0 0 0
0 0 0
0 0 0
0 0 0
0 0 0
0 0 0
0 0 0
0 0 0
0 0 0
0 0 0
0 0 0
0 0 0
0 0 0
0 0 0
0 0 0
0 0 0
0 0 0
0 0 0
0 0 0
0 0 0
0 0 0
0 0 0
0 0 0
0 0 0
0 0 0
0 0 0
0 0 0
0 0 0
0 0 0
0 0 0
0 0 0
0 0 0
0 0 0
0 0 0
0 0 0
0 0 0
0 0 0
0 0 0
0 0 0
0 0 0
0 0 0
0 0 0
0 0 0
4.2219163683e+05 4.3259254883e-04 2.3452604926e-22
9.8830809388e-01 -1.4699658201e-01 -4.0486003232e-02
1.3672720176e-01 9.7195764816e-01 -1.9132172504e-01
6.7474320129e-02 1.8354927146e-01 9.8069204191e-01
-5.2387062518e-01 9.7331972928e-01 -7.0866654372e+01
4.6328956923e+05 4.4005527715e-04 1.3959319683e-17
9.8831656911e-01 -1.4818385405e-01 -3.5663771798e-02
1.3875709743e-01 9.7158910230e-01 -1.9173180278e-01
6.3062089507e-02 1.8454311605e-01 9.8079916965e-01
-5.6719998154e-01 9.9096667984e-01 -7.7285481793e+01
6.1491036673e+03 7.1669054548e-01 6.3682897255e-02
9.9354492465e-01 -1.9486950877e-02 1.1175303775e-01
4.3221006297e-02 9.7585661766e-01 -2.1409298535e-01
-1.0488292194e-01 2.1754107775e-01 9.7039963529e-01
-1.2286705559e+00 1.1616393910e+00 -4.0155713892e+00
1.1202139486e+04 4.6485060201e+00 5.7470661136e-03
9.9293325537e-01 -1.1843267242e-01 -7.5665377027e-03
1.1473295773e-01 9.7429968993e-01 -1.9384649237e-01
3.0329833468e-02 1.9160849746e-01 9.8100269363e-01
-6.4568897421e-01 1.0838035331e+00 -5.0102988571e+00
9.8959853880e+03 4.2594758937e+00 9.8040602594e-02
9.9049619398e-01 -1.3405955135e-01 -3.0746160948e-02
1.2571997501e-01 9.7312614681e-01 -1.9292483063e-01
5.5783309371e-02 1.8722590388e-01 9.8073170812e-01
-5.1322034805e-01 1.0630503212e+00 -4.8190615267e+00
8.7944535916e+03 8.9168086143e-01 -2.0852345819e-03
9.8862944412e-01 -1.1233286227e-01 9.9965745452e-02
1.2810734923e-01 9.7730093744e-01 -1.6873465781e-01
-7.8742169667e-02 1.7962239762e-01 9.8057914774e-01
-9.9272903553e-01 9.3822591340e-01 -4.2756785869e+00
1.4635851486e+04 2.7236317638e-01 7.2564863210e-04
9.8134306359e-01 -1.5466586815e-01 1.1421147389e-01
1.7143243277e-01 9.7283244773e-01 -1.5558904089e-01
-8.7044313618e-02 1.7226577687e-01 9.8119712066e-01
-1.0486981459e+00 8.5503577900e-01 -5.0380367197e+00
0 0 0
0 0 0
0 0 0
0 0 0
0 0 0
0 0 0
0 0 0
0 0 0
0 0 0
0 0 0
0 0 0
0 0 0
0 0 0
0 0 0
0 0 0
0 0 0
0 0 0
0 0 0
0 0 0
0 0 0
0 0 0
0 0 0
0 0 0
0 0 0
0 0 0
4.0811541722e+03 -2.8506479595e-01 -1.7812766353e-02
-9.6403068485e-01 6.9881355554e-02 -2.5643992437e-01
-1.1879095015e-01 -9.7637493990e-01 1.8050121022e-01
-2.3776784649e-01 2.0447144758e-01 9.4955667461e-01
1.4740590800e+00 -1.0359752932e+00 -2.7864609433e+00
0 0 0
0 0 0
0 0 0
0 0 0
0 0 0
0 0 0
0 0 0
0 0 0
0 0 0
0 0 0
0 0 0
0 0 0
0 0 0
0 0 0
0 0 0
0 0 0
0 0 0
0 0 0
0 0 0
0 0 0
0 0 0
0 0 0
0 0 0
0 0 0
0 0 0
0 0 0
0 0 0
0 0 0
0 0 0
0 0 0
0 0 0
0 0 0
0 0 0
0 0 0
0 0 0
2.5041899098e+05 -4.4522793598e-05 -1.0108975259e-09
9.9365770683e-01 -1.1062325353e-01 2.0170707477e-02
1.1243650785e-01 9.7991592730e-01 -1.6469003351e-01
-1.5470501916e-03 1.6591344494e-01 9.8613910551e-01
-7.1816745499e-01 9.2782797989e-01 -3.7942067139e+01
0 0 0
0 0 0
0 0 0
0 0 0
0 0 0
0 0 0
0 0 0
0 0 0
0 0 0
0 0 0
0 0 0
0 0 0
0 0 0
0 0 0
0 0 0
0 0 0
0 0 0
0 0 0
0 0 0
0 0 0
6.4546676115e-01 -4.7359835705e-01 3.3443985801e+00
173 172 163
3 5 1017 372.6700 45.6100 6 493 338.6800 321.1500 8 609 299.8300 -235.2000
6.0784595430e-01 -4.6926507379e-01 3.3393768044e+00
71 67 64
8 5 1632 141.1600 67.5900 6 814 -30.8600 348.7400 2 1981 -403.2000 51.8700 8 920 82.6200 -219.4100 55 4890 37.0200 -94.7800 13 932 60.5600 -176.1200 23 1184 41.3300 -264.8900 24 1183 41.3300 -264.8900
6.2333575837e-01 -4.7099905876e-01 3.3413442536e+00
84 83 79
5 5 2404 238.5300 59.8300 6 1211 123.9100 337.5100 8 1328 174.1900 -224.8400 23 1196 139.7000 -259.1000 24 1195 139.7000 -259.1000
6.4929723136e-01 -4.4866052140e-01 3.3545314343e+00
161 159 153
2 5 2651 333.5100 168.4500 6 1346 312.2100 464.1100
6.2994528873e-01 -4.5256376254e-01 3.3496431389e+00
102 97 94
3 5 2622 234.3800 151.3800 6 1900 150.6300 445.6100 8 1461 167.2000 -134.9200
6.4867618517e-01 -4.5185933474e-01 3.3551017920e+00
112 110 105
3 5 3966 333.0300 148.8100 6 2626 311.1300 435.9300 8 2096 258.4600 -134.6200
6.4863465601e-01 -4.4915481959e-01 3.3548464265e+00
124 123 120
2 5 4003 329.8000 164.7300 6 1909 306.9400 458.4300
6.2514894101e-01 -4.7387512671e-01 3.3414933559e+00
132 132 130
4 5 7305 253.2700 43.0100 6 3642 147.2700 314.0600 13 6898 176.6300 -188.9200 19 4664 133.8500 -272.7100
5.8611144623e-01 -4.6546248366e-01 3.3347243579e+00
103 90 81
3 5 7469 0.0600 92.0100 6 3755 -253.2400 383.3700 2 12572 -778.3200 132.1000
6.0753797418e-01 -4.6740542574e-01 3.3385956470e+00
107 98 92
2 5 7418 137.9900 80.4800 6 3720 -36.0400 367.7600
6.2264235649e-01 -4.6929397961e-01 3.3403866582e+00
123 110 101
2 5 7394 233.3200 72.2300 6 5320 115.3900 356.5300
5.8131674492e-01 -4.6425005101e-01 3.3331228271e+00
152 149 140
5 5 7504 -30.8300 100.5700 6 3782 -306.6300 398.2300 8 3891 -80.7900 -191.7600 23 5523 -125.9400 -259.3200 24 5535 -125.9400 -259.3200
5.8046771549e-01 -4.5737938151e-01 3.3343167211e+00
177 167 155
6 5 5621 -45.9200 140.0600 6 3854 -316.6300 448.2000 2 8303 -882.4200 259.5000 8 2925 -94.7600 -153.4600 55 21046 -170.4300 -26.8300 13 7200 -113.6100 -126.8100
6.4905900099e-01 -4.5272730007e-01 3.3552441000e+00
170 166 162
2 5 7702 337.0000 143.8700 6 3829 316.5200 430.3100
6.2078480934e-01 -4.7005005373e-01 3.3403291609e+00
166 153 144
2 5 7378 222.9500 66.9100 6 5302 98.2800 348.7600
5.9084313019e-01 -4.6543425746e-01 3.3363764479e+00
110 92 92
5 5 7463 29.8300 89.5800 6 5408 -206.8900 380.1200 55 33449 -89.2600 -79.7400 23 5520 -66.7600 -260.2300 24 5532 -66.7600 -260.2300
6.0157069151e-01 -5.1654135234e-01 3.3572453572e+00
136 137 132
9 5 477 134.1200 -284.4700 6 212 -37.8100 -166.5500 55 1433 28.7700 -463.1400 19 450 39.1100 -557.0601 47 81 77.3900 -75.9700 14 576 13.9900 -96.6900 21 417 13.8800 -424.7700 35 1627 65.6500 -554.3800 36 1496 -98.5300 -442.8700
6.2124529176e-01 -5.0576838637e-01 3.3464991889e+00
156 152 145
2 5 523 268.6200 -174.8200 6 233 154.8600 -0.3000
6.1254227644e-01 -4.9207152179e-01 3.3438193650e+00
139 137 130
7 5 296 196.4100 -84.3300 6 127 45.4100 131.7500 55 1487 89.6600 -261.4800 23 283 101.7000 -407.9400 24 283 101.7000 -407.9400 47 85 236.7500 700.6799 21 428 40.4300 -256.3400
6.1916080535e-01 -5.2409225885e-01 3.3511643153e+00
116 119 124
3 5 821 275.2200 -308.6900 6 369 157.9300 -197.9200 14 1330 67.5900 -107.5500
5.9466228858e-01 -5.1496332707e-01 3.3570064577e+00
123 122 117
5 5 846 87.4800 -280.1700 6 379 -109.4200 -158.5200 21 703 -23.7300 -419.3700 35 2374 22.6801 -550.9900 36 2130 -141.8200 -440.3400
6.2221998213e-01 -5.0208596448e-01 3.3439584203e+00
178 185 186
2 5 924 274.5400 -144.5600 6 419 161.2400 46.8700
5.9504159059e-01 -5.1354834994e-01 3.3566915236e+00
106 103 96
2 5 1348 89.4200 -269.5600 6 653 -107.2700 -143.6900
6.0926166882e-01 -5.0349225402e-01 3.3533347601e+00
76 70 66
3 5 906 171.7400 -183.1300 6 407 26.4400 -20.2100 55 3185 75.1100 -357.2900
5.9722091922e-01 -5.1371362143e-01 3.3569736137e+00
133 135 130
4 5 2011 103.9300 -268.1200 6 1006 -83.4700 -141.7800 2 1683 -565.4900 -783.5000 47 327 -41.1500 -16.0500
5.9306457247e-01 -5.1202247688e-01 3.3573517016e+00
129 127 126
3 5 859 74.5600 -260.6500 6 658 -127.0600 -131.1300 2 1065 -640.0500 -761.8000
5.9245057540e-01 -5.1507279487e-01 3.3572544038e+00
140 142 137
7 5 1990 74.3100 -281.1900 6 996 -129.6800 -160.4800 2 2651 -648.3300 -814.0400 47 479 -159.0900 -66.9800 36 4836 -153.5100 -441.8600 38 4925 -134.0300 -0.5699 39 4868 248.5400 -66.9700
6.1412806058e-01 -5.1110282582e-01 3.3532302025e+00
139 136 129
2 5 2059 216.3600 -230.7500 6 1562 85.2600 -85.8400
6.2395159088e-01 -5.0670684308e-01 3.3466492036e+00
157 161 165
4 5 2146 289.6000 -180.0400 6 1614 182.5000 -5.0200 23 2316 197.5200 -496.8500 24 2313 197.5200 -496.8500
5.9094031321e-01 -5.1398518538e-01 3.3570746790e+00
125 126 121
5 5 3164 63.7300 -274.2200 6 1529 -145.3200 -150.6300 2 4297 -674.4600 -794.4500 47 724 -199.0700 -42.0000 21 3363 -41.9500 -414.5200
6.0756017755e-01 -4.9781683619e-01 3.3493516957e+00
82 72 70
6 5 3460 158.0800 -139.9300 6 1633 2.5400 43.1300 2 4581 -392.4200 -467.5699 55 11460 58.5900 -312.9900 23 2322 83.7800 -466.2700 24 2319 83.7100 -466.2200
6.2015534970e-01 -4.9896696353e-01 3.3441700767e+00
92 92 98
8 5 3484 255.7000 -126.8300 6 2362 133.5200 72.0300 8 1882 199.5000 -411.8800 55 19519 151.5900 -304.5900 13 3580 170.7000 -359.7300 19 4426 127.2700 -423.6700 47 1806 470.5000 546.9600 38 13257 22.1200 128.4700
5.9082242025e-01 -5.1459297990e-01 3.3572166062e+00
96 88 83
4 5 4628 63.4100 -278.5500 6 2141 -144.9700 -157.4400 2 6811 -675.9500 -805.6101 47 1041 -200.3400 -57.9000
5.9257042245e-01 -5.1324646205e-01 3.3566812358e+00
82 77 74
4 5 3181 74.0900 -267.5100 6 2168 -130.4600 -140.7100 2 4311 -646.2100 -778.6201 47 1053 -162.4100 -16.0699
6.2139216362e-01 -5.0040231928e-01 3.3444342342e+00
180 181 182
3 5 5044 265.9500 -135.5400 6 3352 147.7800 60.0100 55 19457 161.3700 -313.5601
6.0230426468e-01 -5.1709541456e-01 3.3566601874e+00
54 46 45
3 5 6275 140.6700 -286.5400 6 4288 -27.2600 -168.1900 55 30455 37.1700 -463.6300
5.9704513598e-01 -5.1550908345e-01 3.3573988169e+00
91 90 86
5 5 6302 104.7000 -281.2700 6 3036 -82.3000 -160.2700 2 10555 -567.0100 -815.7600 55 30492 -2.6400 -458.6100 47 1535 -39.5600 -63.8900
5.9805494747e-01 -5.0786050983e-01 3.3557102203e+00
107 102 99
4 5 6485 101.4700 -225.8400 6 4517 -81.8500 -81.9000 55 31158 -2.8600 -401.8600 47 1622 -39.1300 144.5300
6.1885253298e-01 -4.9596723102e-01 3.3435878950e+00
178 180 177
3 5 6926 244.7000 -106.7800 6 4942 116.1300 101.5500 47 1835 422.3800 627.5000
6.0983382380e-01 -4.8727699895e-01 3.3417525865e+00
103 99 102
7 5 7026 176.4300 -51.5900 6 3470 11.7500 180.6900 8 3773 119.8700 -337.5400 55 19925 67.4500 -226.8700 23 5211 76.5500 -376.8900 24 5220 76.5500 -376.8900 47 1904 137.5700 835.6899
6.0840855648e-01 -4.8627284998e-01 3.3421964795e+00
90 81 74
3 5 7031 164.9300 -47.9100 6 3475 -5.2100 185.5900 2 11837 -380.7200 -238.3400
6.0899340567e-01 -4.8672124332e-01 3.3414280232e+00
113 109 113
8 5 7032 170.0800 -47.7100 6 3474 2.3700 185.7200 2 11836 -368.4300 -239.2500 8 3774 113.8400 -333.9800 55 19932 60.1200 -222.9500 23 5214 70.1600 -374.0200 24 5223 70.1600 -374.0200 47 1908 110.6000 848.7300
5.9554093974e-01 -4.8504225645e-01 3.3398703997e+00
182 175 172
11 5 86 83.8200 -41.2500 6 35 -138.0500 195.3700 2 135 -601.8700 -210.7100 8 71 30.5800 -329.9800 55 445 -36.1500 -221.6500 13 91 -4.2000 -284.9900 19 128 -22.7500 -359.9500 23 94 -17.4000 -378.4200 24 94 -17.4300 -378.4400 14 159 -17.4900 4.3600 21 137 -56.4900 -227.9400
6.1183931510e-01 -4.7304512817e-01 3.3419555277e+00
168 164 163
5 5 204 168.8900 38.4300 6 95 11.8400 305.2400 2 313 -333.1500 -21.8400 8 140 110.0000 -247.4600 55 1039 68.0300 -122.0500
6.1609966803e-01 -4.7752236111e-01 3.3410884881e+00
169 169 169
14 5 318 202.5700 16.2500 6 137 62.5500 274.7600 2 467 -255.6500 -86.8199 55 1015 104.5400 -150.7200 13 238 121.3200 -220.7700 19 316 86.6000 -303.4500 23 307 103.1300 -306.5800 24 307 103.1300 -306.5800 14 419 41.7400 32.9100 21 456 51.3900 -171.0500 35 1171 124.1100 -284.5500 36 1015 -40.5500 -175.4700 38 1004 -17.3500 258.9700 39 1035 365.2300 195.3300
6.0549810191e-01 -4.7672348951e-01 3.3400728575e+00
182 183 177
11 5 321 134.7800 17.3700 6 256 -45.8800 277.4300 2 468 -435.3700 -72.5500 8 215 77.9800 -269.5200 55 1551 25.8700 -152.0400 13 351 52.4500 -224.9000 19 488 26.6000 -306.1000 23 306 36.3000 -313.9200 24 306 36.3000 -313.9200 14 417 9.5100 31.9500 41 529 2.4400 -190.5100
6.0026662880e-01 -4.7629748886e-01 3.3394678051e+00
177 172 169
11 5 322 100.7300 19.9100 6 139 -98.5600 279.9500 2 469 -526.3900 -66.1400 8 216 45.4400 -267.6300 55 1548 -11.9900 -153.9000 13 230 19.2900 -226.6200 19 489 -3.1700 -307.2800 23 304 2.5400 -317.2700 24 304 2.5400 -317.2700 14 639 -6.4900 31.4400 21 451 -33.3600 -176.6000
6.1662711594e-01 -4.7387313501e-01 3.3406659454e+00
188 188 188
11 5 602 201.9500 39.3900 6 258 64.2300 308.8600 2 478 -250.1000 -24.9301 8 370 140.8400 -245.6200 55 1037 104.9000 -121.6200 13 247 121.7900 -197.7600 19 514 86.1600 -280.8600 23 325 102.0900 -283.0600 24 324 102.0900 -283.0600 14 433 41.7100 45.0400 21 469 52.7400 -150.2100
6.0347994797e-01 -4.8379264735e-01 3.3399545884e+00
171 171 169
4 5 955 132.3300 -28.6700 6 253 -58.3200 213.5200 2 773 -465.4900 -187.3300 47 137 -56.1300 914.7900
6.0780127734e-01 -4.8053064070e-01 3.3404349781e+00
183 188 193
12 5 569 155.4000 -7.0700 6 464 -17.2200 245.4400 2 783 -393.2800 -135.1100 8 334 98.8400 -293.4100 13 340 70.2600 -246.5200 19 778 41.8400 -325.0900 23 476 55.0700 -335.3400 24 475 55.0700 -335.3400 14 608 17.1000 21.9600 35 2549 74.8900 -310.0300 39 2304 315.2400 170.5800 41 1102 25.6300 -215.5300
5.9099202996e-01 -5.1486422788e-01 3.3594597676e+00
132 132 125
5 5 841 63.6300 -285.6400 6 641 -146.6600 -166.5400 2 1054 -676.9700 -824.3101 36 3180 -163.7700 -446.2700 39 3121 239.0100 -70.9399
6.0572138939e-01 -5.0328901466e-01 3.3551290592e+00
100 98 93
4 5 516 145.8700 -191.0300 6 406 -9.0800 -32.9200 2 1099 -425.9300 -595.7500 36 2181 -83.4500 -358.6100
6.0436051983e-01 -5.0313570991e-01 3.3554162868e+00
139 129 117
3 5 899 136.8500 -191.8800 6 405 -23.5900 -34.8700 2 1101 -449.1200 -595.5500
6.0014459486e-01 -4.8570770946e-01 3.3410482643e+00
100 88 84
10 5 946 110.9400 -46.4000 6 445 -88.9700 187.7400 2 1163 -523.1300 -227.3900 55 3232 -3.8200 -223.5200 13 504 26.8700 -286.6400 19 1100 3.9200 -360.8300 23 727 13.4100 -378.8100 24 726 13.4100 -378.8100 47 220 -133.9100 839.3600 14 1408 -3.8500 3.4900
6.0477331628e-01 -4.8469360182e-01 3.3410786465e+00
91 78 72
12 5 554 140.3800 -36.8700 6 449 -43.6000 200.9700 2 1172 -442.1400 -208.6300 13 507 53.8700 -276.3200 19 1103 27.9200 -351.2700 23 734 40.3700 -366.5800 24 733 40.3700 -366.5800 47 226 -10.7300 886.2400 21 718 -6.9900 -219.2100 36 3329 -104.4600 -228.9800 38 3313 -82.3000 207.0100 39 3294 299.6500 142.2400
6.0053739940e-01 -4.8458240178e-01 3.3401864474e+00
195 192 192
15 5 950 113.9300 -36.1600 6 452 -87.0800 202.6200 2 1173 -513.6000 -203.0000 55 3240 -1.5800 -213.4700 13 506 27.0400 -277.9500 19 754 4.6300 -353.0500 23 733 13.2500 -369.3800 24 732 13.2300 -369.3900 47 225 -132.5600 877.7700 14 925 -3.6800 7.5700 21 1090 -30.6600 -220.8000 35 2503 33.4200 -341.0800 36 2229 -130.8100 -231.3300 38 2229 -108.0100 205.1200 39 2256 273.5900 139.9000
5.8798357109e-01 -4.8306926777e-01 3.3390624599e+00
195 192 196
8 5 952 31.1400 -30.7700 6 453 -217.6700 209.8200 2 1177 -736.3600 -180.0601 55 3241 -91.6200 -212.2300 13 505 -51.6800 -279.1300 47 224 -473.9500 867.7400 21 1089 -94.3000 -222.4900 7 785 -62.3800 -242.3900
6.0767124499e-01 -4.7078307472e-01 3.3396064474e+00
73 69 68
10 5 1027 141.0900 56.8000 6 502 -29.5200 332.6400 2 1219 -404.2100 26.6000 8 619 83.0200 -229.9300 55 3332 36.4800 -105.6200 13 558 60.2800 -186.1100 23 790 42.6100 -274.6200 24 788 42.6100 -274.6200 14 1503 13.1100 51.1600 21 1138 2.2300 -141.8400
6.0012369702e-01 -5.2303698671e-01 3.3581671145e+00
107 112 109
3 5 1956 136.6100 -329.8600 6 961 -44.2400 -229.9100 2 1621 -507.6000 -941.6101
6.0150111627e-01 -4.8531462658e-01 3.3409537483e+00
90 84 78
12 5 948 120.1600 -42.1800 6 448 -76.0300 192.5400 2 1868 -498.9800 -219.0699 8 575 65.8300 -329.5400 55 4697 5.8400 -218.6700 13 807 33.9100 -283.0400 19 1102 10.8700 -357.4700 23 729 20.8900 -374.5000 24 728 20.8900 -374.5000 47 221 -99.0400 856.2900 14 1410 0.0500 5.1000 36 5095 -124.2400 -235.6700
5.7499713011e-01 -4.7928545531e-01 3.3357696570e+00
173 174 172
3 5 1527 -51.1600 -9.5500 6 1138 -356.7300 244.0300 13 1280 -134.1000 -264.8700
6.0880997391e-01 -4.7940913309e-01 3.3403854172e+00
61 57 69
13 5 2317 158.8400 1.3600 6 745 -7.8600 255.9300 2 1901 -376.9400 -114.6700 8 1263 101.4500 -284.3000 13 1307 77.1000 -240.4100 19 1650 47.2300 -318.2500 23 1621 61.1700 -328.1700 24 1617 61.1700 -328.1700 35 6191 80.5699 -303.6500 38 5211 -60.9100 241.8500 39 5274 321.1700 177.6500 41 1515 31.7100 -206.2200 40 1254 -24.8600 -120.9000
6.0426251010e-01 -4.7441059121e-01 3.3404667379e+00
58 57 63
10 5 1561 123.2500 31.3000 6 483 -60.2600 291.3800 2 1930 -461.2200 -37.4700 8 1282 66.7000 -255.6100 55 3301 14.8600 -136.3600 13 852 43.2500 -212.4400 19 1136 17.4500 -294.4200 23 1128 25.9300 -302.4500 24 1127 25.9300 -302.4500 14 1474 4.6000 38.6100
6.0783488559e-01 -4.6933827981e-01 3.3392747075e+00
71 67 64
4 5 1633 141.1600 67.5900 6 815 -30.8600 348.7400 2 1982 -403.2000 51.8700 8 921 82.6200 -219.4100
6.0777527905e-01 -4.6825489465e-01 3.3387595853e+00
162 152 142
6 5 2427 139.9900 76.2500 6 1239 -32.4400 361.0500 2 1992 -404.5300 72.4700 13 1468 58.7500 -168.3600 23 1739 39.4600 -257.6300 24 1735 39.4600 -257.6300
5.9763198204e-01 -4.6810055578e-01 3.3378977787e+00
74 68 72
4 5 1639 74.9700 73.1000 6 1231 -134.7900 357.4200 2 1997 -579.2300 74.8101 8 926 20.0400 -215.7500
5.9766493265e-01 -4.6725646795e-01 3.3373546480e+00
143 127 115
3 5 2436 74.9300 80.2300 6 1243 -135.0800 366.5600 2 2005 -579.3600 92.5100
6.0489537945e-01 -4.9029766709e-01 3.3472532874e+00
131 127 116
3 5 1496 138.3600 -88.3700 6 1107 -35.3100 120.4000 2 2934 -443.2900 -336.7500
6.0497488773e-01 -4.8567784615e-01 3.3420606453e+00
160 148 139
7 5 2267 140.6000 -45.1500 6 1126 -39.7400 187.2700 2 2981 -440.0700 -229.0601 55 7382 30.3600 -220.2700 23 1592 44.0800 -374.7300 24 1591 44.0800 -374.7300 21 2347 -3.7000 -226.2000
6.0847483592e-01 -4.8276173148e-01 3.3406868427e+00
111 101 98
3 5 2284 162.9700 -21.3700 6 1133 -8.2200 224.8500 2 3001 -381.6300 -172.3199
6.0471161527e-01 -4.7366095997e-01 3.3397861621e+00
165 165 159
9 5 2368 125.9300 37.5600 6 1750 -56.8800 304.8400 2 3093 -453.1700 -21.6100 8 1956 68.9400 -249.2100 55 11947 18.0600 -130.5500 13 2358 44.9100 -206.9100 19 3369 19.1500 -288.9100 23 3668 27.6200 -296.8400 24 3670 27.6200 -296.8400
5.8725283153e-01 -4.6622684044e-01 3.3354559062e+00
149 140 131
3 5 3805 7.4900 85.9200 6 1799 -241.4500 374.1700 2 3170 -758.2600 115.7600
5.9862947467e-01 -5.1618468695e-01 3.3574540502e+00
141 143 144
3 5 3149 116.1400 -284.7100 6 2134 -66.7200 -165.8600 2 4273 -538.8800 -825.8201
6.1184456271e-01 -5.0796047680e-01 3.3539461853e+00
123 121 109
4 5 3294 194.8200 -215.2700 6 1580 58.1100 -65.4600 2 4408 -312.9800 -659.8400 38 12939 -21.9000 56.1899
6.0856327609e-01 -4.9674210113e-01 3.3510850556e+00
126 122 110
3 5 2193 163.6000 -137.9200 6 1636 10.3600 46.7300 2 4584 -377.6700 -462.0300
6.0643400474e-01 -4.8348751351e-01 3.3405466086e+00
165 157 152
5 5 3604 150.6500 -26.5500 6 1680 -27.7600 216.1400 2 4800 -415.2300 -183.8300 13 2198 63.6300 -266.6100 21 3539 -0.2700 -210.8800
6.0547330833e-01 -4.8347149744e-01 3.3403156939e+00
164 160 150
4 5 3605 144.4500 -26.3300 6 1681 -37.9600 216.3900 2 4803 -431.9800 -182.6400 21 3540 -5.5100 -210.7200
5.7774282440e-01 -4.7671056268e-01 3.3363267918e+00
87 72 77
6 5 3692 -39.6900 10.7500 6 1725 -328.2400 270.5500 2 4915 -916.9700 -66.7100 8 1932 -89.5200 -280.8500 13 3818 -117.7700 -245.0100 19 3320 -123.9900 -324.4900
5.9003547630e-01 -4.6917804135e-01 3.3376852638e+00
90 84 81
3 5 3758 26.5800 62.9500 6 2543 -210.2400 340.5100 2 5019 -709.7000 55.4000
5.9407010287e-01 -5.1549485731e-01 3.3575065104e+00
128 123 115
5 5 6298 85.6200 -283.0800 6 3027 -112.6600 -163.2400 2 6789 -618.6600 -819.1499 55 18274 -23.3200 -460.7500 47 1532 -114.5500 -72.5601
5.9818550063e-01 -5.1554281478e-01 3.3575733352e+00
96 96 96
4 5 4625 112.0500 -280.9700 6 2136 -71.1800 -160.3900 2 6795 -548.0200 -816.2400 47 1038 -9.0000 -63.1600
5.9324078185e-01 -5.1154967916e-01 3.3569072933e+00
127 128 125
3 5 4707 75.6000 -256.6300 6 2200 -125.9600 -125.4000 2 6902 -636.8400 -750.7500
6.0600597627e-01 -5.1136113236e-01 3.3562627340e+00
145 142 139
3 5 3235 157.4000 -246.6000 6 2218 2.7300 -111.5400 2 6929 -413.4900 -733.5400
5.9410503477e-01 -5.0597593965e-01 3.3549922163e+00
121 115 103
4 5 6519 74.5400 -215.0200 6 3147 -122.8000 -66.3500 2 7094 -624.6800 -645.8800 47 1641 -148.0200 182.4900
6.0596474146e-01 -5.0106026378e-01 3.3534325761e+00
130 126 119
4 5 4936 145.6400 -172.3500 6 3247 -8.8200 -6.5000 2 7226 -420.3600 -546.8800 55 19242 49.3400 -344.3199
6.0763595453e-01 -4.9832753091e-01 3.3496013594e+00
130 131 130
5 5 5021 159.0500 -144.3200 6 3317 3.8400 36.8900 2 7321 -390.6300 -477.3300 23 3470 84.5100 -469.9900 24 3469 84.5300 -469.9900
6.1159581384e-01 -4.9163738646e-01 3.3438653680e+00
156 155 155
8 5 5141 189.5600 -84.5200 6 2407 34.5800 131.1300 2 7513 -321.8000 -331.7800 55 11645 82.9000 -259.3101 23 3539 94.3000 -407.4400 24 3539 94.3000 -407.4400 47 1255 209.5500 707.9900 21 5209 35.4800 -255.0100
6.1269109907e-01 -4.8949279622e-01 3.3422059213e+00
102 102 98
9 5 5169 196.7600 -65.3600 6 2425 43.3800 160.8300 2 7575 -302.9700 -286.1100 8 2733 140.0500 -350.9500 55 19891 89.2200 -240.7000 13 3660 110.4000 -301.2000 23 3556 97.7800 -388.3700 24 3556 97.7800 -388.3700 47 1277 224.3500 785.0500
6.0024252800e-01 -4.8773556612e-01 3.3420611236e+00
70 64 65
7 5 3574 112.0800 -61.1900 6 2427 -85.7900 163.9300 2 7594 -520.3800 -265.7200 8 1895 58.3900 -349.1200 13 3661 28.9100 -301.6000 19 4468 6.0200 -373.8600 47 1276 -119.7600 777.7900
5.9679823014e-01 -4.7250765190e-01 3.3391937530e+00
95 87 80
7 5 5367 73.7500 41.5900 6 2523 -138.2500 310.3900 2 7915 -590.6400 -4.0000 55 20508 -40.8200 -128.1600 19 4631 -25.6400 -288.8700 23 3664 -22.8000 -298.7800 24 3666 -22.8000 -298.7800
5.9715329942e-01 -4.7188453649e-01 3.3394063155e+00
177 174 170
5 5 5368 75.6100 44.7200 6 2526 -135.8500 315.8700 2 7924 -585.5400 4.1801 8 2805 20.9500 -243.6000 55 11966 -39.0400 -124.3101
5.8381368716e-01 -4.7109731970e-01 3.3371629736e+00
87 78 83
8 5 5375 -9.8200 48.1200 6 2530 -271.8000 321.3700 2 7945 -817.6300 23.4800 8 2809 -60.5600 -242.4000 55 11954 -132.9000 -127.9200 13 6799 -85.9400 -207.5900 23 5406 -102.5500 -303.6000 24 5415 -102.5500 -303.6000
5.9599858894e-01 -5.0603702994e-01 3.3550428970e+00
130 126 122
5 5 6524 86.9700 -214.4100 6 3153 -103.9800 -65.2900 2 10991 -591.2100 -645.8000 55 31321 -18.9400 -389.7100 47 1649 -99.2700 187.9000
5.9670993803e-01 -5.0521004477e-01 3.3551777241e+00
98 95 94
4 5 6557 89.7600 -208.3500 6 4577 -97.6300 -57.3900 2 11030 -580.7300 -631.4399 47 2475 -81.4700 208.7100
6.0953228458e-01 -5.0071903613e-01 3.3508403201e+00
134 130 135
4 5 4973 173.8200 -162.0800 6 3287 26.0100 11.8000 2 11287 -356.3100 -522.8101 55 19295 75.2300 -335.6300
6.0274711196e-01 -4.9045660357e-01 3.3457694007e+00
136 130 123
5 5 6974 125.1600 -86.8300 6 3431 -55.9000 122.7000 2 11671 -478.1200 -330.2300 23 5146 39.0700 -416.2500 24 5157 39.0700 -416.2500
6.0498195121e-01 -4.8880720489e-01 3.3443626983e+00
141 135 127
6 5 7010 140.8300 -71.3800 6 3452 -35.5000 146.9500 2 11728 -439.4000 -293.7100 23 5174 49.6600 -399.8900 24 5185 49.6600 -399.8900 21 5225 1.9700 -246.6200
5.9675383878e-01 -4.8929077747e-01 3.3420288028e+00
74 64 65
6 5 5161 91.5900 -73.4900 6 3453 -120.3400 146.7300 2 11729 -580.4300 -293.4900 13 6345 7.8600 -314.6700 19 4457 -12.3300 -385.4800 47 1871 -210.0600 722.7400
6.0644278998e-01 -4.8478169257e-01 3.3406203648e+00
191 190 185
5 5 7053 151.8100 -34.9700 6 3486 -26.1200 204.3000 2 11906 -413.3800 -204.8700 8 3776 95.8400 -321.6000 47 1915 30.9400 895.8800
5.8591729849e-01 -4.8064318460e-01 3.3367791611e+00
99 90 90
4 5 7126 17.7400 -10.4700 6 3554 -241.3100 240.9800 2 12056 -770.4900 -126.8101 8 3784 -34.1000 -300.6600
6.0319549998e-01 -5.0087499535e-01 3.3549614893e+00
124 120 116
4 5 6668 126.3200 -176.1800 6 4692 -38.5100 -11.7600 2 17543 -471.8000 -553.6899 47 2584 75.1300 342.6400
5.7581640739e-01 -5.0443887837e-01 3.3362383152e+00
101 104 112
3 5 6667 -16.1000 -176.6200 6 3272 -327.1800 4.1600 8 2713 -66.1800 -474.9600
5.8984364628e-01 -4.8650094585e-01 3.3395211272e+00
181 178 175
12 5 17 50.0200 -54.8700 6 8 -196.9700 176.4100 8 10 -2.5700 -344.2700 13 13 -40.0300 -298.8500 19 24 -52.9500 -372.7000 23 16 -54.0100 -395.7500 24 16 -54.0100 -395.7500 21 38 -87.1700 -241.5200 35 84 -26.8500 -359.1700 36 77 -191.7400 -250.1500 38 70 -168.5500 187.8600 39 64 213.1000 122.4700
6.3204103291e-01 -5.0472959415e-01 3.3462286134e+00
179 184 189
2 5 22 336.3300 -161.0700 6 16 263.1600 23.5100
6.1800520997e-01 -4.8916634808e-01 3.3424871358e+00
182 178 175
14 5 24 231.1400 -60.1900 6 7 96.7800 167.4900 8 19 171.8100 -343.8400 55 93 129.0800 -237.8000 13 21 144.6900 -294.2800 19 26 105.9900 -367.5800 23 17 130.7000 -379.5000 24 17 130.7000 -379.5000 14 35 50.9100 -2.1100 21 39 66.1500 -235.5700 35 87 146.8600 -355.5500 36 110 -18.8900 -243.9100 38 115 3.2400 189.6600 39 67 385.8600 125.0601
6.3217054730e-01 -4.9151606100e-01 3.3429345676e+00
193 193 198
5 5 38 323.2200 -67.9200 6 17 243.9400 160.1700 55 144 230.4301 -239.4500 14 56 94.6000 -3.4800 21 60 147.1300 -234.7400
6.2611975212e-01 -4.8545450114e-01 3.3408750077e+00
98 91 88
2 5 112 279.3800 -28.0800 6 59 176.0100 218.2300
6.1494205408e-01 -4.8370398985e-01 3.3411890659e+00
106 96 94
6 5 113 205.0500 -24.8100 6 60 60.5900 221.0300 55 1000 96.5400 -196.7700 23 133 104.7100 -346.2700 24 133 104.7200 -346.2800 21 187 47.3300 -205.0300
6.3313111717e-01 -4.9190522914e-01 3.3426357145e+00
199 202 209
2 5 178 330.2600 -69.3400 6 89 255.5600 158.8700
6.2192888412e-01 -4.8396355956e-01 3.3426955965e+00
121 110 106
6 5 183 245.9000 -26.1100 6 132 128.0300 218.6400 55 999 152.2100 -196.0500 23 295 149.3400 -341.9900 24 295 149.3200 -341.9800 14 408 60.6700 15.1700
6.1022244833e-01 -4.8336698561e-01 3.3406428936e+00
111 101 95
3 5 184 175.6300 -23.0200 6 91 10.8400 221.2500 14 257 27.2700 14.7400
6.1164311846e-01 -4.7362058742e-01 3.3410703458e+00
168 164 163
3 5 203 168.8900 38.4300 6 94 11.8400 305.2400 8 139 110.0000 -247.4600
6.0917797560e-01 -5.1913858639e-01 3.3586488556e+00
116 116 114
4 5 264 186.0200 -298.0200 6 206 44.0800 -185.6900 55 2098 85.5800 -475.9399 21 690 60.0200 -436.9800
6.0713141545e-01 -5.1714815920e-01 3.3597191075e+00
35 35 39
8 5 269 166.9300 -290.4800 6 376 17.9200 -172.2400 55 3108 67.6800 -466.3400 19 1067 71.2500 -559.9000 47 478 238.5700 -85.0900 14 2181 31.4000 -97.5500 21 1049 46.1900 -427.7300 35 2363 99.5100 -557.5100
6.2215200671e-01 -5.1216516574e-01 3.3473588488e+00
143 140 128
3 5 276 282.5900 -218.7800 6 227 173.1200 -62.7600 55 1452 176.0601 -400.5800
6.3096524762e-01 -5.1252812412e-01 3.3444779756e+00
80 80 85
9 5 280 346.8300 -208.4100 6 124 269.6300 -44.3500 55 1457 240.9000 -391.8400 19 462 202.2800 -494.7600 14 395 98.8000 -66.2200 35 1676 246.2100 -492.2000 36 1529 80.8600 -379.6200 38 975 96.8199 55.6100 39 1494 483.4200 -10.6600
6.0205168544e-01 -4.9921881623e-01 3.3563663624e+00
144 136 119
2 5 293 114.7700 -168.8300 6 234 -54.4200 -1.3300
6.1708450276e-01 -4.9195794804e-01 3.3429764142e+00
190 192 198
8 5 297 228.1700 -80.3600 6 128 92.1900 139.4600 55 989 122.6900 -255.4200 23 286 130.1800 -399.7700 24 286 130.1800 -399.7700 47 51 357.9200 732.8000 14 398 48.5700 -9.4500 21 429 63.2000 -250.1500
6.0659531587e-01 -4.8737492639e-01 3.3425147642e+00
134 127 121
4 5 300 153.6600 -55.8500 6 243 -20.3700 172.6200 23 458 57.4400 -383.6900 24 457 57.4400 -383.6900
6.0972519415e-01 -4.8610021221e-01 3.3411476918e+00
181 180 179
7 5 303 174.7400 -42.3900 6 130 9.8500 193.5900 8 213 117.8500 -328.3900 55 2187 65.3900 -218.8500 47 88 127.9000 872.2600 14 594 24.5700 6.2000 21 437 19.4600 -222.0400
6.4268580345e-01 -4.7686877136e-01 3.3451355442e+00
165 165 166
4 5 326 359.5800 22.8900 6 141 316.9200 286.2400 23 329 269.6600 -275.6900 14 430 121.6000 44.0600
6.2159397781e-01 -4.7386423467e-01 3.3427034466e+00
187 193 193
7 5 332 229.7900 36.6400 6 144 109.7700 303.9600 8 223 167.0200 -247.2200 55 1036 139.8700 -121.2900 23 327 132.7400 -281.3500 24 327 132.7400 -281.3500 14 438 56.5000 45.2500
6.1215053101e-01 -5.2761185204e-01 3.3561715592e+00
98 99 97
3 5 460 223.6600 -346.6700 6 355 87.7100 -258.4400 55 3037 116.4700 -528.2700
6.1645161744e-01 -5.2877636100e-01 3.3538561666e+00
103 104 99
2 5 461 259.4800 -346.8500 6 353 135.0900 -257.4200
6.1645161744e-01 -5.2877636100e-01 3.3538561666e+00
103 104 99
2 5 462 259.4800 -346.8500 6 354 135.0900 -257.4200
6.2254046814e-01 -5.1697722935e-01 3.3481945156e+00
149 149 137
2 5 494 291.7700 -252.2000 6 216 184.8700 -113.1200
6.2118370754e-01 -5.1538536008e-01 3.3486296820e+00
74 75 75
2 5 495 279.0800 -244.1900 6 218 167.9700 -100.5500
6.1224094224e-01 -5.1129989037e-01 3.3554648865e+00
137 136 124
2 5 497 199.8500 -238.1500 6 390 64.9800 -98.5200
6.2940691601e-01 -5.1583456597e-01 3.3451616651e+00
165 169 174
2 5 501 341.6700 -232.7800 6 223 257.1100 -81.8300
6.2950042844e-01 -5.1392395597e-01 3.3450949354e+00
145 148 149
10 5 504 339.2100 -220.2000 6 226 256.9700 -63.1100 55 1450 231.0500 -403.6100 19 458 193.9400 -503.5699 14 584 94.1100 -70.8700 21 419 145.9600 -370.1900 35 1667 238.1500 -502.2000 36 1519 72.4700 -389.8000 38 1506 89.2500 44.7700 39 1490 475.0100 -20.7600
6.3243697238e-01 -5.1071908469e-01 3.3448248272e+00
187 186 193
12 5 513 353.6200 -197.3400 6 229 281.3500 -27.8200 8 327 297.4600 -480.7700 55 1463 249.7300 -379.4200 13 214 268.0600 -428.9600 19 466 208.1600 -482.4301 14 587 102.6600 -60.4100 35 1685 253.0000 -479.5800 36 1533 87.0000 -367.4301 38 1517 104.2900 66.1801 39 1503 490.5601 1.5100 9 596 103.1600 -245.3700
6.2657363773e-01 -5.1053939247e-01 3.3440569051e+00
184 188 192
3 5 514 316.8200 -197.9200 6 230 218.9700 -28.4400 55 2138 206.1400 -380.9600
6.2124529176e-01 -5.0576838637e-01 3.3464991889e+00
156 152 145
2 5 522 268.6200 -174.8200 6 232 154.8600 -0.3000
6.0389227222e-01 -4.9678461665e-01 3.3568802719e+00
135 120 105
2 5 528 122.1200 -152.7900 6 412 -39.3200 20.5100
6.1055374263e-01 -4.9811126087e-01 3.3497426421e+00
123 116 106
2 5 532 180.8200 -139.8300 6 237 31.7600 45.5400
6.1486711599e-01 -4.8972112145e-01 3.3424144485e+00
201 206 209
8 5 543 211.1600 -65.9700 6 241 67.0500 159.9200 55 1492 105.1300 -240.9500 23 287 112.5100 -386.8700 24 287 112.5100 -386.8700 47 86 286.8199 787.7500 14 590 41.0900 -3.6600 21 430 49.7300 -239.0000
6.3367604393e-01 -4.9101241987e-01 3.3428611677e+00
204 207 214
11 5 545 332.4100 -64.0500 6 437 259.0700 166.6400 8 573 268.6200 -344.9100 55 2181 242.5900 -234.9301 13 327 250.8200 -291.8600 19 751 195.9800 -365.5100 14 920 98.9600 -0.1300 21 434 155.4800 -229.4000 36 1569 78.0900 -244.7600 39 1550 484.3500 123.2400 9 606 94.7100 -173.9400
6.2819307729e-01 -4.9023785206e-01 3.3424307342e+00
196 200 201
8 5 546 297.4900 -61.5500 6 439 201.9900 169.7200 55 2182 201.6000 -234.0300 13 328 212.6200 -291.6500 23 459 198.4700 -372.8500 24 458 198.4700 -372.8500 21 716 122.0500 -229.8400 9 881 74.5400 -174.7900
6.1084179548e-01 -4.8863059908e-01 3.3421574635e+00
100 91 86
5 5 547 184.1600 -60.8600 6 438 24.6100 167.2800 8 330 127.7000 -346.3800 23 726 85.2300 -384.4300 24 725 85.2300 -384.4200
6.0114277493e-01 -4.8687290384e-01 3.3419024715e+00
159 155 139
7 5 548 117.5800 -53.1600 6 244 -76.9900 175.3000 55 1493 5.3100 -232.7400 23 457 21.7000 -387.1600 24 456 21.7000 -387.1500 14 591 0.2000 -0.4900 21 433 -22.4000 -235.7700
5.7595245303e-01 -4.8589988267e-01 3.3354998085e+00
204 208 216
3 5 549 -39.5400 -50.0300 6 247 -341.4100 186.1000 7 501 -121.2600 -263.4800
5.8955945604e-01 -4.8565505957e-01 3.3397418855e+00
204 212 219
15 5 550 44.1400 -48.3400 6 246 -199.0000 185.3100 8 331 -7.5600 -338.2600 55 1495 -78.7100 -230.0300 13 326 -41.5300 -294.4500 19 750 -54.9900 -367.9200 23 456 -54.4400 -389.4500 24 455 -54.4400 -389.4500 47 130 -423.9700 801.8201 14 592 -35.2700 0.8300 21 715 -86.0700 -235.0600 35 1745 -31.2600 -357.0300 36 1568 -196.7000 -248.1400 38 1557 -173.0700 190.4399 39 1551 208.8000 124.4800
6.2312298208e-01 -4.8682539561e-01 3.3431362427e+00
194 190 185
2 5 551 257.6100 -43.8100 6 447 146.0600 191.7800
6.1920304492e-01 -4.8666258675e-01 3.3423713733e+00
198 199 201
5 5 552 234.2600 -43.3500 6 248 106.1800 192.4500 13 330 150.8300 -276.8800 23 464 135.7500 -361.6400 24 463 135.7600 -361.6400
6.1669144001e-01 -4.8634727055e-01 3.3423574493e+00
196 200 199
5 5 553 218.2000 -42.9700 6 249 79.8200 192.8200 55 1498 115.9400 -215.3000 23 461 118.7200 -363.2200 24 460 118.7400 -363.2200
5.8590923226e-01 -4.8311131904e-01 3.3383922375e+00
187 183 183
2 5 555 18.8800 -31.6000 6 252 -238.8500 208.7500
5.8932734969e-01 -4.7638306051e-01 3.3380255490e+00
181 178 169
12 5 589 31.0800 14.5200 6 138 -208.7800 276.2000 8 359 -21.1700 -274.6300 55 1537 -89.1500 -160.8000 19 481 -62.4500 -314.1300 23 299 -64.1600 -328.5700 24 299 -64.1600 -328.5800 35 1773 -41.4700 -298.8400 36 1594 -206.4300 -189.6300 38 1572 -182.2300 248.4000 41 798 -120.9600 -208.4000 9 609 -70.1000 -148.4000
6.2666074684e-01 -4.7459859662e-01 3.3426395737e+00
172 176 178
6 5 600 262.7900 34.8700 6 257 161.2900 302.8000 8 366 198.0800 -248.4600 55 1564 176.5601 -122.7500 23 328 165.1400 -278.8400 24 328 165.1400 -278.8400
6.1857415424e-01 -5.2948749856e-01 3.3522069996e+00
104 99 94
4 5 786 278.5400 -347.4700 6 358 159.5900 -256.2300 55 3033 163.0100 -529.5800 14 1300 67.4800 -124.8600
6.1855234867e-01 -5.2949230811e-01 3.3521632101e+00
104 99 94
3 5 787 278.5400 -347.4700 6 359 159.5900 -256.2300 55 3034 163.0100 -529.5800
6.1439317799e-01 -5.2628182807e-01 3.3543959015e+00
104 103 99
2 5 799 240.3100 -334.3400 6 600 109.8300 -236.1700
6.1534655351e-01 -5.2576471627e-01 3.3536669048e+00
52 52 55
2 5 802 247.3100 -328.4800 6 603 119.4400 -227.5500
6.1234798083e-01 -5.2450040563e-01 3.3551111001e+00
109 110 106
3 5 805 221.9600 -325.3100 6 362 85.8300 -223.1500 55 3069 115.4800 -504.6100
6.1345080866e-01 -5.2429457224e-01 3.3544940273e+00
72 70 77
3 5 808 230.4800 -322.0600 6 613 96.9400 -217.8400 55 4417 123.3500 -501.0300
6.1350536982e-01 -5.2429805160e-01 3.3545578918e+00
72 70 77
4 5 809 230.4800 -322.0600 6 612 96.9400 -217.8400 55 4416 123.3500 -501.0300 14 2095 51.9900 -112.5100
6.1318236263e-01 -5.2218997283e-01 3.3558354374e+00
109 115 121
3 5 816 223.5700 -311.2100 6 618 89.7400 -203.7900 36 3156 -22.0900 -465.0400
6.1900103306e-01 -5.1442546542e-01 3.3499267048e+00
98 93 90
2 5 867 260.4800 -241.8300 6 388 142.7200 -99.1900
6.1922549595e-01 -4.9789491019e-01 3.3443321937e+00
93 91 84
4 5 935 247.4000 -119.8300 6 425 121.9600 81.6600 8 571 191.4000 -405.1900 55 3206 143.8200 -297.7900
6.4250123246e-01 -4.8863578720e-01 3.3455455316e+00
193 193 188
2 5 945 376.5700 -50.2500 6 443 337.1300 183.2700
6.2561416276e-01 -4.8704940949e-01 3.3430875045e+00
183 183 181
6 5 947 273.8400 -43.8500 6 446 170.2700 191.7300 13 508 193.0400 -274.2500 23 735 177.8200 -357.0300 24 734 177.8200 -357.0300 14 926 72.9700 7.8900
6.4420390373e-01 -4.7491145246e-01 3.3454867247e+00
85 84 89
3 5 1003 364.6600 35.1000 6 485 327.3000 302.6200 8 602 293.3300 -245.3600
6.1542307072e-01 -4.7188815917e-01 3.3409529909e+00
91 91 89
3 5 1024 190.4900 50.8200 6 498 47.5700 325.2000 8 611 129.6200 -234.6400
6.2031991353e-01 -4.6870804598e-01 3.3397298546e+00
138 128 123
2 5 1055 218.9700 75.9700 6 524 92.2100 363.0600
6.2123232216e-01 -5.2287306945e-01 3.3496135627e+00
111 115 111
4 5 1317 290.3800 -295.5900 6 628 179.2000 -178.0900 55 4452 176.7900 -477.9100 14 2160 72.6100 -102.7400
6.4191440050e-01 -5.1951912891e-01 3.3614488313e+00
130 128 115
2 5 1334 387.1900 -281.3400 6 645 363.1300 -162.1000
6.2533681319e-01 -5.2149875587e-01 3.3461135790e+00
86 85 90
7 5 1338 324.1000 -277.4300 6 647 225.7900 -148.3800 55 4483 207.0400 -461.6000 19 1565 176.1500 -552.8700 14 2200 84.0900 -95.5700 36 4842 50.8600 -438.6100 39 4863 453.6000 -68.3101
6.2553803087e-01 -5.2168429792e-01 3.3462926955e+00
86 85 90
2 5 1339 324.1000 -277.4300 6 648 225.7900 -148.3800
6.2565332230e-01 -5.2081110870e-01 3.3458297216e+00
143 147 157
2 5 1346 324.4200 -270.5300 6 655 226.0800 -137.8200
6.1233828267e-01 -5.1303748298e-01 3.3553690438e+00
125 125 117
2 5 1373 203.4300 -249.2100 6 1016 68.5300 -114.5500
6.2946354130e-01 -5.1045559223e-01 3.3444120089e+00
82 75 79
6 5 1431 334.4200 -196.3900 6 693 248.7500 -26.6900 8 859 279.1600 -481.2700 55 4587 226.8800 -378.4100 19 1591 189.4600 -482.5400 21 1548 141.7700 -348.0700
6.2941613886e-01 -5.1036695387e-01 3.3446187981e+00
82 75 79
