# Bundle file v0.3
110 16476
0 0 0
0 0 0
0 0 0
0 0 0
0 0 0
0 0 0
0 0 0
0 0 0
0 0 0
0 0 0
0 0 0
0 0 0
0 0 0
0 0 0
0 0 0
0 0 0
0 0 0
0 0 0
0 0 0
0 0 0
0 0 0
0 0 0
0 0 0
0 0 0
0 0 0
1.0935851939e+03 5.0564784103e-01 -1.3226714829e+00
9.5129894802e-01 2.8043435632e-01 1.2801126235e-01
-2.8587004146e-01 9.5791850709e-01 2.5893110580e-02
-1.1536303953e-01 -6.1226673732e-02 9.9143464915e-01
-9.0470099424e-01 -5.0912802144e-01 -2.9673234422e+00
0 0 0
0 0 0
0 0 0
0 0 0
0 0 0
1.3384938255e+03 3.3717673453e-01 5.0746454676e-02
-9.6639175633e-01 -1.8414437521e-01 1.7938177827e-01
2.5674257341e-01 -7.2675706754e-01 6.3710863734e-01
1.3047003183e-02 6.6175147439e-01 7.4960973970e-01
-4.7975502823e-02 -1.5537048580e+00 -2.4418503060e+00
0 0 0
0 0 0
0 0 0
0 0 0
0 0 0
0 0 0
0 0 0
0 0 0
0 0 0
0 0 0
0 0 0
0 0 0
0 0 0
0 0 0
0 0 0
0 0 0
0 0 0
0 0 0
0 0 0
0 0 0
0 0 0
0 0 0
0 0 0
0 0 0
0 0 0
1.4002063526e+03 3.0165648753e-01 8.3002188269e-02
-9.6042694921e-01 -2.5789906839e-01 1.0520525534e-01
2.5424566896e-01 -6.5748529862e-01 7.0927584331e-01
-1.1375067050e-01 7.0795561486e-01 6.9703632068e-01
2.0895705180e-01 -1.8075128993e+00 -2.2849250405e+00
0 0 0
0 0 0
0 0 0
0 0 0
0 0 0
0 0 0
0 0 0
0 0 0
0 0 0
0 0 0
0 0 0
0 0 0
0 0 0
0 0 0
0 0 0
0 0 0
0 0 0
0 0 0
0 0 0
0 0 0
0 0 0
0 0 0
0 0 0
0 0 0
0 0 0
1.8811234910e+03 4.2291168863e-01 1.1412986469e-01
9.6774616382e-01 2.3870609212e-01 -8.0540449454e-02
-2.3888981979e-01 9.7101780139e-01 7.4888839335e-03
7.9993852371e-02 1.1992954758e-02 9.9672320763e-01
-2.7656430239e-01 -5.1614347854e-01 -3.2128128986e+00
0 0 0
0 0 0
0 0 0
0 0 0
0 0 0
1.3545091367e+03 2.9209595783e-01 1.7626314792e-01
-9.2286308073e-01 -3.7327007165e-01 -9.4832419731e-02
2.0414328813e-01 -6.8291371276e-01 7.0139459567e-01
-3.2657197083e-01 6.2793177538e-01 7.0643643262e-01
8.5885623041e-01 -1.7519827771e+00 -2.1663747369e+00
0 0 0
0 0 0
0 0 0
0 0 0
0 0 0
1.5662624490e+03 -3.9506667819e-01 -5.8992654441e-02
9.7037557640e-01 1.7657480663e-01 -1.6490172340e-01
-1.4255564050e-01 9.6951980245e-01 1.9927177929e-01
1.9506186219e-01 -1.6986079690e-01 9.6597007179e-01
9.2700802974e-03 -1.1210709123e+00 -3.0084761141e+00
1.3560288558e+03 2.3805284046e-01 1.1451234496e-01
-9.7340673125e-01 -2.0641643252e-01 9.9355885305e-02
2.0541841736e-01 -5.9450316707e-01 7.7741189736e-01
-1.0140320197e-01 7.7714750255e-01 6.2109512146e-01
2.0379716500e-01 -2.0169199029e+00 -2.1063669872e+00
0 0 0
0 0 0
0 0 0
0 0 0
0 0 0
0 0 0
0 0 0
0 0 0
0 0 0
0 0 0
0 0 0
0 0 0
0 0 0
0 0 0
0 0 0
0 0 0
0 0 0
0 0 0
0 0 0
0 0 0
0 0 0
0 0 0
0 0 0
0 0 0
0 0 0
0 0 0
0 0 0
0 0 0
0 0 0
0 0 0
0 0 0
0 0 0
0 0 0
0 0 0
0 0 0
0 0 0
0 0 0
0 0 0
0 0 0
0 0 0
0 0 0
0 0 0
0 0 0
0 0 0
0 0 0
0 0 0
0 0 0
0 0 0
0 0 0
0 0 0
0 0 0
0 0 0
0 0 0
0 0 0
0 0 0
0 0 0
0 0 0
0 0 0
0 0 0
0 0 0
0 0 0
0 0 0
0 0 0
0 0 0
0 0 0
0 0 0
0 0 0
0 0 0
0 0 0
0 0 0
0 0 0
0 0 0
0 0 0
0 0 0
0 0 0
0 0 0
0 0 0
0 0 0
0 0 0
0 0 0
0 0 0
0 0 0
0 0 0
0 0 0
0 0 0
0 0 0
0 0 0
0 0 0
0 0 0
0 0 0
0 0 0
0 0 0
0 0 0
0 0 0
0 0 0
0 0 0
0 0 0
0 0 0
0 0 0
0 0 0
0 0 0
0 0 0
0 0 0
0 0 0
0 0 0
0 0 0
0 0 0
0 0 0
0 0 0
0 0 0
0 0 0
0 0 0
0 0 0
0 0 0
0 0 0
0 0 0
0 0 0
0 0 0
0 0 0
0 0 0
0 0 0
0 0 0
0 0 0
0 0 0
0 0 0
0 0 0
0 0 0
0 0 0
0 0 0
0 0 0
0 0 0
0 0 0
0 0 0
0 0 0
0 0 0
0 0 0
0 0 0
0 0 0
0 0 0
0 0 0
0 0 0
0 0 0
0 0 0
0 0 0
0 0 0
0 0 0
0 0 0
0 0 0
0 0 0
0 0 0
-4.2279951889e+03 1.5733475077e+00 3.0614958249e+00
9.3041487966e-01 1.5427848783e-01 -3.3245495920e-01
-2.9845229160e-01 8.4542321303e-01 -4.4292868558e-01
2.1273077197e-01 5.1132938412e-01 8.3263910525e-01
5.3273912977e-01 9.3747108748e-01 -2.4845179602e+00
0 0 0
0 0 0
0 0 0
0 0 0
0 0 0
0 0 0
0 0 0
0 0 0
0 0 0
0 0 0
0 0 0
0 0 0
0 0 0
0 0 0
0 0 0
0 0 0
0 0 0
0 0 0
0 0 0
0 0 0
0 0 0
0 0 0
0 0 0
0 0 0
0 0 0
0 0 0
0 0 0
0 0 0
0 0 0
0 0 0
0 0 0
0 0 0
0 0 0
0 0 0
0 0 0
0 0 0
0 0 0
0 0 0
0 0 0
0 0 0
0 0 0
0 0 0
0 0 0
0 0 0
0 0 0
1.3576187075e+03 6.9222199232e-01 2.6008045282e-02
9.5791833723e-01 2.6286859247e-01 -1.1529337487e-01
-2.8694013578e-01 8.8758243929e-01 -3.6036477622e-01
7.6037933993e-03 3.7828232388e-01 9.2565904402e-01
-1.8961687925e-01 6.4824213007e-01 -3.3116023046e+00
0 0 0
0 0 0
0 0 0
0 0 0
0 0 0
0 0 0
0 0 0
0 0 0
0 0 0
0 0 0
0 0 0
0 0 0
0 0 0
0 0 0
0 0 0
2.6557240638e+03 5.7702401616e-01 -1.1075386731e+00
9.6557639184e-01 2.6010683946e-01 -2.5813931100e-03
-2.5940019438e-01 9.6212074591e-01 -8.3876155365e-02
-1.9333149814e-02 8.1658449334e-02 9.9647284307e-01
-5.1910512911e-01 -2.0092336719e-01 -3.1613032323e+00
0 0 0
0 0 0
0 0 0
0 0 0
0 0 0
2.7682376017e+03 2.0511283773e-01 9.1945296995e-02
-9.4883287121e-01 -1.4853491260e-01 2.7866388761e-01
2.7238056440e-01 -8.3144753338e-01 4.8425595234e-01
1.5976548643e-01 5.3538059264e-01 8.2936277368e-01
-3.7207513017e-01 -1.0816541129e+00 -2.6593905467e+00
3.0900399219e+03 8.9904044604e-02 1.1726981641e-01
9.6496320774e-01 2.5719888851e-01 -5.1910880047e-02
-2.6162592676e-01 9.2811205826e-01 -2.6487710690e-01
-1.9946983759e-02 2.6917789483e-01 9.6288388644e-01
-3.5855320382e-01 3.9335125109e-01 -3.1898978565e+00
0 0 0
0 0 0
0 0 0
0 0 0
0 0 0
0 0 0
0 0 0
0 0 0
0 0 0
0 0 0
0 0 0
0 0 0
0 0 0
0 0 0
0 0 0
0 0 0
0 0 0
0 0 0
0 0 0
0 0 0
0 0 0
0 0 0
0 0 0
0 0 0
0 0 0
0 0 0
0 0 0
0 0 0
0 0 0
0 0 0
2.8305047596e+03 6.6423124765e-01 -1.3941412668e+00
9.6559712827e-01 2.5943136604e-01 -1.7819994224e-02
-2.5985205345e-01 9.5999784884e-01 -1.0431222622e-01
-9.9547072228e-03 1.0535414818e-01 9.9438493918e-01
-4.6796730096e-01 -1.3473272007e-01 -3.1862685215e+00
2.8069022164e+03 5.6337644760e-01 -1.0358323812e+00
9.6577899686e-01 2.5900253589e-01 -1.3733740420e-02
-2.5892604733e-01 9.5970246620e-01 -1.0921757362e-01
-1.5107323979e-02 1.0903606181e-01 9.9392298796e-01
-4.8105149729e-01 -1.1859518661e-01 -3.1824162614e+00
0 0 0
0 0 0
0 0 0
0 0 0
0 0 0
5.6009269926e+03 4.2084407901e-01 5.0483343417e-01
9.3003080219e-01 1.4598551442e-01 -3.3724017636e-01
-1.7959690805e-01 9.8120805025e-01 -7.0538732241e-02
3.2060514280e-01 1.2617048668e-01 9.3877225710e-01
5.5306983490e-01 -2.8628034131e-01 -3.3315518568e+00
5.8062826637e+03 3.3415151370e-01 5.2471243030e-01
9.2603303847e-01 1.7583062270e-01 -3.3398563410e-01
-2.1127909479e-01 9.7472175428e-01 -7.2654289927e-02
3.1276821413e-01 1.3784445530e-01 9.3977388258e-01
5.2584408055e-01 -2.5935080725e-01 -3.3379749042e+00
-3.2907253557e+03 4.0137770374e-01 4.9679219250e-01
9.5538255804e-01 2.9528689173e-01 -7.0582836823e-03
-2.2944921427e-01 7.2689673037e-01 -6.4728216525e-01
-1.8600329532e-01 6.2002160845e-01 7.6221780298e-01
-5.3029336792e-01 1.5737173022e+00 -2.3515879399e+00
5.6796725166e+03 8.7551404386e-01 6.5523731431e-01
9.2946623286e-01 1.8291558328e-01 -3.2036605838e-01
-2.7924702002e-01 9.1633075926e-01 -2.8698265009e-01
2.4106767469e-01 3.5620194979e-01 9.0277713041e-01
4.7460176819e-01 5.1296654506e-01 -3.2713790840e+00
0 0 0
0 0 0
0 0 0
0 0 0
0 0 0
0 0 0
0 0 0
0 0 0
0 0 0
0 0 0
7.4119192750e+03 1.4456862047e+00 6.0942218878e-01
9.5183694422e-01 3.0629124538e-01 1.3860181476e-02
-2.5445843302e-01 8.1436334758e-01 -5.2159682129e-01
-1.7104776376e-01 4.9294828443e-01 8.5307951059e-01
-5.9309330485e-01 1.1951693140e+00 -3.4425360003e+00
5.6987797431e+03 8.2406866276e-01 -1.0220120796e-01
9.3250756004e-01 1.6081306134e-01 -3.2337100947e-01
-2.2843779590e-01 9.5615685109e-01 -1.8324914602e-01
2.7972454999e-01 2.4475137470e-01 9.2835927351e-01
4.9594700265e-01 1.2517270612e-01 -3.3372971137e+00
0 0 0
0 0 0
0 0 0
0 0 0
0 0 0
0 0 0
0 0 0
0 0 0
0 0 0
0 0 0
0 0 0
0 0 0
0 0 0
0 0 0
0 0 0
0 0 0
0 0 0
0 0 0
0 0 0
0 0 0
0 0 0
0 0 0
0 0 0
0 0 0
0 0 0
0 0 0
0 0 0
0 0 0
0 0 0
0 0 0
6.0244926275e+03 1.6533634718e-01 6.1004263139e-01
9.3129473241e-01 1.6608745143e-01 -3.2419913611e-01
-2.0322921112e-01 9.7551808620e-01 -8.4037796525e-02
3.0230449736e-01 1.4415069191e-01 9.4224867678e-01
4.9496033033e-01 -2.2042260124e-01 -3.3652188906e+00
0 0 0
0 0 0
0 0 0
0 0 0
0 0 0
0 0 0
0 0 0
0 0 0
0 0 0
0 0 0
0 0 0
0 0 0
0 0 0
0 0 0
0 0 0
0 0 0
0 0 0
0 0 0
0 0 0
0 0 0
0 0 0
0 0 0
0 0 0
0 0 0
0 0 0
0 0 0
0 0 0
0 0 0
0 0 0
0 0 0
6.0020803507e+05 2.6332391764e-07 -6.2322580203e-18
9.3902145334e-01 1.5078108386e-01 -3.0903685042e-01
-3.0312147201e-01 7.8729481570e-01 -5.3692108022e-01
1.6234556778e-01 5.9785611808e-01 7.8499170613e-01
4.4079483979e-01 1.2800552876e+00 -8.6547004627e+01
0 0 0
0 0 0
0 0 0
0 0 0
0 0 0
0 0 0
0 0 0
0 0 0
0 0 0
0 0 0
0 0 0
0 0 0
0 0 0
0 0 0
0 0 0
0 0 0
0 0 0
0 0 0
0 0 0
0 0 0
1.5382594718e+03 9.0243488151e-01 2.3102327023e-02
9.4185457317e-01 2.1094134897e-01 -2.6156014662e-01
-2.7259680431e-01 9.3479356955e-01 -2.2771026461e-01
1.9647123272e-01 2.8577041418e-01 9.3794153607e-01
2.8192764926e-01 2.2819325249e-01 -3.3947151706e+00
0 0 0
0 0 0
0 0 0
0 0 0
0 0 0
3.5426417897e-01 5.8778736790e-01 2.9643610201e+00
195 188 178
16 55 1116 -391.3700 190.1200 84 934 -630.2600 16.5100 88 1581 -374.8200 411.9399 21 882 -233.1200 14.5500 23 567 -282.0100 -96.8800 24 566 -282.0100 -96.8800 69 871 -524.7200 393.9700 71 639 -506.7700 633.7700 79 880 -425.1000 456.3500 80 806 -444.8300 486.1200 5 446 -256.6500 318.8800 7 375 -258.8600 10.3100 13 416 -258.9900 11.7000 19 603 -274.8900 -70.3000 65 1600 -149.2400 0.7100 108 1793 -145.9900 23.3800
3.5427894147e-01 5.8779139866e-01 2.9643486734e+00
195 188 178
15 55 1115 -391.3700 190.1200 84 933 -630.2600 16.5100 88 1580 -374.8200 411.9399 21 881 -233.1200 14.5500 23 566 -282.0100 -96.8800 24 565 -282.0100 -96.8800 69 870 -524.7200 393.9700 79 879 -425.1000 456.3500 80 805 -444.8300 486.1200 5 445 -256.6500 318.8800 7 374 -258.8600 10.3100 13 415 -258.9900 11.7000 19 602 -274.8900 -70.3000 65 1599 -149.2400 0.7100 108 1792 -145.9900 23.3800
4.2360409065e-01 5.8172717863e-01 2.9603921737e+00
45 28 18
9 55 4870 377.9399 -101.7100 84 2158 448.1200 -298.4800 88 4675 311.2800 173.9900 24 1222 339.4400 -248.0800 71 3050 566.2800 259.9600 103 2628 79.1000 146.8400 7 1236 272.8100 -147.6300 13 1465 366.9100 -173.3400 19 1228 297.0300 -260.2300
3.7335440633e-01 5.8984577897e-01 2.9591302845e+00
204 196 187
9 55 1675 -147.8000 164.9399 84 935 -336.0800 22.4301 88 1578 -175.2800 399.7400 21 885 -105.4800 24.3700 24 568 -111.2900 -85.6000 103 911 -244.3300 305.5700 7 594 -103.1100 8.9700 65 1595 -70.5300 -6.7400 108 1787 -68.8900 17.5600
3.5061700408e-01 6.0804076486e-01 2.9565416835e+00
201 193 184
16 55 1187 -364.7400 449.5601 84 978 -572.7800 337.4000 88 1630 -352.0500 647.1299 21 924 -202.1500 158.0700 23 623 -251.6200 65.0600 24 622 -251.6200 65.0600 69 932 -484.6600 728.0901 71 1064 -474.7400 982.7600 79 947 -386.8900 789.3201 80 871 -407.6500 821.0500 103 628 -379.0400 475.6800 7 671 -236.0600 164.4400 13 441 -225.0700 179.7400 19 648 -249.6000 103.0700 65 1666 -138.9200 87.9800 108 1852 -135.2700 112.0400
4.0416856000e-01 5.7638927712e-01 2.9626525378e+00
44 22 9
8 55 4884 150.5300 -96.7700 84 3241 87.8700 -311.2000 88 4663 94.7400 171.4600 24 1195 139.7000 -259.1000 71 4414 253.2600 263.5601 103 2639 -58.1500 148.7600 13 936 160.6100 -175.1400 19 1750 120.2800 -260.8700
4.0318981330e-01 5.7606562242e-01 2.9621148704e+00
48 28 21
7 55 4901 140.6200 -92.5100 84 3248 73.2000 -305.6801 88 4682 84.6300 175.2300 24 1205 130.8200 -256.0300 71 3107 239.4100 269.4600 103 2672 -64.2200 151.3700 13 951 151.7900 -171.6800
3.9297147144e-01 5.7352479072e-01 2.9631268177e+00
136 116 92
5 55 4928 20.0000 -86.9800 84 3251 -111.1899 -306.2300 88 4691 -26.2400 177.6500 24 1198 26.9700 -258.6000 103 2687 -138.1600 154.4800
3.9728705455e-01 6.0167316884e-01 2.9562062977e+00
172 162 150
10 55 1689 143.4100 210.5400 84 1476 102.5900 104.7200 82 1777 212.7100 386.0200 83 1918 200.1000 469.1801 96 1916 105.1600 601.1001 88 2362 108.8400 456.6000 23 907 117.1800 -46.2200 24 905 117.1800 -46.2200 103 1371 -61.6600 328.5600 5 1206 193.4500 288.2500
3.7819063059e-01 5.7459069553e-01 2.9643106473e+00
157 142 127
5 55 12270 -144.3500 -30.1700 84 6907 -345.9800 -241.8800 21 3763 -117.5100 -98.6800 24 2562 -110.6500 -226.5700 103 6198 -240.4500 187.4100
3.7623762968e-01 5.7439196417e-01 2.9645557570e+00
179 170 155
9 55 7813 -166.5000 -29.3101 84 4733 -381.1100 -240.2000 21 2564 -134.6500 -97.9000 24 2567 -130.3100 -225.5900 71 4546 -191.0400 352.8201 103 4110 -254.9600 188.6000 7 1882 -117.1800 -115.9000 13 2524 -110.7400 -128.0900 19 2492 -121.4000 -215.8900
3.8361567919e-01 5.9052259359e-01 2.9648575334e+00
36 22 14
8 55 5167 -57.4500 104.0200 84 4948 -168.7200 -68.0200 21 3892 -24.6400 -20.1000 24 2753 -26.5600 -139.8700 71 4623 -40.2700 513.4500 103 4234 -181.1500 262.6300 7 2832 -33.2200 -35.7200 13 2663 -0.8200 -43.3300
3.9139859135e-01 5.9161348004e-01 2.9581576863e+00
24 17 5
4 55 8058 53.5800 122.6300 84 5012 -44.5800 -11.7200 103 4265 -113.9100 273.6600 5 2730 119.0800 216.1600
3.9664071651e-01 5.9668487527e-01 2.9585332358e+00
151 139 127
5 55 5246 113.0600 157.4299 84 5072 69.9600 23.4900 82 6082 182.3900 306.6600 23 2872 100.5600 -90.0000 24 2871 100.5600 -90.0000
3.8824675266e-01 6.0023234337e-01 2.9600839195e+00
91 74 57
6 55 22317 28.5200 206.9199 84 7404 -48.6100 77.6400 71 9584 72.1801 652.5900 103 6559 -130.6300 324.3600 7 4393 20.0200 31.6900 13 4495 64.5300 33.5000
4.1782276156e-01 6.0392780187e-01 2.9539120118e+00
90 80 63
15 55 8184 374.9900 172.9700 84 5191 447.3101 81.3800 82 6205 547.1600 371.9000 83 6842 545.4399 444.2900 96 7133 439.4900 582.1201 88 7429 331.1200 432.2600 21 2839 274.4600 60.5200 23 2975 299.5700 -56.3600 24 2974 299.5700 -56.3600 69 4560 515.7700 370.1801 71 4712 541.2300 615.5900 103 4387 77.2800 305.5800 72 4352 769.3799 1019.5200 5 2776 369.1400 240.4000 7 2083 250.9800 26.3600
4.1595994367e-01 6.0420189814e-01 2.9539324270e+00
145 137 119
12 55 5282 354.8199 182.6699 84 5211 418.9301 90.0900 82 6232 519.6899 380.7200 83 6867 517.7400 453.3101 88 7455 313.9100 440.1500 23 2988 282.8500 -52.6600 24 2987 282.8500 -52.6600 69 4573 488.8101 381.9000 71 4726 513.8000 627.9500 103 4405 65.3100 310.8100 72 2897 740.8401 1033.6799 5 2798 353.2700 247.2200
3.7835308634e-01 5.9712793637e-01 2.9593266571e+00
163 152 142
14 55 3592 -81.1600 218.1599 84 3461 -217.3000 87.3300 82 4011 -92.8300 361.2100 83 4422 -116.8200 452.8000 96 4659 -206.6800 584.3701 21 1900 -47.5800 53.1200 23 1329 -54.2500 -56.7700 24 1328 -54.2500 -56.7700 103 1967 -200.2000 333.5600 5 1868 13.6200 313.3000 7 1354 -54.9000 38.7700 13 1052 -25.5800 43.8600 65 4715 -44.8700 12.9800 108 6602 -40.1100 36.9300
3.7604362906e-01 5.9743886082e-01 2.9593865152e+00
95 85 68
11 55 2414 -106.6900 227.4199 84 2292 -250.3500 98.9100 82 4020 -125.7600 370.9700 83 2905 -151.3000 464.1100 96 4668 -239.5700 598.2700 88 3367 -123.4000 460.1700 23 1333 -72.2900 -51.0000 24 1332 -72.2900 -51.0000 103 1972 -215.3800 339.9700 5 1227 -6.6800 323.6500 65 3255 -53.6900 15.9700
3.7701730408e-01 6.0001221322e-01 2.9582759524e+00
189 179 170
18 55 2424 -86.7200 255.9800 84 2304 -223.0900 136.4900 82 2687 -100.8900 408.6500 83 2920 -123.9500 501.9199 96 3003 -212.2800 634.3701 21 1280 -49.5400 75.1200 23 2011 -58.1200 -31.9500 24 2007 -58.1200 -31.9500 69 2028 -106.3200 481.2800 71 2149 -85.7400 725.8201 80 1780 -32.5699 574.8799 103 1987 -203.4400 356.7300 5 1899 9.5700 343.0400 7 941 -58.9900 61.7000 13 1071 -29.5100 69.5100 19 1331 -56.2100 -16.6000 65 3263 -47.0200 25.7500 108 4442 -41.2200 50.5900
3.6206747898e-01 5.9704301673e-01 2.9602978322e+00
121 104 94
14 55 3618 -267.1100 271.5400 84 3502 -464.0800 134.5801 82 4050 -330.2700 399.7400 21 2857 -158.6000 70.5000 23 2007 -189.7300 -33.8200 24 2003 -189.7300 -33.8200 69 3083 -352.9900 502.6500 71 3276 -335.4800 746.7800 79 2874 -256.7500 565.3201 80 2686 -276.3500 595.3599 103 1991 -316.3400 367.1200 7 1390 -176.6700 65.1700 13 1770 -164.2200 73.0400 108 6660 -104.4400 53.2000
3.8431074376e-01 5.8964535726e-01 2.9651007876e+00
40 31 30
7 55 8001 -51.9000 92.0300 84 4929 -162.0699 -83.9800 24 2733 -22.5800 -148.2200 71 6476 -33.0000 497.8500 103 4224 -178.0800 255.3900 7 1983 -30.3000 -43.3200 13 2649 2.4900 -52.1300
3.9171861375e-01 5.9214284219e-01 2.9579197027e+00
211 202 195
3 55 5197 61.1900 125.0701 84 5035 -38.2000 -3.3900 5 2734 126.5700 218.8000
3.5071548496e-01 5.8542868127e-01 2.9654855348e+00
186 176 166
12 55 8183 -441.7300 172.3700 84 5027 -700.0000 -9.6700 21 3933 -265.2600 2.0500 23 2817 -321.4000 -110.1300 24 2816 -321.4000 -110.1300 69 4566 -594.2800 373.4100 71 6584 -576.4900 611.6400 79 5871 -492.5500 436.4399 80 5670 -512.9400 465.6500 5 2945 -303.1100 312.0700 7 2911 -292.8400 -0.8400 13 2751 -298.9800 -0.5900
3.5809380202e-01 5.9081222495e-01 2.9632709370e+00
154 146 129
12 55 8296 -336.9600 210.8401 84 5124 -552.0600 47.2500 88 7433 -324.7000 433.6500 23 2908 -239.6000 -81.0100 24 2907 -239.6000 -81.0100 71 4761 -429.4800 661.7500 79 4262 -349.2500 483.5701 103 4468 -357.6800 329.2400 72 4412 -255.6400 1071.7300 5 2977 -207.4200 327.9000 7 2992 -221.2800 24.7100 13 2822 -215.7600 26.5500
3.5494642802e-01 5.8950451762e-01 2.9637649726e+00
170 159 145
14 55 5315 -377.3700 207.2200 84 3438 -611.0400 38.4900 88 4957 -362.2500 427.9301 21 2790 -224.2100 24.9000 23 2897 -270.7100 -84.2100 24 2896 -270.7100 -84.2100 69 4602 -504.0300 417.4301 71 3259 -487.1400 657.5200 79 4261 -404.4100 480.2600 103 2950 -384.0000 327.3600 5 1892 -243.3500 331.4500 7 2073 -248.7300 21.9500 13 2813 -247.3400 24.1900 19 1947 -264.1000 -57.4900
4.2257400579e-01 6.0434949464e-01 2.9536845225e+00
99 90 76
12 55 8156 428.1500 160.3500 84 7392 525.4900 73.4800 82 9023 622.6600 366.1000 83 10104 624.0400 435.7400 96 10433 514.9200 575.8301 21 4093 313.9200 58.7600 23 4119 343.0200 -58.2200 24 4121 343.0200 -58.2200 71 6571 613.7400 602.8201 103 4365 108.5400 299.0300 72 6097 846.8301 1005.3301 5 4134 413.0800 230.2600
3.6078078105e-01 5.9151103375e-01 2.9627163470e+00
159 147 135
14 55 8290 -301.4400 209.5000 84 7330 -510.3100 51.0400 88 10817 -296.6900 434.1200 21 4022 -180.1300 31.5000 23 4060 -215.5500 -77.6200 24 4062 -215.5500 -77.6200 69 6535 -400.1800 420.7200 71 6633 -381.4600 661.9399 79 5920 -302.4400 483.3101 80 5736 -322.2800 513.4099 103 4467 -336.0500 328.8200 72 4413 -205.5100 1072.0200 5 4366 -175.7500 326.7100 7 3001 -198.8400 25.8400
4.1914016643e-01 6.0549677044e-01 2.9534142444e+00
183 168 148
9 55 5286 393.5400 185.1899 84 5230 472.0800 102.3800 82 6248 570.9200 393.4399 96 7169 464.0200 603.8501 88 7472 347.2000 444.3300 21 2858 286.2300 71.3900 103 4413 88.0600 313.3400 72 2901 798.6899 1040.6799 5 2801 385.3900 249.7700
3.6033323546e-01 5.9280078171e-01 2.9622379890e+00
189 178 167
10 55 8325 -302.3400 224.8700 84 7390 -513.9700 72.3400 82 8950 -373.6800 337.5699 88 7484 -298.1500 446.7700 21 4052 -181.9100 41.3200 23 2953 -216.4100 -66.2100 24 2952 -216.4100 -66.2100 103 4491 -337.0700 338.5700 72 4426 -206.5100 1096.0100 5 2996 -174.4500 340.2600
3.6035062065e-01 5.9276106193e-01 2.9621619088e+00
189 178 167
10 55 8326 -302.3400 224.8700 84 7391 -513.9700 72.3400 82 8951 -373.6800 337.5699 21 4053 -181.9100 41.3200 23 2954 -216.4100 -66.2100 24 2953 -216.4100 -66.2100 80 5753 -321.9500 534.2900 103 4492 -337.0700 338.5700 72 4427 -206.5100 1096.0100 5 2997 -174.4500 340.2600
4.1751546946e-01 6.0634738961e-01 2.9530924195e+00
105 96 79
14 55 8260 381.4301 200.1500 84 7496 451.8500 121.7900 83 10220 549.9700 485.4800 96 10525 444.4500 623.0701 21 4160 275.6600 80.6600 23 3007 300.1100 -34.9400 24 3006 300.1100 -34.9400 69 6520 521.9700 407.8199 71 6621 548.0500 654.7600 80 5723 594.6200 505.4000 103 4442 80.4300 322.5700 72 4408 780.2200 1063.5500 5 4219 374.5300 262.6900 19 3744 284.6100 -42.7000
4.1427977397e-01 6.0636202196e-01 2.9533127590e+00
182 172 154
15 55 13029 345.5000 211.0400 84 7511 396.7300 131.3101 82 9169 498.0200 419.7400 83 6912 497.0900 494.9099 96 10542 391.5000 631.4800 23 4201 271.7200 -31.1700 24 4203 271.7200 -31.1700 69 6533 475.9000 420.7000 71 6639 500.8199 667.8400 79 5924 565.9301 487.8401 80 5739 547.4301 518.3000 103 6580 59.5200 328.6800 72 4418 729.9700 1078.3201 5 4250 347.5900 272.4600 7 3059 228.4800 49.7600
3.9052702656e-01 6.0205458312e-01 2.9565346488e+00
146 136 126
10 55 3601 70.6500 236.7000 84 3496 -2.1899 130.3800 82 4055 110.6100 408.3101 83 4464 95.4500 494.9500 96 4695 2.7400 626.6099 88 5015 40.1300 476.7000 21 1921 53.3100 76.0200 103 1976 -106.3700 344.3900 5 1867 135.9400 313.8700 65 4729 6.8800 20.8100
3.5770547723e-01 5.9457946923e-01 2.9614911337e+00
125 112 96
17 55 5364 -323.5000 258.4299 84 5242 -545.1500 110.9000 83 6905 -442.1000 476.2000 88 7546 -322.0900 476.1300 21 2838 -191.2800 58.9500 23 1997 -230.4100 -46.2000 24 1993 -230.4100 -46.2000 69 4621 -439.7900 484.4199 71 3273 -414.2400 727.3800 79 2872 -333.3300 546.5901 80 2683 -353.3600 576.7100 103 4541 -355.3500 359.2500 5 3030 -200.1200 369.3100 7 2127 -218.2100 54.8100 13 1763 -205.8200 61.3900 19 2757 -229.7400 -21.5200 108 6641 -124.3000 47.4600
4.0624357595e-01 6.0618965878e-01 2.9538609197e+00
179 174 158
13 55 5339 257.4301 234.2000 84 3514 265.7500 151.0100 82 4064 370.1500 436.2200 83 4482 365.1200 515.4500 96 4714 264.2300 649.2700 88 5028 216.3600 484.5100 21 1947 183.5400 90.5700 23 2018 201.3400 -22.5600 24 2014 201.3400 -22.5600 103 2968 6.5000 342.7000 7 1380 168.2800 60.8400 65 4731 71.9400 21.6400 108 6643 83.6000 48.9000
3.5718303676e-01 5.9542124964e-01 2.9617015581e+00
189 181 173
5 55 5372 -328.0100 264.9500 84 5249 -544.9700 119.6500 21 2843 -194.5200 62.4200 103 2987 -354.2200 363.2700 13 1766 -209.8300 65.9600
3.5740573781e-01 5.9509984989e-01 2.9612556210e+00
189 181 173
17 55 5373 -328.0100 264.9500 84 5250 -544.9700 119.6500 82 6237 -404.3800 382.7800 83 4452 -440.9600 485.2800 88 5024 -321.9900 482.7700 21 2844 -194.5200 62.4200 69 3082 -436.6200 494.4900 71 3275 -420.7400 737.9800 79 2873 -339.1600 556.7700 80 2685 -360.0500 586.8701 103 2988 -354.2200 363.2700 5 1928 -197.8600 374.7900 7 1379 -217.1800 59.4500 13 1767 -209.8300 65.9600 19 1966 -228.7400 -16.2700 65 4739 -127.9900 26.5800 108 6652 -124.5600 50.1300
4.2803161731e-01 6.2647776145e-01 2.9443406373e+00
127 135 137
6 55 8569 568.7600 408.0801 84 3659 713.8899 423.0601 71 6822 788.2900 927.8101 79 6057 850.0400 739.9700 103 4627 189.7700 444.0300 19 2846 409.9200 103.1000
3.8073286158e-01 6.1920187188e-01 2.9502954344e+00
146 136 127
6 55 3743 19.5100 474.5601 84 3655 -72.1200 421.1799 23 2141 13.1900 105.9000 24 2137 13.1900 105.9000 65 4858 -9.4600 100.9300 108 6889 -1.6700 129.3800
3.8383611128e-01 5.8988735470e-01 2.9649277159e+00
219 215 205
7 55 8010 -56.0500 97.3301 84 4933 -168.1500 -77.5800 24 3922 -26.2000 -144.6300 71 4617 -38.4000 504.2900 103 4229 -180.7500 258.3700 7 4248 -33.3100 -40.0100 13 4291 -1.1200 -48.2800
3.9162433522e-01 5.9638728609e-01 2.9619627348e+00
51 40 49
5 55 8124 50.8200 147.3600 84 5046 -15.7000 0.9600 21 3963 48.4900 13.4500 71 6539 104.4500 571.8800 103 4324 -116.0000 288.6100
4.2278821774e-01 6.0360671945e-01 2.9538079481e+00
183 174 157
12 55 12836 428.5601 152.0500 84 7358 527.7000 61.5300 82 9003 624.3300 355.3400 83 10076 626.4500 423.3000 96 10400 516.6200 564.1001 21 4085 314.8500 52.9100 23 4102 344.6500 -64.6100 24 4104 344.6500 -64.6100 69 9395 589.5500 344.8700 71 9508 615.3401 590.4600 103 6454 108.9200 293.8800 72 6077 847.9700 991.1699
3.9939158602e-01 5.9869204163e-01 2.9573574231e+00
82 73 63
14 55 12875 156.8900 168.6300 84 10893 120.9200 50.2500 82 12750 230.8800 332.8101 83 15211 217.6400 413.4500 96 15186 122.6700 546.5400 21 5908 112.0300 40.8500 23 4074 130.1600 -73.2000 24 4076 130.1600 -73.2000 69 9421 225.2700 366.1000 80 8223 297.1100 461.4800 103 6478 -53.4100 303.7000 72 8880 454.0400 1013.8799 7 4351 104.7800 16.3300 19 5155 121.6900 -70.9000
3.5569880505e-01 5.8984895596e-01 2.9635440501e+00
82 72 59
14 55 13025 -368.1800 209.3600 84 10874 -596.0000 42.8700 88 10805 -352.7700 430.7400 21 4004 -217.3600 26.9000 23 4050 -263.4100 -82.6100 24 4052 -263.4100 -82.6100 69 6532 -490.6100 419.1899 71 6631 -473.0699 660.0601 79 5918 -391.4200 482.0000 80 5733 -411.5000 512.0200 103 4469 -377.3000 328.9000 5 6045 -234.6700 331.7600 13 4468 -239.8600 25.4200 19 3728 -257.1300 -56.2200
4.1054148972e-01 6.0323682467e-01 2.9546556400e+00
107 94 75
9 55 12940 294.1000 186.5701 84 10981 322.6600 91.5300 82 9061 425.9800 378.7100 21 5967 211.0400 63.6500 23 6361 234.3300 -51.4400 24 6375 234.3300 -51.4400 79 8507 498.8400 455.4700 80 8266 480.3500 485.4700 7 4400 195.7400 32.5400
4.1516907753e-01 6.0633400772e-01 2.9532514479e+00
176 167 150
15 55 13018 355.0100 207.9600 84 7506 411.9600 128.3500 82 9163 512.2200 417.5699 83 10233 511.8101 492.0100 96 10534 406.0900 628.8201 23 4187 279.3600 -32.5100 24 4189 279.3600 -32.5100 69 9490 488.4800 416.7600 71 9595 513.9399 663.7800 79 8535 579.6000 483.5500 80 5737 560.4399 514.2400 103 6570 64.8600 326.9500 72 6194 743.1599 1074.0801 5 5915 355.0700 269.5700 7 4462 235.2400 48.0900
3.6302906583e-01 5.9736229786e-01 2.9602493624e+00
117 105 94
12 55 13220 -255.5400 270.2600 84 11058 -448.7300 134.1400 96 22931 -431.1700 635.4399 21 4122 -151.7100 70.9900 23 4185 -181.1400 -33.5800 24 4187 -181.1400 -33.5800 69 6591 -335.9600 501.1300 71 6704 -318.6400 745.6799 103 4546 -308.2800 366.4100 5 6158 -133.4300 371.6800 7 3079 -168.9300 65.0100 13 4586 -155.6000 73.1200
4.2774187573e-01 6.2620541661e-01 2.9444876580e+00
251 246 252
7 55 13600 564.1100 406.5000 84 11624 709.3799 418.5701 69 9823 748.7400 665.1899 71 9896 782.3799 924.5901 79 8831 844.2000 736.6401 80 8669 825.2700 768.2900 103 6828 186.8100 442.6500
3.8396324269e-01 5.7149257091e-01 2.9645286703e+00
145 124 103
4 55 33425 -87.0300 -82.4301 84 10126 -271.0200 -309.9301 24 5525 -65.3900 -262.6100 13 6970 -46.5600 -168.6600
3.8371774510e-01 5.7160582004e-01 2.9643554875e+00
102 84 64
3 55 33449 -89.2600 -79.7400 84 15318 -274.7200 -305.6100 24 5532 -66.7600 -260.2300
3.9908068601e-01 5.9860800027e-01 2.9574749224e+00
182 172 161
6 55 22095 151.9900 168.6200 84 16548 115.3800 49.0400 83 23455 212.0400 412.4399 23 6283 126.8400 -74.2800 24 6297 126.8400 -74.2800 72 8879 447.2900 1012.5701
3.9868816264e-01 5.9877453816e-01 2.9571737258e+00
174 165 155
5 55 22115 148.9400 173.4099 84 10908 110.3800 55.7600 96 15196 112.4200 552.0000 23 6296 123.6400 -70.6800 24 6310 123.6400 -70.6800
3.6074890948e-01 5.9228474719e-01 2.9623339803e+00
106 99 81
12 55 22376 -298.9100 218.4199 84 10927 -509.2000 63.8000 82 17870 -368.9300 329.9000 23 6297 -214.2400 -70.3700 24 6311 -214.2400 -70.3700 69 15045 -396.0500 432.9800 71 9611 -378.1600 674.6300 79 13682 -299.3000 496.0200 80 8315 -319.2500 525.7600 72 14137 -202.8000 1086.4700 5 6063 -172.3000 335.0200 13 7932 -190.1200 35.7100
3.5738510412e-01 5.9451772723e-01 2.9615962051e+00
111 102 87
15 55 8390 -330.5000 258.5601 84 5241 -545.1500 110.9000 88 7545 -322.0900 476.1300 21 4095 -195.5200 58.3700 23 2996 -235.9300 -46.5900 24 2995 -235.9300 -46.5900 69 4620 -439.7900 484.4199 71 4782 -423.6100 727.8900 79 4281 -342.3200 546.9900 80 4049 -362.1200 577.0801 103 4540 -355.3500 359.2500 5 3029 -200.1200 369.3100 7 2126 -218.2100 54.8100 13 4567 -211.8500 61.2900 19 2756 -229.7400 -21.5200
3.7524290585e-01 6.1852058073e-01 2.9508585288e+00
91 82 72
8 55 13962 -42.4500 484.8700 84 7963 -156.2300 426.1799 82 9627 -46.3199 699.8501 83 10794 -59.1899 802.6799 96 10996 -147.8900 931.1499 21 6456 -14.5400 207.8400 103 7042 -178.0000 494.8500 7 3317 -33.9700 196.1000
3.9598624401e-01 6.5073532062e-01 2.9406189394e+00
175 166 155
5 55 15184 284.9500 786.0200 84 12236 298.6700 805.1700 88 12245 265.1400 1015.5500 24 7270 176.6300 270.4200 13 5281 237.4300 392.9700
3.9731594428e-01 6.5012258710e-01 2.9380827169e+00
74 59 46
8 55 9091 307.8500 798.9100 84 8297 322.3300 831.5500 21 6959 216.8400 401.3100 23 4750 189.0500 282.7900 24 4754 189.0500 282.7900 80 6256 466.5800 1241.3901 13 5303 251.5300 406.5200 19 4169 208.8000 334.3500
4.1578268664e-01 5.4921320446e-01 2.9740991970e+00
87 69 56
6 55 953 187.0601 -470.5100 84 726 155.9700 -906.3700 72 709 488.4399 108.6599 19 296 162.4800 -561.2600 65 1402 40.7200 -222.2000 108 2400 47.3000 -208.9200
4.0381919741e-01 5.4853102921e-01 2.9800602478e+00
161 149 132
8 55 1433 28.7700 -463.1400 84 730 -61.6400 -903.0699 21 417 13.8800 -424.7700 71 832 98.4100 -248.4800 103 1119 -124.5800 -72.9600 19 450 39.1100 -557.0601 65 2103 -9.4300 -219.0300 108 1487 -3.0900 -206.0300
4.1498995918e-01 5.4979920009e-01 2.9743026414e+00
156 143 135
8 55 2108 178.7100 -461.5200 84 1161 143.4000 -893.2000 71 1914 307.9000 -239.1100 79 1712 374.1700 -415.0400 80 1519 355.5400 -384.7400 72 1623 474.4000 118.9700 19 734 154.1600 -553.6300 65 2951 37.7700 -219.2500
4.1371350660e-01 5.4806806157e-01 2.9773802854e+00
146 139 120
3 55 3085 148.4600 -490.2700 84 1797 108.5800 -944.1799 65 4170 29.0600 -228.7700
4.1508358136e-01 5.4910093102e-01 2.9746570234e+00
54 36 24
9 55 4464 177.6600 -470.7900 84 1811 140.0200 -909.6500 21 1047 107.9400 -430.4300 71 2751 307.0699 -251.3300 79 2491 373.1200 -427.7100 80 2265 354.7100 -397.2400 72 2372 473.3600 106.6300 65 4192 37.4000 -222.3300 108 5542 43.4000 -209.4500
4.1160701926e-01 5.4816251741e-01 2.9793368929e+00
146 137 120
3 55 3083 118.3200 -490.5601 84 2684 69.9900 -948.3401 71 2717 223.6000 -282.6000
4.0843908550e-01 5.4938122910e-01 2.9813159340e+00
29 15 7
3 55 6905 77.9500 -476.4200 84 6063 20.1400 -923.6001 71 4048 165.7700 -266.4000
3.9872612000e-01 5.6204100010e-01 2.9688796153e+00
129 114 95
5 55 4683 38.4700 -249.5200 84 3027 -75.9600 -554.2600 21 2336 5.4000 -249.0300 23 1076 54.7300 -402.4900 24 1073 54.7300 -402.4900
4.0535541149e-01 5.4958443752e-01 2.9800550633e+00
105 93 76
3 55 10861 47.3200 -457.2300 84 6094 -33.1200 -892.8500 21 3354 27.9100 -420.1900
4.0065975206e-01 5.4917016730e-01 2.9799778527e+00
165 153 128
2 55 10903 -5.0500 -445.5601 84 8967 -116.6100 -874.8199
4.0474484116e-01 5.6094783788e-01 2.9680793377e+00
160 147 131
4 55 7319 104.0600 -276.8400 84 6479 21.3199 -593.1200 23 2333 115.3300 -422.8000 24 2331 115.3200 -422.7700
4.0693375003e-01 5.5193579462e-01 2.9792330339e+00
100 83 63
2 55 18526 71.6500 -433.7900 84 9032 7.7000 -853.8800
4.0283162707e-01 5.5322335960e-01 2.9783174533e+00
99 84 66
2 55 11113 32.5100 -402.1801 84 9137 -56.1100 -802.5000
4.0242304696e-01 5.6221060395e-01 2.9683786459e+00
166 153 139
6 55 11645 82.9000 -259.3101 84 9669 -12.2500 -566.5300 21 5209 35.4800 -255.0100 23 3539 94.3000 -407.4400 24 3539 94.3000 -407.4400 71 8865 165.9399 37.7100
4.0457594816e-01 5.4916036058e-01 2.9808624639e+00
39 29 26
3 55 30455 37.1700 -463.6300 84 21456 -48.4700 -903.2100 71 21644 108.8500 -249.5800
4.0125187492e-01 5.4846187759e-01 2.9806835389e+00
103 90 71
2 55 30492 -2.6400 -458.6100 84 13326 -110.3300 -896.2000
3.9121194637e-01 5.6255598583e-01 2.9687936396e+00
176 164 148
11 55 445 -36.1500 -221.6500 84 229 -203.1300 -512.1000 88 467 -80.3101 54.9600 21 137 -56.4900 -227.9400 23 94 -17.4000 -378.4200 24 94 -17.4300 -378.4400 103 234 -172.4100 72.7300 13 91 -4.2000 -284.9900 19 128 -22.7500 -359.9500 65 500 -35.8200 -137.2300 108 465 -33.9100 -118.7500
4.2020126600e-01 5.7893270320e-01 2.9619487499e+00
189 179 166
7 55 1032 331.0100 -123.8300 84 540 375.5100 -337.9000 88 975 266.9301 149.7200 71 907 502.7600 229.3101 103 515 51.2700 133.1800 19 521 260.6700 -276.8000 65 1013 92.5500 -103.1600
3.7890562760e-01 5.6536072621e-01 2.9678609874e+00
179 167 153
9 55 1020 -165.0100 -146.5699 84 523 -390.1899 -408.6100 88 956 -194.9800 119.9500 21 453 -143.1700 -175.9400 103 511 -253.6100 117.6600 7 204 -116.9500 -197.2500 13 234 -116.0600 -222.3300 19 313 -121.8300 -304.4200 65 1473 -79.1600 -112.2500
3.7795895940e-01 5.9980071016e-01 2.9582358622e+00
181 172 165
16 55 480 -75.3500 248.6699 84 598 -209.8000 131.2600 82 493 -86.9900 402.6400 83 515 -110.0400 496.1100 96 535 -198.2800 628.8201 88 691 -95.9500 481.7000 21 341 -43.3800 72.6200 69 552 -92.5900 474.0900 71 643 -72.8101 719.3000 80 508 -18.7800 567.8301 103 383 -196.5600 352.6800 5 250 17.7400 337.5900 7 239 -52.2600 58.7100 19 264 -49.0200 -20.4000 65 740 -43.0700 23.6100 108 714 -37.4300 48.3700
4.0153702749e-01 5.7109000744e-01 2.9648353380e+00
185 172 156
11 55 1015 104.5400 -150.7200 84 855 18.1600 -397.8500 88 1459 51.2700 120.3300 21 456 51.3900 -171.0500 24 307 103.1300 -306.5800 71 899 191.1300 188.9000 103 508 -85.7500 115.9500 13 238 121.3200 -220.7700 19 316 86.6000 -303.4500 65 1471 13.1500 -113.0600 108 1636 18.5700 -92.9400
3.9512989234e-01 5.6923256197e-01 2.9659850601e+00
182 170 154
10 55 1551 25.8700 -152.0400 84 849 -98.9000 -407.6000 88 1457 -19.4700 115.9301 21 454 -5.5800 -174.9900 24 306 36.3000 -313.9200 71 895 84.1899 183.2200 103 805 -133.5400 114.9600 13 351 52.4500 -224.9000 19 488 26.6000 -306.1000 108 1629 -9.5400 -93.5400
3.9195074452e-01 5.6834283097e-01 2.9664389383e+00
176 159 145
9 55 1548 -11.9900 -153.9000 84 845 -157.9301 -409.7100 21 451 -33.3600 -176.6000 24 304 2.5400 -317.2700 71 896 29.4200 183.1300 103 800 -157.1900 113.4400 13 230 19.2900 -226.6200 19 489 -3.1700 -307.2800 65 1467 -26.6400 -113.8900
3.8235754032e-01 5.6587929238e-01 2.9679502805e+00
168 158 144
9 55 1550 -126.1400 -153.3600 84 842 -329.6100 -416.3900 88 1450 -158.6300 113.5699 21 446 -114.1900 -180.8200 24 302 -97.0000 -324.2000 103 802 -228.4400 113.4800 19 484 -91.3400 -308.6800 65 1465 -65.6100 -114.4900 108 1627 -64.3100 -94.7800
4.0093272374e-01 5.7341911480e-01 2.9640489339e+00
192 185 169
11 55 1037 104.9000 -121.6200 84 875 19.6300 -352.9900 88 1488 52.5900 147.5900 21 469 52.7400 -150.2100 24 324 102.0900 -283.0600 71 914 190.9800 228.3800 103 519 -85.8200 133.6300 13 247 121.7900 -197.7600 19 514 86.1600 -280.8600 65 1500 13.4800 -102.8400 108 1668 18.8600 -81.8800
3.8211851223e-01 5.8560579463e-01 2.9664269571e+00
55 51 56
9 55 1072 -87.5600 54.1400 84 909 -216.0200 -139.4700 88 1529 -99.9301 300.8600 24 549 -51.1600 -177.5300 71 951 -80.3101 446.3600 103 557 -199.7700 232.8400 7 343 -54.0200 -69.1200 13 392 -27.6700 -81.2100 65 1552 -46.1500 -42.5300
3.6522918760e-01 5.9668860173e-01 2.9602233731e+00
181 172 157
16 55 1124 -231.8000 256.2600 84 947 -419.7300 120.3600 82 1127 -287.3200 386.8300 83 1264 -317.9100 484.3700 96 1275 -402.4300 620.8201 88 1594 -236.5700 479.0300 21 887 -139.5800 64.0200 23 576 -164.9700 -41.1300 24 575 -164.9700 -41.1300 69 876 -304.1800 482.3900 71 1004 -286.5900 726.1300 79 887 -208.9500 545.1200 80 812 -229.0500 575.4399 19 611 -160.1100 -19.4800 65 1614 -95.8200 24.4500 108 1809 -92.0500 48.2500
3.6127485522e-01 6.1106353508e-01 2.9546923974e+00
177 168 161
16 55 1182 -228.8500 445.2900 84 1552 -401.1500 352.3401 82 1843 -280.4900 616.6799 21 1326 -127.2700 168.5400 23 976 -159.6900 72.6000 24 974 -159.6900 72.6000 69 929 -300.8900 722.3000 71 1061 -287.2800 976.8799 79 940 -206.2400 784.1599 80 866 -226.4200 815.6899 103 974 -293.6800 472.2500 7 677 -151.4900 166.7500 13 727 -130.5400 184.5700 19 646 -156.0400 103.8400 65 1665 -93.8900 88.1600 108 1861 -89.3100 113.7100
3.9644071920e-01 5.7269756738e-01 2.9635636538e+00
89 69 57
10 55 2249 55.8700 -109.1700 84 1341 -58.4399 -338.1100 88 2215 5.7900 157.3500 21 787 15.9000 -143.1200 24 510 58.5200 -275.8100 71 2016 122.6400 244.5400 103 1240 -116.0200 141.1800 13 366 77.4900 -187.9800 65 2225 -3.5100 -98.7200 108 2653 0.9300 -77.9600
3.9783747664e-01 6.0381990177e-01 2.9553204487e+00
165 153 137
11 55 1693 157.1200 233.8900 84 1490 121.1700 137.6500 82 1789 229.9500 419.1700 83 1930 219.4700 502.4900 96 1928 123.2900 634.3301 88 2373 121.2700 479.3101 23 922 126.0200 -30.4900 24 920 126.0200 -30.4900 103 1380 -53.6400 342.7400 5 745 202.6000 302.9900 65 2343 37.2800 20.5900
3.6650803244e-01 5.9334519293e-01 2.9616259133e+00
174 166 155
16 55 1686 -229.1300 210.0300 84 1467 -417.0300 62.2000 96 1905 -399.5500 561.9500 88 2347 -233.3100 438.4900 21 1256 -139.0500 37.7400 23 895 -162.8500 -70.9200 24 893 -162.8500 -70.9200 69 1357 -299.9400 423.0699 71 1524 -281.0000 665.0900 80 1212 -223.9200 516.0601 103 1373 -291.2900 329.5400 72 1338 -101.8500 1075.4600 5 747 -110.8100 322.3200 7 915 -152.1100 29.2000 65 2322 -95.0900 8.8900 108 2848 -91.2200 32.4400
3.7608545905e-01 5.9842131981e-01 2.9589174110e+00
182 172 162
10 55 2418 -103.9700 240.8201 84 2301 -244.6500 115.3201 82 2681 -120.4400 386.9700 83 2913 -145.3100 480.1899 21 1273 -59.6200 65.0400 23 914 -69.4300 -42.6800 24 912 -69.4300 -42.6800 103 1388 -213.4500 347.7700 65 2347 -52.5500 20.5000 108 2863 -47.0400 45.1400
3.6699190674e-01 5.9539359617e-01 2.9607646550e+00
164 154 142
15 55 1695 -216.1900 233.2400 84 2291 -402.6000 93.5699 82 2674 -269.6900 361.6000 83 2903 -301.9200 459.9600 96 2992 -386.1300 594.4199 23 904 -153.1900 -54.9600 24 902 -153.1900 -54.9600 69 1363 -280.5600 453.1200 71 1529 -261.8500 696.2600 80 1218 -204.8000 546.2900 103 925 -283.4900 343.5300 5 756 -99.5300 338.4200 7 928 -142.0600 44.4800 13 681 -126.6400 49.7400 108 2857 -87.0000 40.7400
3.6018184600e-01 6.1058870091e-01 2.9551237408e+00
61 48 42
13 55 1750 -244.5500 442.0300 84 1545 -419.5699 344.6899 88 2423 -245.4400 650.2400 23 974 -168.7000 69.4900 24 972 -168.7000 69.4900 69 1416 -320.7200 720.3701 71 1583 -307.7300 974.7500 79 1367 -225.8300 782.9299 80 1282 -245.9300 814.3201 103 970 -303.0300 470.0900 19 980 -166.0700 103.4800 65 2373 -98.7200 87.8000 108 1848 -94.3900 112.0500
3.5914108490e-01 6.1322069125e-01 2.9539486262e+00
163 156 146
12 55 1773 -245.3500 479.3600 84 2394 -422.9800 390.7800 82 2746 -302.4000 655.3501 83 2009 -327.0000 764.5100 88 2454 -247.9700 682.2600 21 2023 -135.8700 185.3200 23 1408 -170.5400 91.8900 24 1407 -170.5400 91.8900 80 895 -247.2600 862.3701 103 987 -304.4800 493.6400 65 2406 -99.4800 99.2900 108 2944 -94.9000 125.3200
3.9422199067e-01 5.6323676398e-01 2.9684888841e+00
106 83 70
10 55 3232 -3.8200 -223.5200 84 2005 -147.6100 -513.8400 88 4404 -47.9301 54.0699 23 727 13.4100 -378.8100 24 726 13.4100 -378.8100 71 2903 43.8000 86.5300 103 1738 -151.2300 71.8900 13 504 26.8700 -286.6400 19 1100 3.9200 -360.8300 65 4345 -24.5300 -137.8400
3.9398886794e-01 5.6390276054e-01 2.9679921113e+00
181 175 161
12 55 3240 -1.5800 -213.4700 84 1251 -148.8600 -498.4600 88 2124 -49.5699 62.5100 21 1090 -30.6600 -220.8000 23 733 13.2500 -369.3800 24 732 13.2300 -369.3900 71 1968 45.4800 100.9199 103 1743 -150.6400 77.9300 13 506 27.0400 -277.9500 19 754 4.6300 -353.0500 65 3033 -24.1700 -134.4100 108 2554 -21.7200 -115.4900
3.8663814453e-01 5.6171651496e-01 2.9687086431e+00
189 179 166
8 55 3241 -91.6200 -212.2300 84 2008 -283.4100 -502.7500 88 3083 -128.9700 61.7900 21 1089 -94.3000 -222.4900 103 1744 -205.9700 77.8100 7 785 -62.3800 -242.3900 13 505 -51.6800 -279.1300 108 3969 -53.1200 -115.3900
3.7984485526e-01 5.6389783468e-01 2.9681720294e+00
166 152 136
9 55 3274 -159.9200 -165.7200 84 2039 -385.8700 -436.7800 88 4471 -191.1100 101.6801 24 1094 -128.1200 -337.2000 71 2951 -177.9900 163.0400 103 1766 -249.9800 106.1500 19 1111 -118.2400 -318.5700 65 4403 -77.5700 -118.5200 108 5956 -77.0300 -98.5000
3.7551600494e-01 5.9672187187e-01 2.9598742967e+00
174 164 152
12 55 2413 -116.6900 220.5601 84 2289 -262.1100 87.2500 82 2673 -136.4400 359.0200 23 1331 -78.5300 -56.9300 24 1330 -78.5300 -56.9300 103 1377 -221.0400 335.4000 72 1944 61.0500 1091.0701 5 1219 -14.7400 319.3200 7 1356 -77.6300 39.0700 13 1054 -51.1400 44.5700 65 3254 -56.9400 13.4800 108 4412 -51.5200 37.7700
3.7602893035e-01 5.9744156280e-01 2.9593679627e+00
95 85 68
9 55 2416 -106.6900 227.4199 84 2293 -250.3500 98.9100 82 4021 -125.7600 370.9700 83 2906 -151.3000 464.1100 96 4670 -239.5700 598.2700 88 3369 -123.4000 460.1700 103 1974 -215.3800 339.9700 5 1229 -6.6800 323.6500 65 3257 -53.6900 15.9700
3.8011525612e-01 6.0065896062e-01 2.9577801619e+00
179 173 162
12 55 2422 -48.5500 253.8301 84 2306 -170.7800 138.3401 82 2689 -52.6300 411.1700 83 2924 -72.7000 503.6699 96 3005 -160.8900 635.4500 88 2376 -71.7500 486.2700 21 1924 -25.8600 76.9600 103 1391 -180.5500 355.2500 5 1242 38.6700 338.1400 7 940 -34.8800 61.6300 13 1070 -1.0100 69.5700 108 4441 -27.8000 50.5500
3.6550813311e-01 5.9365545831e-01 2.9614907257e+00
98 85 70
