# Bundle file v0.3
120 25612
0 0 0
0 0 0
0 0 0
0 0 0
0 0 0
0 0 0
0 0 0
0 0 0
0 0 0
0 0 0
2.9049490199e+03 1.8133846711e-02 -5.0645802896e-02
5.9790275026e-01 -6.3393855160e-01 4.9054481347e-01
6.3511916353e-01 7.4802523818e-01 1.9256658890e-01
-4.8901528539e-01 1.9641831850e-01 8.4987286979e-01
-1.4778219849e+00 -1.2652533636e+00 -2.6879868686e+00
0 0 0
0 0 0
0 0 0
0 0 0
0 0 0
0 0 0
0 0 0
0 0 0
0 0 0
0 0 0
1.2118937735e+03 3.9669321684e-04 -2.2783156537e-02
5.7297746010e-01 -6.8096113940e-01 4.5605784375e-01
6.7964957635e-01 7.0576728616e-01 1.9992246285e-01
-4.5801013480e-01 1.9540845531e-01 8.6720369695e-01
-1.3043357691e+00 -1.2803447307e+00 -2.7593825716e+00
1.1033175959e+03 -2.3691624780e-03 8.6577970120e-02
6.1512024405e-01 -7.2024907705e-01 3.2073096571e-01
7.1346927030e-01 6.8162104641e-01 1.6234022740e-01
-3.3554237542e-01 1.2897292777e-01 9.3315448785e-01
-8.9109799439e-01 -1.1470558517e+00 -2.9377616424e+00
1.1054026285e+03 9.0806353396e-03 3.8140624626e-02
5.9968381957e-01 -7.6818777387e-01 2.2420272215e-01
7.1319551662e-01 6.4012313925e-01 2.8564754799e-01
-3.6294830433e-01 -1.1397836379e-02 9.3173956539e-01
-5.4996107515e-01 -1.5561829522e+00 -2.9169342163e+00
1.1280471811e+03 1.1857610810e-02 -4.6744181751e-02
5.4243288803e-01 -6.8205716704e-01 4.9047383505e-01
5.7027264750e-01 7.2765315398e-01 3.8119548136e-01
-6.1689194313e-01 7.2930846592e-02 7.8366154819e-01
-1.4045633625e+00 -1.8458734642e+00 -2.3629644342e+00
1.0863495854e+03 4.0510270864e-02 -9.0226167742e-02
5.8292263202e-01 -7.7820845944e-01 2.3365101912e-01
7.6526225462e-01 6.2247137515e-01 1.6402154975e-01
-2.7308402872e-01 8.3192432194e-02 9.5838621259e-01
-5.7277626626e-01 -1.1870420986e+00 -3.1498849353e+00
2.3814699566e+03 1.6912982969e-02 -4.9070068790e-02
6.0607785049e-01 -7.5807395308e-01 2.4081843951e-01
6.3041890007e-01 6.4243353883e-01 4.3571912813e-01
-4.8501716421e-01 -1.1226321684e-01 8.6726888597e-01
-5.8087689939e-01 -1.9957685474e+00 -2.5824267735e+00
0 0 0
0 0 0
0 0 0
0 0 0
0 0 0
7.9173611874e+02 8.5153136858e-02 -3.1744897244e-03
6.1415814523e-01 -7.7893144137e-01 1.2678951967e-01
7.7408578312e-01 6.2585855086e-01 9.5353419913e-02
-1.5362608186e-01 3.9583885113e-02 9.8733588156e-01
-2.6187057684e-01 -9.6900949107e-01 -3.2910914028e+00
1.1812640041e+03 -1.5758578340e-04 5.7303182777e-02
6.3720655945e-01 -7.5925768520e-01 1.3227081333e-01
6.8298319677e-01 6.3582645182e-01 3.5952562647e-01
-3.5707387685e-01 -1.3875334455e-01 9.2371302678e-01
-2.7807482303e-01 -1.7725864707e+00 -2.8100500331e+00
6.6102824995e+02 -1.4177284973e-01 1.7564227532e-01
6.3969865636e-01 -7.5029468049e-01 1.6686378119e-01
7.5337640620e-01 6.5508300505e-01 5.7360675370e-02
-1.5234703681e-01 8.9017688834e-02 9.8431002812e-01
-3.9619470127e-01 -8.2996450124e-01 -3.2254455330e+00
0 0 0
0 0 0
0 0 0
0 0 0
0 0 0
0 0 0
0 0 0
0 0 0
0 0 0
0 0 0
0 0 0
0 0 0
0 0 0
0 0 0
0 0 0
0 0 0
0 0 0
0 0 0
0 0 0
0 0 0
1.4704000578e+03 5.6551527653e-02 -1.7202272423e-01
6.1591583902e-01 -7.5399845011e-01 2.2832874651e-01
7.0009711666e-01 6.5675227920e-01 2.8025072881e-01
-3.6126403985e-01 -1.2758565688e-02 9.3237627196e-01
-5.7681289414e-01 -1.5538700957e+00 -2.9532539938e+00
0 0 0
0 0 0
0 0 0
0 0 0
0 0 0
1.0807403005e+03 -1.0462060881e-02 8.6571657434e-02
6.5457014342e-01 -7.5290082126e-01 -6.8397958244e-02
7.2404392705e-01 5.9830264235e-01 3.4321180029e-01
-2.1748176716e-01 -2.7417932363e-01 9.3676431371e-01
3.3670139196e-01 -1.7164189081e+00 -2.8468068961e+00
0 0 0
0 0 0
0 0 0
0 0 0
0 0 0
1.1281110449e+03 -1.7841167082e-02 1.1570064934e-01
5.9544207103e-01 -7.8892801281e-01 1.5179371083e-01
6.6114949254e-01 5.8852960768e-01 4.6531091692e-01
-4.5643191011e-01 -1.7670736116e-01 8.7203464378e-01
-3.0833154605e-01 -2.0813057560e+00 -2.5812634520e+00
1.1282759023e+03 -2.0404928630e-02 1.2444041197e-01
5.9544727809e-01 -7.8892769202e-01 1.5177495113e-01
6.6119374730e-01 5.8854154444e-01 4.6523292984e-01
-4.5636100573e-01 -1.7666903306e-01 8.7207951771e-01
-3.0827528458e-01 -2.0810880746e+00 -2.5814640397e+00
0 0 0
0 0 0
0 0 0
0 0 0
0 0 0
0 0 0
0 0 0
0 0 0
0 0 0
0 0 0
0 0 0
0 0 0
0 0 0
0 0 0
0 0 0
0 0 0
0 0 0
0 0 0
0 0 0
0 0 0
0 0 0
0 0 0
0 0 0
0 0 0
0 0 0
0 0 0
0 0 0
0 0 0
0 0 0
0 0 0
0 0 0
0 0 0
0 0 0
0 0 0
0 0 0
0 0 0
0 0 0
0 0 0
0 0 0
0 0 0
0 0 0
0 0 0
0 0 0
0 0 0
0 0 0
0 0 0
0 0 0
0 0 0
0 0 0
0 0 0
3.2266694321e+03 5.0744002788e-02 -1.5791077947e-02
6.0684550146e-01 -7.3172856733e-01 3.1034149111e-01
7.4981366410e-01 6.5656492939e-01 8.1865515512e-02
-2.6366267558e-01 1.8301857076e-01 9.4709355201e-01
-8.3992697924e-01 -9.4407982497e-01 -3.3087384443e+00
3.2029838803e+03 2.9486182271e-02 3.0586851926e-02
5.9139048098e-01 -7.2205301699e-01 3.5902192087e-01
7.5969768710e-01 6.4817791864e-01 5.2199712715e-02
-2.7040104147e-01 2.4187770969e-01 9.3186825803e-01
-1.0092482884e+00 -8.3882847762e-01 -3.2865651710e+00
0 0 0
0 0 0
0 0 0
0 0 0
0 0 0
3.1700907425e+03 6.5160804884e-02 -9.0149412340e-02
6.1225850522e-01 -7.1020423130e-01 3.4749024825e-01
7.7438629145e-01 6.2734374633e-01 -8.2253848213e-02
-1.5957880311e-01 3.1945230281e-01 9.3406896524e-01
-9.8538103714e-01 -3.6452099526e-01 -3.3792266046e+00
3.1884748150e+03 1.9793671386e-02 1.3990433916e-01
6.2419987762e-01 -7.4565739435e-01 2.3317281794e-01
7.7472519853e-01 6.2929950783e-01 -6.1506066443e-02
-1.0087308633e-01 2.1903693682e-01 9.7048824865e-01
-5.7139016871e-01 -4.3798990321e-01 -3.4656516464e+00
3.0863793592e+03 -4.1151973011e-02 2.9174134065e-01
5.9063868930e-01 -7.2146435060e-01 3.6143482055e-01
7.5882542666e-01 6.4894018889e-01 5.5322717715e-02
-2.7446294933e-01 2.4159019443e-01 9.3075467627e-01
-1.0100013846e+00 -8.3862859037e-01 -3.2019046794e+00
3.0799364971e+03 1.4375153433e-02 3.0233743084e-02
5.6097493316e-01 -7.5343334795e-01 3.4299462761e-01
7.7738416280e-01 6.2187235596e-01 9.4597232057e-02
-2.8457158641e-01 2.1357191550e-01 9.3456195574e-01
-9.1818384977e-01 -9.6299885338e-01 -3.1954677913e+00
0 0 0
0 0 0
0 0 0
0 0 0
0 0 0
0 0 0
0 0 0
0 0 0
0 0 0
0 0 0
0 0 0
0 0 0
0 0 0
0 0 0
0 0 0
0 0 0
0 0 0
0 0 0
0 0 0
0 0 0
0 0 0
0 0 0
0 0 0
0 0 0
0 0 0
0 0 0
0 0 0
0 0 0
0 0 0
0 0 0
0 0 0
0 0 0
0 0 0
0 0 0
0 0 0
0 0 0
0 0 0
0 0 0
0 0 0
0 0 0
0 0 0
0 0 0
0 0 0
0 0 0
0 0 0
0 0 0
0 0 0
0 0 0
0 0 0
0 0 0
0 0 0
0 0 0
0 0 0
0 0 0
0 0 0
0 0 0
0 0 0
0 0 0
0 0 0
0 0 0
0 0 0
0 0 0
0 0 0
0 0 0
0 0 0
-1.8260779856e+03 2.7698349164e-01 2.8160546074e+00
6.3197457099e-01 -7.7496804336e-01 -5.7160646247e-03
7.5615841235e-01 6.1821808363e-01 -2.1454802843e-01
1.6980164031e-01 1.3126664787e-01 9.7669671347e-01
1.6127522994e-01 2.1008380911e-02 -3.0378418909e+00
0 0 0
0 0 0
0 0 0
0 0 0
0 0 0
0 0 0
0 0 0
0 0 0
0 0 0
0 0 0
0 0 0
0 0 0
0 0 0
0 0 0
0 0 0
0 0 0
0 0 0
0 0 0
0 0 0
0 0 0
0 0 0
0 0 0
0 0 0
0 0 0
0 0 0
0 0 0
0 0 0
0 0 0
0 0 0
0 0 0
0 0 0
0 0 0
0 0 0
0 0 0
0 0 0
0 0 0
0 0 0
0 0 0
0 0 0
0 0 0
0 0 0
0 0 0
0 0 0
0 0 0
0 0 0
1.2966496160e+03 -2.8375796232e-02 -1.6540139508e-01
6.3785423534e-01 -7.5173010290e-01 1.6746291186e-01
7.5084942892e-01 6.5536722653e-01 8.1969100741e-02
-1.7136834462e-01 7.3455093657e-02 9.8246487961e-01
-4.0253627836e-01 -9.4425399759e-01 -3.4082267182e+00
0 0 0
0 0 0
0 0 0
0 0 0
0 0 0
0 0 0
0 0 0
0 0 0
0 0 0
0 0 0
2.5919266097e+03 1.1869825207e-02 2.3912713668e-02
6.2037785552e-01 -7.7834384514e-01 9.6499611986e-02
7.8390808749e-01 6.1144970250e-01 -1.0778391199e-01
2.4888285466e-02 1.4251357846e-01 9.8947989025e-01
-9.7713794289e-02 -2.7233509895e-01 -3.4501601051e+00
2.4849605173e+03 -4.1102827947e-03 5.5081282988e-02
6.0365295754e-01 -7.3046212766e-01 3.1941851372e-01
7.3564066927e-01 6.6477995694e-01 1.3000159446e-01
-3.0730426709e-01 1.5650140223e-01 9.3865403559e-01
-8.7017075956e-01 -1.0670190823e+00 -3.0688721309e+00
1.1435075450e+04 1.5327388488e-01 -6.7799665731e-03
5.9631022488e-01 -7.3123288883e-01 3.3122889065e-01
7.0197583547e-01 6.7515001336e-01 2.2672094275e-01
-3.8941499987e-01 9.7318660890e-02 9.1590667435e-01
-9.0559891021e-01 -1.3796692096e+00 -2.9311868550e+00
2.4846565126e+03 -1.0695368354e-02 4.6173873294e-02
5.9960365782e-01 -7.3472802545e-01 3.1725412866e-01
7.6513590623e-01 6.4250501977e-01 4.1884896702e-02
-2.3461137765e-01 2.1762818797e-01 9.4741515360e-01
-8.5778648857e-01 -7.7479098058e-01 -3.1600673261e+00
2.4831998173e+03 3.9758118583e-03 -7.4130888518e-03
6.2828818691e-01 -7.3559868512e-01 2.5327559819e-01
7.7386733468e-01 6.2435327670e-01 -1.0635945750e-01
-7.9895572551e-02 2.6282610283e-01 9.6152958205e-01
-6.5657330471e-01 -2.7892001285e-01 -3.2888331949e+00
9.6132352081e+02 -3.1258229688e-02 5.9554600024e-02
6.4251389541e-01 -6.8675379996e-01 3.3991927343e-01
7.5877686831e-01 6.3210403813e-01 -1.5716917348e-01
-1.0692781825e-01 3.5890625966e-01 9.2722852548e-01
-9.8810650866e-01 -1.1216713082e-01 -3.1713572698e+00
0 0 0
0 0 0
0 0 0
0 0 0
0 0 0
0 0 0
0 0 0
0 0 0
0 0 0
0 0 0
2.5729092519e+03 1.6256262605e-02 -1.7398212432e-03
6.1774252856e-01 -7.1707643001e-01 3.2279337342e-01
7.5907948182e-01 6.5096469437e-01 -6.5808022953e-03
-2.0540815146e-01 2.4909106808e-01 9.4644658123e-01
-8.9959715313e-01 -6.2959079245e-01 -3.2802827307e+00
2.5865557988e+03 2.0284134597e-02 -2.2103245448e-02
6.2572178132e-01 -7.3930321096e-01 2.4880316445e-01
7.6822949318e-01 6.3936363805e-01 -3.2211553122e-02
-1.3526159173e-01 2.1129339933e-01 9.6801828557e-01
-6.3909643316e-01 -5.3925006516e-01 -3.3593543717e+00
1.1588820478e+04 -1.3546671223e-02 -3.8400652731e-03
6.1130185417e-01 -7.0946455183e-01 3.5067091808e-01
7.6748992944e-01 6.3954899613e-01 -4.4003292580e-02
-1.9305245738e-01 2.9603569252e-01 9.3546438599e-01
-9.8747716200e-01 -4.9093292967e-01 -3.1786864281e+00
2.4845023010e+03 -5.2764277075e-03 4.2201290172e-02
6.1317530656e-01 -7.3374390078e-01 2.9263617598e-01
7.4263886415e-01 6.6171374390e-01 1.0306521524e-01
-2.6926485267e-01 1.5412595238e-01 9.5065326482e-01
-7.8208130761e-01 -9.7914377614e-01 -3.1232472596e+00
2.4823035220e+03 -5.9547019311e-03 2.9195006700e-02
6.0998121760e-01 -7.3372837803e-01 2.9927509326e-01
7.4677014959e-01 6.5860147295e-01 9.2619887270e-02
-2.6506085690e-01 1.6699331455e-01 9.4966097900e-01
-8.0284105056e-01 -9.4444284013e-01 -3.1285073044e+00
0 0 0
0 0 0
0 0 0
0 0 0
0 0 0
2.4785835175e+03 1.4821955083e-04 5.6668191636e-02
6.1823722931e-01 -7.8571268556e-01 2.0935712225e-02
7.7501485782e-01 6.1382298645e-01 1.5024417282e-01
-1.3089957392e-01 -7.6661053091e-02 9.8842722771e-01
9.0635844455e-02 -1.1238146549e+00 -3.1778746989e+00
2.4877184375e+03 -1.1244014781e-02 7.3709127036e-02
6.3911104227e-01 -7.6829177317e-01 3.5564405363e-02
7.5907087542e-01 6.3753885602e-01 1.3174070428e-01
-1.2388898960e-01 -5.7201034507e-02 9.9064603159e-01
2.4559013508e-02 -1.0665420920e+00 -3.1926229419e+00
-2.6093460524e+03 4.6275467855e-01 1.0048494602e+00
6.0956410556e-01 -7.6173362927e-01 2.1953013292e-01
7.8583133117e-01 5.4415012266e-01 -2.9388733039e-01
1.0440651401e-01 3.5165682427e-01 9.3028853469e-01
-5.4979815173e-01 2.8341362675e-01 -2.9762979103e+00
2.8723486093e+03 6.8097845757e-02 -4.8178302741e-02
6.4186805830e-01 -7.6259622287e-01 8.0326811241e-02
7.3034408062e-01 5.7605446937e-01 -3.6709504521e-01
2.3367267629e-01 2.9429279499e-01 9.2670860100e-01
-1.2578756581e-01 6.2590443562e-01 -3.3136806787e+00
0 0 0
0 0 0
0 0 0
0 0 0
0 0 0
0 0 0
0 0 0
0 0 0
0 0 0
0 0 0
2.4504889645e+03 3.8863895306e-02 -8.7671379122e-02
6.3674012678e-01 -7.6486898974e-01 9.7659815062e-02
7.7034266609e-01 6.3654148136e-01 -3.7244050562e-02
-3.3677704021e-02 9.8946303782e-02 9.9452272031e-01
-1.7353727323e-01 -5.2505884245e-01 -3.4141573001e+00
8.0944466103e+03 9.5863729312e-01 6.4165036738e-01
6.2297509881e-01 -7.7678363431e-01 9.2245388682e-02
7.8088726476e-01 6.1062082084e-01 -1.3174707923e-01
4.6012020056e-02 1.5410839896e-01 9.8698201371e-01
-1.4654762667e-01 -1.9194590777e-01 -3.7326306865e+00
0 0 0
0 0 0
0 0 0
0 0 0
0 0 0
0 0 0
0 0 0
0 0 0
0 0 0
0 0 0
0 0 0
0 0 0
0 0 0
0 0 0
0 0 0
0 0 0
0 0 0
0 0 0
0 0 0
0 0 0
0 0 0
0 0 0
0 0 0
0 0 0
0 0 0
0 0 0
0 0 0
0 0 0
0 0 0
0 0 0
8.7275392889e+05 -1.4249935995e-03 -8.2692334296e-20
6.1922060078e-01 -7.7731590739e-01 1.1111178014e-01
7.6396486631e-01 6.2909790697e-01 1.4350437797e-01
-1.8144842411e-01 -3.9753708820e-03 9.8339242717e-01
-2.0508056129e-01 -1.0910700837e+00 -6.3975326761e+01
0 0 0
0 0 0
0 0 0
0 0 0
0 0 0
0 0 0
0 0 0
0 0 0
0 0 0
0 0 0
0 0 0
0 0 0
0 0 0
0 0 0
0 0 0
0 0 0
0 0 0
0 0 0
0 0 0
0 0 0
0 0 0
0 0 0
0 0 0
0 0 0
0 0 0
0 0 0
0 0 0
0 0 0
0 0 0
0 0 0
6.9551177600e+05 5.3731800067e-04 -2.2079939601e-21
6.1040090254e-01 -7.8874052133e-01 -7.2795111110e-02
7.3795826375e-01 5.9966912002e-01 -3.0953925027e-01
2.8779912985e-01 1.3522328393e-01 9.4809615775e-01
3.6537963574e-01 3.6771700055e-01 -1.0968458816e+02
0 0 0
0 0 0
0 0 0
0 0 0
0 0 0
0 0 0
0 0 0
0 0 0
0 0 0
0 0 0
0 0 0
0 0 0
0 0 0
0 0 0
0 0 0
0 0 0
0 0 0
0 0 0
0 0 0
0 0 0
9.8792085982e+02 1.1573284166e-01 -1.8840215782e-01
6.4465631631e-01 -7.5808726230e-01 9.8599881227e-02
7.5063427260e-01 6.5212943346e-01 1.0618564317e-01
-1.4479786821e-01 5.5592045555e-03 9.8944563904e-01
-1.8381781548e-01 -1.0118039083e+00 -3.3074434517e+00
0 0 0
0 0 0
0 0 0
0 0 0
0 0 0
0 0 0
0 0 0
0 0 0
0 0 0
0 0 0
0 0 0
0 0 0
0 0 0
0 0 0
0 0 0
0 0 0
0 0 0
0 0 0
0 0 0
0 0 0
0 0 0
0 0 0
0 0 0
0 0 0
0 0 0
0 0 0
0 0 0
0 0 0
0 0 0
0 0 0
0 0 0
0 0 0
0 0 0
0 0 0
0 0 0
0 0 0
0 0 0
0 0 0
0 0 0
0 0 0
0 0 0
0 0 0
0 0 0
0 0 0
0 0 0
0 0 0
0 0 0
0 0 0
0 0 0
0 0 0
0 0 0
0 0 0
0 0 0
0 0 0
0 0 0
4.6279920795e-01 5.1277268911e-01 3.1451613220e+00
193 184 169
23 55 351 395.6801 135.1599 84 176 482.9700 34.5900 82 328 583.5000 328.1200 83 238 580.5699 396.5300 88 321 351.7700 397.9399 23 105 320.4300 -79.0000 24 105 320.4300 -79.0000 71 299 572.4500 567.3700 79 290 638.1300 389.8300 19 138 299.5400 -89.4000 21 113 291.5400 38.4900 72 205 799.9099 965.3899 5 96 389.1200 211.6800 65 517 120.8300 -11.1300 8 109 305.4400 -75.6300 35 314 375.9301 -31.0000 38 340 237.5000 509.8000 39 251 628.7100 452.1599 108 341 135.8700 14.6400 36 276 209.5400 78.8101 68 301 961.3601 663.9800 12 325 71.7300 33.3800 14 124 166.2000 147.2200
4.2184551920e-01 5.6200993232e-01 3.1341052946e+00
179 170 157
17 55 249 -278.7500 162.5400 84 173 -482.1900 -5.3900 96 246 -461.3700 494.9900 80 209 -291.5000 451.5500 88 317 -275.1200 392.2400 23 102 -198.9700 -105.6500 24 102 -198.9700 -105.6500 71 210 -349.2000 598.7700 19 140 -194.0500 -86.2800 21 154 -168.8400 6.2500 72 163 -172.3400 1001.7900 5 68 -155.6400 287.9900 65 375 -111.9300 -7.6000 8 79 -196.1800 -13.9300 108 343 -108.4500 14.9100 12 322 -143.4700 26.6000 14 89 -106.3400 151.9500
4.1675261291e-01 5.7113438697e-01 3.1325989979e+00
195 188 178
24 55 1116 -391.3700 190.1200 84 934 -630.2600 16.5100 80 806 -444.8300 486.1200 88 1581 -374.8200 411.9399 23 567 -282.0100 -96.8800 24 566 -282.0100 -96.8800 69 871 -524.7200 393.9700 71 639 -506.7700 633.7700 79 880 -425.1000 456.3500 19 603 -274.8900 -70.3000 21 882 -233.1200 14.5500 72 588 -335.7300 1040.6599 5 446 -256.6500 318.8800 7 375 -258.8600 10.3100 13 416 -258.9900 11.7000 65 1600 -149.2400 0.7100 8 280 -289.8200 13.1600 35 1291 -306.1100 -0.8200 39 1152 -63.8900 481.5601 108 1793 -145.9900 23.3800 10 391 -126.6500 -22.7800 9 677 -215.6700 6.5400 12 1542 -177.2800 32.4500 14 492 -149.5600 161.8500
4.1676951469e-01 5.7109230819e-01 3.1326199577e+00
195 188 178
20 55 1115 -391.3700 190.1200 84 933 -630.2600 16.5100 80 805 -444.8300 486.1200 88 1580 -374.8200 411.9399 23 566 -282.0100 -96.8800 24 565 -282.0100 -96.8800 69 870 -524.7200 393.9700 79 879 -425.1000 456.3500 19 602 -274.8900 -70.3000 21 881 -233.1200 14.5500 5 445 -256.6500 318.8800 7 374 -258.8600 10.3100 13 415 -258.9900 11.7000 65 1599 -149.2400 0.7100 8 279 -289.8200 13.1600 108 1792 -145.9900 23.3800 10 390 -126.6500 -22.7800 9 676 -215.6700 6.5400 12 1541 -177.2800 32.4500 14 491 -149.5600 161.8500
4.2860255649e-01 5.1735126002e-01 3.1368168375e+00
44 22 9
5 55 4884 150.5300 -96.7700 84 3241 87.8700 -311.2000 88 4663 94.7400 171.4600 103 2639 -58.1500 148.7600 14 2567 60.6800 55.3800
4.2828996838e-01 5.1830623688e-01 3.1366069568e+00
48 28 21
5 55 4901 140.6200 -92.5100 84 3248 73.2000 -305.6801 88 4682 84.6300 175.2300 103 2672 -64.2200 151.3700 14 2591 56.4700 56.9300
4.5202379507e-01 5.3564076107e-01 3.1405424917e+00
172 162 150
12 55 1689 143.4100 210.5400 84 1476 102.5900 104.7200 82 1777 212.7100 386.0200 83 1918 200.1000 469.1801 96 1916 105.1600 601.1001 88 2362 108.8400 456.6000 103 1371 -61.6600 328.5600 23 907 117.1800 -46.2200 24 905 117.1800 -46.2200 5 1206 193.4500 288.2500 2 1362 -142.9900 589.7600 70 139 803.6499 724.0000
4.5856728572e-01 5.8725471171e-01 3.1103102592e+00
108 102 95
2 55 2645 -292.8900 873.6799 84 1656 -567.7600 790.4600
4.1502934790e-01 5.4066053198e-01 3.1288014337e+00
157 142 127
3 55 12270 -144.3500 -30.1700 84 6907 -345.9800 -241.8800 103 6198 -240.4500 187.4100
4.4600029112e-01 5.3404184369e-01 3.1395974175e+00
151 139 127
7 55 5246 113.0600 157.4299 84 5072 69.9600 23.4900 82 6082 182.3900 306.6600 23 2872 100.5600 -90.0000 24 2871 100.5600 -90.0000 5 2782 168.2500 242.4400 2 3449 -211.9500 482.6300
4.6361047756e-01 5.1657502464e-01 3.1442675473e+00
159 149 139
19 55 5257 369.3500 168.8401 84 5170 441.7200 72.6600 82 9020 542.2000 363.9399 83 6824 540.3000 435.5200 88 7415 327.3101 427.8700 103 4374 74.6400 302.4100 23 2963 296.9300 -60.9300 24 2962 296.9300 -60.9300 69 4555 509.3600 363.3199 71 4706 534.2100 609.1300 79 4220 599.6500 430.2200 19 2721 279.6100 -66.5400 21 2835 272.4400 55.9100 72 4345 761.2400 1012.1299 5 2768 364.8900 236.0800 8 2192 282.4500 -53.4700 35 6933 352.7100 0.2100 68 6923 934.3301 695.6201 14 2982 155.3400 159.4600
4.4425617506e-01 5.4310344176e-01 3.1389154461e+00
91 74 57
4 55 22317 28.5200 206.9199 84 7404 -48.6100 77.6400 103 6559 -130.6300 324.3600 7 4393 20.0200 31.6900
4.6427532477e-01 5.1657320823e-01 3.1444900044e+00
90 80 63
19 55 8184 374.9900 172.9700 84 5191 447.3101 81.3800 82 6205 547.1600 371.9000 83 6842 545.4399 444.2900 80 3978 587.8800 467.1400 88 7429 331.1200 432.2600 103 4387 77.2800 305.5800 23 2975 299.5700 -56.3600 24 2974 299.5700 -56.3600 69 4560 515.7700 370.1801 71 4712 541.2300 615.5900 79 4224 606.3000 437.0800 21 2839 274.4600 60.5200 72 4352 769.3799 1019.5200 5 2776 369.1400 240.4000 7 2083 250.9800 26.3600 8 1543 286.3700 -49.9800 10 1644 1141.3899 -19.5800 14 3005 157.4500 161.5300
4.4674691995e-01 5.4000448226e-01 3.1388279533e+00
91 74 51
10 55 8273 71.2500 203.3900 84 5187 8.2800 79.8800 82 6193 122.4800 359.7100 23 2967 64.9600 -60.6300 24 2966 64.9600 -60.6300 71 6620 131.1899 650.5200 72 4403 330.2200 1059.5200 5 2867 133.7500 282.0700 2 3533 -291.8100 585.3900 70 747 359.1700 656.0900
4.6374108668e-01 5.1850480205e-01 3.1439379810e+00
145 137 119
16 55 5282 354.8199 182.6699 84 5211 418.9301 90.0900 82 6232 519.6899 380.7200 83 6867 517.7400 453.3101 80 3993 561.1000 478.8201 88 7455 313.9100 440.1500 103 4405 65.3100 310.8100 23 2988 282.8500 -52.6600 24 2987 282.8500 -52.6600 69 4573 488.8101 381.9000 71 4726 513.8000 627.9500 79 4238 580.0300 448.5699 72 2897 740.8401 1033.6799 5 2798 353.2700 247.2200 8 2219 270.9400 -43.3700 14 3026 149.0600 164.9100
4.3799821237e-01 5.5193425052e-01 3.1369564893e+00
163 152 142
17 55 3592 -81.1600 218.1599 84 3461 -217.3000 87.3300 82 4011 -92.8300 361.2100 83 4422 -116.8200 452.8000 96 4659 -206.6800 584.3701 103 1967 -200.2000 333.5600 23 1329 -54.2500 -56.7700 24 1328 -54.2500 -56.7700 21 1900 -47.5800 53.1200 5 1868 13.6200 313.3000 7 1354 -54.9000 38.7700 13 1052 -25.5800 43.8600 65 4715 -44.8700 12.9800 2 1373 -616.0000 679.6899 108 6602 -40.1100 36.9300 10 1082 379.1899 31.4700 70 209 -584.1700 761.8500
4.3721391093e-01 5.5432809632e-01 3.1365723638e+00
95 85 68
15 55 2414 -106.6900 227.4199 84 2292 -250.3500 98.9100 82 4020 -125.7600 370.9700 83 2905 -151.3000 464.1100 96 4668 -239.5700 598.2700 88 3367 -123.4000 460.1700 103 1972 -215.3800 339.9700 23 1333 -72.2900 -51.0000 24 1332 -72.2900 -51.0000 5 1227 -6.6800 323.6500 65 3255 -53.6900 15.9700 2 1381 -666.2200 710.2600 8 730 -58.1400 20.4900 10 1085 339.2100 45.9300 12 3307 -91.1900 50.4800
4.4047761097e-01 5.5460024823e-01 3.1367870715e+00
189 179 170
27 55 2424 -86.7200 255.9800 84 2304 -223.0900 136.4900 82 2687 -100.8900 408.6500 83 2920 -123.9500 501.9199 96 3003 -212.2800 634.3701 80 1780 -32.5699 574.8799 103 1987 -203.4400 356.7300 23 2011 -58.1200 -31.9500 24 2007 -58.1200 -31.9500 69 2028 -106.3200 481.2800 71 2149 -85.7400 725.8201 19 1331 -56.2100 -16.6000 21 1280 -49.5400 75.1200 5 1899 9.5700 343.0400 7 941 -58.9900 61.7000 13 1071 -29.5100 69.5100 65 3263 -47.0200 25.7500 2 1400 -616.3200 755.7900 8 1625 -43.9600 38.2200 35 2868 -45.3800 64.9199 38 2443 -181.7600 617.1799 108 4442 -41.2200 50.5900 10 2588 365.5500 86.8600 36 1710 -210.8000 174.3400 9 1435 -73.1200 48.0700 12 3340 -85.7500 60.1300 14 1740 -30.3000 189.1500
4.3833930723e-01 5.3264953616e-01 3.1387875683e+00
30 17 6
19 55 7993 71.7000 87.2600 84 7126 15.0699 -77.3000 82 8674 131.8199 208.4000 83 9822 110.9600 286.6500 96 10147 19.6400 419.9800 103 4217 -102.6300 252.5700 23 2745 73.8100 -143.6600 24 2743 73.8100 -143.6600 69 6381 113.2000 251.5000 71 6470 135.4500 492.0601 79 5757 203.0900 317.2800 19 2605 63.8000 -133.6900 21 3891 62.2800 -22.9900 72 4220 328.9500 884.5000 13 2651 101.8400 -51.7000 2 5290 -307.5800 354.9800 68 6775 630.6500 592.9299 9 2946 9.1100 -25.6100 70 621 385.2800 -45.1000
4.1423573398e-01 5.4983573615e-01 3.1020488398e+00
137 123 113
2 55 8061 -284.4500 124.0000 84 4947 -646.5600 -69.2500
4.6646893170e-01 5.1615726464e-01 3.1449133783e+00
183 168 148
8 55 5286 393.5400 185.1899 84 5230 472.0800 102.3800 82 6248 570.9200 393.4399 88 7472 347.2000 444.3300 103 4413 88.0600 313.3400 21 2858 286.2300 71.3900 72 2901 798.6899 1040.6799 5 2801 385.3900 249.7700
4.2479896565e-01 5.6735715795e-01 3.1337095457e+00
189 178 167
12 55 8325 -302.3400 224.8700 84 7390 -513.9700 72.3400 83 6828 -408.3000 436.1300 96 10431 -493.2800 574.4399 88 7484 -298.1500 446.7700 103 4491 -337.0700 338.5700 23 2953 -216.4100 -66.2100 24 2952 -216.4100 -66.2100 21 4052 -181.9100 41.3200 72 4426 -206.5100 1096.0100 5 2996 -174.4500 340.2600 8 2324 -212.5400 33.7800
4.2482971999e-01 5.6734744750e-01 3.1336882880e+00
189 178 167
12 55 8326 -302.3400 224.8700 84 7391 -513.9700 72.3400 96 10432 -493.2800 574.4399 80 5753 -321.9500 534.2900 103 4492 -337.0700 338.5700 23 2954 -216.4100 -66.2100 24 2953 -216.4100 -66.2100 21 4053 -181.9100 41.3200 72 4427 -206.5100 1096.0100 5 2997 -174.4500 340.2600 8 2325 -212.5400 33.7800 38 8774 -369.0600 587.7900
4.6675510816e-01 5.1797555056e-01 3.1446466532e+00
105 96 79
16 55 8260 381.4301 200.1500 84 7496 451.8500 121.7900 83 10220 549.9700 485.4800 80 5723 594.6200 505.4000 103 4442 80.4300 322.5700 23 3007 300.1100 -34.9400 24 3006 300.1100 -34.9400 69 6520 521.9700 407.8199 71 6621 548.0500 654.7600 19 3744 284.6100 -42.7000 21 4160 275.6600 80.6600 72 4408 780.2200 1063.5500 5 4219 374.5300 262.6900 8 2234 288.9700 -29.3300 68 6965 946.4399 728.8101 77 4999 504.2800 470.0500
4.6523031399e-01 5.2116143854e-01 3.1440431952e+00
182 172 154
16 55 13029 345.5000 211.0400 84 7511 396.7300 131.3101 82 9169 498.0200 419.7400 83 6912 497.0900 494.9099 80 5739 547.4301 518.3000 103 6580 59.5200 328.6800 23 4201 271.7200 -31.1700 24 4203 271.7200 -31.1700 69 6533 475.9000 420.7000 71 6639 500.8199 667.8400 79 5924 565.9301 487.8401 72 4418 729.9700 1078.3201 5 4250 347.5900 272.4600 7 3059 228.4800 49.7600 8 3083 264.3400 -21.0900 10 3897 1079.9800 39.5900
4.4918748929e-01 5.4241482878e-01 3.1392895766e+00
146 136 126
16 55 3601 70.6500 236.7000 84 3496 -2.1899 130.3800 82 4055 110.6100 408.3101 83 4464 95.4500 494.9500 96 4695 2.7400 626.6099 88 5015 40.1300 476.7000 103 1976 -106.3700 344.3900 21 1921 53.3100 76.0200 5 1867 135.9400 313.8700 65 4729 6.8800 20.8100 2 2220 -287.2100 662.7900 8 1599 71.9000 13.5700 10 2566 622.8700 65.3300 70 418 351.4301 874.2200 12 3332 -36.7900 58.0000 14 1720 32.7400 183.1100
4.6121788744e-01 5.2900387885e-01 3.1420458937e+00
179 174 158
12 55 5339 257.4301 234.2000 84 3514 265.7500 151.0100 82 4064 370.1500 436.2200 83 4482 365.1200 515.4500 88 5028 216.3600 484.5100 103 2968 6.5000 342.7000 23 2018 201.3400 -22.5600 24 2014 201.3400 -22.5600 21 1947 183.5400 90.5700 7 1380 168.2800 60.8400 65 4731 71.9400 21.6400 108 6643 83.6000 48.9000
4.2603660997e-01 5.7148895700e-01 3.1333891726e+00
189 181 173
5 55 5372 -328.0100 264.9500 84 5249 -544.9700 119.6500 103 2987 -354.2200 363.2700 21 2843 -194.5200 62.4200 13 1766 -209.8300 65.9600
4.9431050861e-01 5.1729240895e-01 3.1481341935e+00
127 135 137
13 55 8569 568.7600 408.0801 84 3659 713.8899 423.0601 103 4627 189.7700 444.0300 19 2846 409.9200 103.1000 35 19433 522.7200 212.8201 38 14709 397.3700 757.0701 39 16736 790.3400 709.4299 10 2699 1345.9700 312.4500 36 17765 353.7400 322.7900 41 3596 536.2400 441.9199 77 5125 684.8401 671.4700 40 2598 509.3300 504.2700 76 6772 481.9500 579.7100
4.6337095100e-01 5.6026671187e-01 3.1375665476e+00
146 136 127
6 55 3743 19.5100 474.5601 84 3655 -72.1200 421.1799 65 4858 -9.4600 100.9300 8 1731 24.2600 166.0200 108 6889 -1.6700 129.3800 9 2168 -27.6000 151.2500
4.4964018654e-01 5.3214305799e-01 3.1411071214e+00
82 73 63
18 55 12875 156.8900 168.6300 84 10893 120.9200 50.2500 82 12750 230.8800 332.8101 83 15211 217.6400 413.4500 96 15186 122.6700 546.5400 80 8223 297.1100 461.4800 103 6478 -53.4100 303.7000 23 4074 130.1600 -73.2000 24 4076 130.1600 -73.2000 69 9421 225.2700 366.1000 19 5155 121.6900 -70.9000 21 5908 112.0300 40.8500 72 8880 454.0400 1013.8799 7 4351 104.7800 16.3300 35 18521 166.4900 -5.5100 36 12505 0.7700 103.9800 68 11671 714.5601 679.6299 70 1021 894.2400 476.7100
4.6006272114e-01 5.2337322812e-01 3.1429985327e+00
107 94 75
10 55 12940 294.1000 186.5701 84 10981 322.6600 91.5300 82 9061 425.9800 378.7100 80 8266 480.3500 485.4700 23 6361 234.3300 -51.4400 24 6375 234.3300 -51.4400 79 8507 498.8400 455.4700 21 5967 211.0400 63.6500 7 4400 195.7400 32.5400 68 11721 855.3700 708.1099
4.6564727362e-01 5.2028099187e-01 3.1441454764e+00
176 167 150
15 55 13018 355.0100 207.9600 84 7506 411.9600 128.3500 82 9163 512.2200 417.5699 83 10233 511.8101 492.0100 80 5737 560.4399 514.2400 103 6570 64.8600 326.9500 23 4187 279.3600 -32.5100 24 4189 279.3600 -32.5100 69 9490 488.4800 416.7600 71 9595 513.9399 663.7800 79 8535 579.6000 483.5500 72 6194 743.1599 1074.0801 5 5915 355.0700 269.5700 7 4462 235.2400 48.0900 8 3075 271.0600 -23.6100
4.9392112127e-01 5.1744624016e-01 3.1479603958e+00
251 246 252
12 55 13600 564.1100 406.5000 84 11624 709.3799 418.5701 103 6828 186.8100 442.6500 69 9823 748.7400 665.1899 79 8831 844.2000 736.6401 35 31355 519.0200 212.9299 38 14710 393.6200 756.8500 10 6007 1338.7800 306.6599 36 17761 350.9700 321.9299 41 5536 531.4800 440.6300 77 16417 680.8999 670.3201 76 14987 477.4900 578.9099
4.7525903774e-01 5.6652105653e-01 3.1657280450e+00
75 71 59
2 55 8708 40.8000 466.4700 84 7938 40.6400 418.2400
4.1480689023e-01 5.3280504697e-01 3.1255902966e+00
145 124 103
2 55 33425 -87.0300 -82.4301 84 10126 -271.0200 -309.9301
4.1486777787e-01 5.3308868832e-01 3.1254001917e+00
102 84 64
2 55 33449 -89.2600 -79.7400 84 15318 -274.7200 -305.6100
4.4935300643e-01 5.3239982469e-01 3.1409305711e+00
182 172 161
8 55 22095 151.9900 168.6200 84 16548 115.3800 49.0400 83 23455 212.0400 412.4399 23 6283 126.8400 -74.2800 24 6297 126.8400 -74.2800 72 8879 447.2900 1012.5701 2 13370 -127.3200 507.3900 70 1457 866.0400 470.8900
4.4955043799e-01 5.3298457910e-01 3.1408565122e+00
174 165 155
7 55 22115 148.9400 173.4099 84 10908 110.3800 55.7600 96 15196 112.4200 552.0000 23 6296 123.6400 -70.6800 24 6310 123.6400 -70.6800 2 13385 -134.1400 520.0801 70 1024 844.1299 503.1000
4.2452708958e-01 5.6675454153e-01 3.1338007317e+00
106 99 81
13 55 22376 -298.9100 218.4199 84 10927 -509.2000 63.8000 96 22693 -488.5300 565.7100 80 8315 -319.2500 525.7600 23 6297 -214.2400 -70.3700 24 6311 -214.2400 -70.3700 69 15045 -396.0500 432.9800 71 9611 -378.1600 674.6300 79 13682 -299.3000 496.0200 72 14137 -202.8000 1086.4700 5 6063 -172.3000 335.0200 13 7932 -190.1200 35.7100 8 3157 -210.2200 28.6400
4.6007485088e-01 5.6534647626e-01 3.1365092488e+00
91 82 72
10 55 13962 -42.4500 484.8700 84 7963 -156.2300 426.1799 82 9627 -46.3199 699.8501 83 10794 -59.1899 802.6799 103 7042 -178.0000 494.8500 21 6456 -14.5400 207.8400 7 3317 -33.9700 196.1000 2 9469 -483.5300 1149.1899 8 3427 -18.9400 178.9500 10 6215 392.1100 385.4399
4.6225142883e-01 6.0972641257e-01 3.1395028235e+00
157 163 156
2 55 15416 -419.8400 840.1000 84 8240 -582.0400 748.7300
3.9770718196e-01 5.0406026401e-01 3.1403123715e+00
105 93 76
2 55 10861 47.3200 -457.2300 84 6094 -33.1200 -892.8500
3.9559558404e-01 5.0820380704e-01 3.1380845204e+00
165 153 128
2 55 10903 -5.0500 -445.5601 84 8967 -116.6100 -874.8199
4.4072305105e-01 5.5356765351e-01 3.1369480210e+00
181 172 165
21 55 480 -75.3500 248.6699 84 598 -209.8000 131.2600 82 493 -86.9900 402.6400 83 515 -110.0400 496.1100 96 535 -198.2800 628.8201 80 508 -18.7800 567.8301 88 691 -95.9500 481.7000 103 383 -196.5600 352.6800 69 552 -92.5900 474.0900 71 643 -72.8101 719.3000 19 264 -49.0200 -20.4000 21 341 -43.3800 72.6200 5 250 17.7400 337.5900 7 239 -52.2600 58.7100 65 740 -43.0700 23.6100 2 355 -596.0600 742.2700 8 162 -35.8800 33.2800 108 714 -37.4300 48.3700 10 250 382.7500 78.7300 9 284 -68.2600 46.0400 14 205 -26.1200 186.5600
4.2390860751e-01 5.1906780824e-01 3.1358927278e+00
192 185 169
8 55 1037 104.9000 -121.6200 84 875 19.6300 -352.9900 88 1488 52.5900 147.5900 103 519 -85.8200 133.6300 65 1500 13.4800 -102.8400 108 1668 18.8600 -81.8800 12 926 -29.5200 -55.1300 14 433 41.7100 45.0400
4.3134747242e-01 5.6455229665e-01 3.1346273110e+00
181 172 157
21 55 1124 -231.8000 256.2600 84 947 -419.7300 120.3600 82 1127 -287.3200 386.8300 83 1264 -317.9100 484.3700 96 1275 -402.4300 620.8201 80 812 -229.0500 575.4399 88 1594 -236.5700 479.0300 23 576 -164.9700 -41.1300 24 575 -164.9700 -41.1300 69 876 -304.1800 482.3900 71 1004 -286.5900 726.1300 79 887 -208.9500 545.1200 19 611 -160.1100 -19.4800 21 887 -139.5800 64.0200 65 1614 -95.8200 24.4500 2 572 -940.1100 812.8000 38 1108 -308.6100 615.8800 39 1163 72.5400 544.6200 108 1809 -92.0500 48.2500 12 1009 -130.0400 56.4700 14 502 -87.6300 188.4400
4.3681490905e-01 5.3491215783e-01 3.1265774604e+00
48 42 46
2 55 1651 54.9500 114.3101 84 1451 -72.4000 -7.5699
4.5465548588e-01 5.3607331686e-01 3.1405362487e+00
165 153 137
12 55 1693 157.1200 233.8900 84 1490 121.1700 137.6500 82 1789 229.9500 419.1700 83 1930 219.4700 502.4900 88 2373 121.2700 479.3101 103 1380 -53.6400 342.7400 23 922 126.0200 -30.4900 24 920 126.0200 -30.4900 5 745 202.6000 302.9900 65 2343 37.2800 20.5900 2 884 -112.8900 626.7200 70 144 878.7500 856.7700
4.2829350512e-01 5.6162290434e-01 3.1348058510e+00
174 166 155
24 55 1686 -229.1300 210.0300 84 1467 -417.0300 62.2000 83 1908 -314.8200 426.3400 96 1905 -399.5500 561.9500 80 1212 -223.9200 516.0601 88 2347 -233.3100 438.4900 103 1373 -291.2900 329.5400 23 895 -162.8500 -70.9200 24 893 -162.8500 -70.9200 69 1357 -299.9400 423.0699 71 1524 -281.0000 665.0900 21 1256 -139.0500 37.7400 72 1338 -101.8500 1075.4600 5 747 -110.8100 322.3200 7 915 -152.1100 29.2000 65 2322 -95.0900 8.8900 2 895 -946.7200 722.7900 8 728 -153.9700 17.7600 35 1949 -166.0699 23.0200 38 1691 -304.8700 576.1100 39 1748 76.4200 505.8900 108 2848 -91.2200 32.4400 12 2281 -128.8600 42.0800 14 1120 -86.5500 171.1000
4.3836327916e-01 5.5487596235e-01 3.1364381562e+00
182 172 162
14 55 2418 -103.9700 240.8201 84 2301 -244.6500 115.3201 82 2681 -120.4400 386.9700 83 2913 -145.3100 480.1899 96 1921 -233.1200 613.1499 103 1388 -213.4500 347.7700 23 914 -69.4300 -42.6800 24 912 -69.4300 -42.6800 21 1273 -59.6200 65.0400 65 2347 -52.5500 20.5000 2 897 -657.3800 734.7200 108 2863 -47.0400 45.1400 12 2302 -90.1000 54.7200 14 1133 -37.2300 183.1200
4.3072426087e-01 5.6215342222e-01 3.1349790054e+00
164 154 142
21 55 1695 -216.1900 233.2400 84 2291 -402.6000 93.5699 82 2674 -269.6900 361.6000 83 2903 -301.9200 459.9600 96 2992 -386.1300 594.4199 80 1218 -204.8000 546.2900 103 925 -283.4900 343.5300 23 904 -153.1900 -54.9600 24 902 -153.1900 -54.9600 69 1363 -280.5600 453.1200 71 1529 -261.8500 696.2600 5 756 -99.5300 338.4200 7 928 -142.0600 44.4800 13 681 -126.6400 49.7400 2 899 -910.1900 761.7600 8 739 -142.9400 33.0200 35 1960 -154.0800 43.2300 38 1700 -292.3800 596.8700 39 1761 88.5500 526.6300 108 2857 -87.0000 40.7400 12 2292 -125.2000 49.8600
4.3609892764e-01 5.5446458695e-01 3.1365161182e+00
174 164 152
19 55 2413 -116.6900 220.5601 84 2289 -262.1100 87.2500 82 2673 -136.4400 359.0200 83 2901 -163.1500 451.6000 96 2991 -249.8100 584.7200 103 1377 -221.0400 335.4000 23 1331 -78.5300 -56.9300 24 1330 -78.5300 -56.9300 72 1944 61.0500 1091.0701 5 1219 -14.7400 319.3200 7 1356 -77.6300 39.0700 13 1054 -51.1400 44.5700 65 3254 -56.9400 13.4800 2 1378 -688.3500 699.3900 8 1038 -65.6500 16.4300 108 4412 -51.5200 37.7700 10 1084 324.3000 36.0100 70 210 -792.8300 783.8300 14 1128 -41.9600 175.2100
4.3721237836e-01 5.5433139724e-01 3.1365541778e+00
95 85 68
13 55 2416 -106.6900 227.4199 84 2293 -250.3500 98.9100 82 4021 -125.7600 370.9700 83 2906 -151.3000 464.1100 96 4670 -239.5700 598.2700 88 3369 -123.4000 460.1700 103 1974 -215.3800 339.9700 5 1229 -6.6800 323.6500 65 3257 -53.6900 15.9700 2 1382 -666.2200 710.2600 10 1087 339.2100 45.9300 12 3309 -91.1900 50.4800 14 1714 -38.3100 178.0600
4.4268776148e-01 5.5193834633e-01 3.1372284255e+00
179 173 162
16 55 2422 -48.5500 253.8301 84 2306 -170.7800 138.3401 82 2689 -52.6300 411.1700 83 2924 -72.7000 503.6699 96 3005 -160.8900 635.4500 88 2376 -71.7500 486.2700 103 1391 -180.5500 355.2500 21 1924 -25.8600 76.9600 5 1242 38.6700 338.1400 7 940 -34.8800 61.6300 13 1070 -1.0100 69.5700 2 1388 -539.7100 738.6899 108 4441 -27.8000 50.5500 10 1683 423.3400 84.4199 9 1441 -55.5500 48.7400 70 149 -394.0100 973.1699
4.2817035361e-01 5.6276252349e-01 3.1346520564e+00
98 85 70
30 55 3594 -238.9600 218.4199 84 2284 -430.1801 71.8400 82 2672 -295.0300 338.8900 83 2891 -327.7200 436.2800 96 2986 -412.6200 571.8301 80 1766 -238.3700 525.4099 103 1378 -297.9500 334.4700 23 897 -170.6600 -66.4100 24 895 -170.6600 -66.4100 69 2018 -314.5800 432.3900 71 2138 -295.8900 674.3000 79 1914 -218.7800 495.6000 19 931 -166.1500 -46.8200 21 1261 -145.1600 41.7100 72 1343 -117.2700 1085.7100 5 1237 -119.7700 329.3900 7 604 -159.2800 33.4500 13 675 -146.0200 37.6600 65 3252 -98.4800 11.6200 2 1393 -966.7400 742.7500 8 734 -161.9900 24.4300 35 1952 -175.8500 27.8900 38 2434 -314.7300 580.4500 39 2563 66.4800 509.2800 108 2851 -94.7500 34.9800 36 2443 -343.1400 135.8000 68 1987 326.2700 698.9600 9 967 -145.0900 24.7200 12 2283 -132.0400 44.4200 14 1126 -90.4700 173.7300
4.4003276742e-01 5.7309777682e-01 3.1335053162e+00
163 153 141
9 55 2454 -247.0500 391.1500 84 2344 -421.8800 281.2200 88 2404 -246.0000 601.8901 103 1415 -302.9500 438.0000 23 1381 -170.0900 36.4400 24 1380 -170.0900 36.4400 21 1964 -136.6500 134.5100 2 1463 -938.5600 1052.8701 38 2489 -323.1800 737.3600
4.7366896260e-01 5.6952201023e-01 3.1651149395e+00
115 106 97
2 55 3744 10.9800 474.5801 84 2412 -0.5400 424.9199
4.1734432769e-01 5.2352776705e-01 3.1327977645e+00
171 156 139
4 55 3296 22.4700 -140.1600 84 4516 -106.2800 -386.0300 88 6674 -23.6100 128.9900 103 2555 -135.9900 122.3100
4.1724322289e-01 5.2439320394e-01 3.1337532351e+00
30 14 8
7 55 3301 14.8600 -136.3600 84 2065 -115.8400 -382.7700 88 4541 -29.9900 131.9900 103 1775 -140.5400 123.7700 65 4430 -17.2200 -108.4300 108 4062 -13.6000 -88.5100 14 1474 4.6000 38.6100
4.3941403569e-01 5.4132492985e-01 3.1377435103e+00
159 148 132
15 55 3563 9.6500 157.2900 84 3424 -72.6801 9.9600 88 3345 -8.3400 400.0900 103 1942 -140.7300 294.2700 24 1929 22.5900 -98.7900 19 1932 17.4300 -85.8200 72 2874 241.4900 986.8000 65 4698 -12.2300 -6.3800 2 2164 -427.8700 509.2300 38 3655 -95.9500 529.6100 39 3826 285.0200 464.6400 36 2438 -125.4100 91.1100 68 2890 568.9800 657.5601 41 1637 -37.9500 138.8500 70 200 -7.9800 368.4199
4.5006635567e-01 5.3658055026e-01 3.1402194733e+00
166 157 146
9 55 3585 123.9900 202.0500 84 3462 73.9301 91.0601 82 4019 185.0200 371.1400 83 4423 171.0300 454.4399 96 4660 77.1000 587.0400 88 4979 89.3600 447.2200 103 1957 -73.6100 323.2200 2 2195 -181.5900 580.2800 12 3303 -17.9200 47.7100
4.4799876411e-01 5.4505664283e-01 3.1386648311e+00
156 146 134
10 55 3604 41.9500 245.7600 84 3507 -43.8600 138.8800 82 4057 70.6400 415.4399 83 4475 54.6899 504.0901 96 4702 -37.5300 635.1699 103 1979 -124.0500 350.0300 21 1927 34.6000 79.1300 65 4736 -2.9200 23.5500 2 2227 -346.1500 689.9900 8 1609 50.5500 21.6700
4.3772199457e-01 5.5338431589e-01 3.1368851525e+00
180 173 167
14 55 3597 -95.4700 225.4800 84 3468 -236.9800 95.9301 82 4016 -111.3700 368.9100 83 4430 -134.9200 462.1200 96 4663 -225.2700 593.5400 88 4985 -115.1900 456.6700 103 1970 -208.0500 338.6400 72 1945 91.2000 1099.0500 5 1226 3.9100 322.1300 13 1755 -37.3400 48.5000 65 4721 -49.9300 15.1900 2 2234 -645.3500 702.5200 70 211 -665.5500 814.1000 14 1712 -33.7300 177.6100
4.4689944830e-01 5.4666427526e-01 3.1383367091e+00
145 134 125
11 55 3607 20.8300 248.6400 84 3511 -72.0500 140.4099 83 4478 26.0699 505.2500 96 4710 -65.2100 636.6401 103 1982 -136.6900 352.0100 71 2145 61.3000 715.8500 21 1929 20.8400 79.2500 5 1883 95.9400 327.6200 2 2235 -388.9100 703.1899 8 1045 35.2600 25.2500 108 6646 -2.2500 49.6500
4.4613195473e-01 5.4752789164e-01 3.1380960605e+00
136 128 117
16 55 3608 8.7300 249.0300 84 3512 -88.2500 139.7100 82 4060 27.3700 414.6000 83 4479 10.3600 504.8101 96 4704 -80.7300 635.9600 88 3387 -17.7300 485.0100 103 1983 -144.7800 352.1900 69 2024 21.2100 470.8800 5 1235 85.6000 328.8500 13 1068 45.1000 68.5600 2 2236 -413.1700 707.7100 8 1047 26.0900 26.2400 108 6647 -6.9500 49.6300 10 1681 519.6600 80.0600 9 1437 -28.6600 48.4500 70 217 -33.7700 943.4600
4.4238726365e-01 5.5049515149e-01 3.1375657932e+00
146 139 129
10 55 3603 -40.5200 240.7200 84 3489 -158.2400 122.8301 82 4043 -38.3199 396.4399 83 4453 -59.7200 487.6300 96 4688 -148.6801 619.8201 88 5013 -63.3800 474.9100 5 1884 46.6400 327.1800 65 4730 -31.1100 21.0200 2 2239 -521.2900 710.1001 70 419 -328.4700 904.1799
4.3025923502e-01 5.6440143931e-01 3.1345004506e+00
84 75 65
22 55 8366 -237.4200 246.8201 84 5238 -428.1500 106.6500 82 6212 -294.6800 373.0500 83 6899 -326.1300 471.7500 96 7176 -411.0300 607.2800 80 4039 -237.5100 562.7000 88 7533 -242.4800 469.7700 103 2980 -297.4700 351.8300 79 4274 -218.1500 532.6200 19 2752 -164.9000 -26.5600 21 4094 -142.8100 58.7400 5 1906 -120.4900 351.1700 7 2122 -158.2500 51.1100 13 2861 -144.2700 57.3900 2 2264 -958.5300 795.2800 8 1057 -161.9300 43.9300 35 6990 -176.0500 52.5700 10 1676 121.7100 67.7300 68 6964 326.9399 727.6799 9 3054 -144.6500 38.5300 12 3318 -132.3800 53.0900 14 3096 -89.9500 184.4400
4.3101308826e-01 5.6407425348e-01 3.1346258391e+00
182 178 166
24 55 3611 -230.3600 249.6400 84 3478 -417.9000 112.1799 82 4024 -285.2800 379.4301 83 4440 -316.4200 477.9399 96 4683 -400.8900 612.6499 80 2678 -226.0200 566.8999 88 3379 -234.9400 473.7500 103 1985 -292.7800 353.9500 23 1999 -163.8000 -45.0800 24 1995 -163.8000 -45.0800 69 3078 -302.2000 473.8800 71 2147 -283.8300 717.8201 79 2868 -206.7000 536.9600 19 1329 -159.2200 -23.7000 5 1909 -111.7100 353.2700 7 1372 -153.2800 54.1500 13 1760 -138.1500 59.4500 65 3260 -95.4800 22.4800 2 2265 -938.6400 798.3401 8 1061 -154.2200 45.8100 39 2576 73.7900 540.5100 108 6635 -91.4900 46.1900 9 1431 -141.2500 40.4600 14 1727 -86.7600 185.7400
4.6932734842e-01 5.4868753247e-01 3.1394480244e+00
101 91 75
