# Bundle file v0.3
80 4422
0 0 0
0 0 0
0 0 0
0 0 0
0 0 0
-2.5760728790e+03 1.3492364047e+00 2.0374043324e+00
9.6023454969e-01 -2.2626456096e-03 -2.7918540438e-01
-1.6725254506e-02 9.9770510111e-01 -6.5610952466e-02
2.7869315644e-01 6.7671350339e-02 9.5799306516e-01
9.8637046200e-01 1.6481275930e-01 1.3190503076e+01
1.1994699395e+03 -1.9731078686e-01 4.4325893844e-02
7.6891462404e-01 5.3276916635e-02 6.3712782948e-01
-3.4164076766e-01 8.7655819841e-01 3.3900930766e-01
-5.4041825174e-01 -4.7833805510e-01 6.9219998427e-01
-8.7064738578e+00 -9.5834465255e+00 -1.8328139571e+01
0 0 0
0 0 0
0 0 0
0 0 0
0 0 0
0 0 0
0 0 0
0 0 0
0 0 0
0 0 0
4.7220255865e+02 -2.0245662431e-01 3.2971685850e-02
9.8205221843e-01 1.7093028897e-01 7.9726260397e-02
-1.8753615430e-01 9.2996426407e-01 3.1622248242e-01
-2.0090572778e-02 -3.2549854665e-01 9.4532907763e-01
4.8830027561e+00 -7.8605919852e+00 -1.9214948120e+01
4.0958372815e+02 4.6876495740e-02 -3.0613002469e-01
9.5711015490e-01 7.9857938630e-02 2.7850109697e-01
-8.0494873855e-02 9.9671286958e-01 -9.1668363756e-03
-2.7831767220e-01 -1.3644238486e-02 9.6039216370e-01
-1.6802349816e+00 -5.9426273038e-01 -1.3202713471e+01
0 0 0
0 0 0
0 0 0
0 0 0
0 0 0
4.5432677220e+02 -2.1124720950e-01 2.3819421209e-02
9.7672855122e-01 1.1129438009e-01 1.8334366144e-01
-2.1401181321e-01 5.6212969065e-01 7.9887993760e-01
-1.4152068262e-02 -8.1952655347e-01 5.7286643043e-01
2.8027707867e+00 -1.7793768644e+01 -1.1420193597e+01
0 0 0
0 0 0
0 0 0
0 0 0
0 0 0
9.4623320725e+02 -1.1264876782e-01 -1.6199326563e-02
8.9841458911e-01 3.9314713186e-01 -1.9566951418e-01
-9.4972101748e-02 6.0896397479e-01 7.8749169983e-01
4.2875578825e-01 -6.8891088692e-01 5.8444012861e-01
1.0451826941e+01 -1.7042025474e+01 -9.7370919002e+00
0 0 0
0 0 0
0 0 0
0 0 0
0 0 0
0 0 0
0 0 0
0 0 0
0 0 0
0 0 0
4.5408638265e+02 -2.0738627214e-01 3.3015615667e-02
9.5542290941e-01 1.2309504984e-01 2.6835549721e-01
-2.8539767862e-01 6.1780726278e-01 7.3270891293e-01
-7.5599135026e-02 -7.7663491729e-01 6.2539825393e-01
1.5445949272e+00 -1.7368014769e+01 -1.4285472400e+01
0 0 0
0 0 0
0 0 0
0 0 0
0 0 0
0 0 0
0 0 0
0 0 0
0 0 0
0 0 0
0 0 0
0 0 0
0 0 0
0 0 0
0 0 0
0 0 0
0 0 0
0 0 0
0 0 0
0 0 0
0 0 0
0 0 0
0 0 0
0 0 0
0 0 0
0 0 0
0 0 0
0 0 0
0 0 0
0 0 0
0 0 0
0 0 0
0 0 0
0 0 0
0 0 0
0 0 0
0 0 0
0 0 0
0 0 0
0 0 0
0 0 0
0 0 0
0 0 0
0 0 0
0 0 0
3.5141210949e+02 -1.1946374983e-01 8.4318206632e-03
9.6371805667e-01 9.2219190209e-02 2.5048578442e-01
-2.6594598624e-01 4.1192694285e-01 8.7154398980e-01
-2.2808762436e-02 -9.0653836913e-01 4.2150675635e-01
1.3751801019e+00 -1.9951613853e+01 -7.6057650678e+00
3.5140501250e+02 -1.1934899186e-01 8.4092967816e-03
9.6378295031e-01 9.2160146571e-02 2.5025773131e-01
-2.6571446846e-01 4.1194478822e-01 8.7160616835e-01
-2.2765015897e-02 -9.0653626449e-01 4.2151364772e-01
1.3799183238e+00 -1.9951074584e+01 -7.6055624607e+00
0 0 0
0 0 0
0 0 0
0 0 0
0 0 0
0 0 0
0 0 0
0 0 0
0 0 0
0 0 0
0 0 0
0 0 0
0 0 0
0 0 0
0 0 0
2.4489949630e+03 -2.1180759422e-01 -8.5242447520e-01
9.7409398237e-01 2.1537709475e-01 6.8946505167e-02
-2.2344127955e-01 8.6964152193e-01 4.4022450855e-01
3.4855532001e-02 -4.4422554000e-01 8.9523670697e-01
-3.9042795390e+00 -1.3218257733e-01 -1.5515486765e+01
3.8076852580e+03 -1.7526396633e+00 1.0177070879e-01
8.6886911544e-01 1.6788707898e-01 4.6570418610e-01
1.0768370865e-01 8.5411387740e-01 -5.0881598179e-01
-4.8318803703e-01 4.9224324591e-01 7.2403446584e-01
-2.5942049533e-01 6.3586469486e+00 -1.6069384912e+01
0 0 0
0 0 0
0 0 0
0 0 0
0 0 0
0 0 0
0 0 0
0 0 0
0 0 0
0 0 0
0 0 0
0 0 0
0 0 0
0 0 0
0 0 0
0 0 0
0 0 0
0 0 0
0 0 0
0 0 0
0 0 0
0 0 0
0 0 0
0 0 0
0 0 0
0 0 0
0 0 0
0 0 0
0 0 0
0 0 0
0 0 0
0 0 0
0 0 0
0 0 0
0 0 0
0 0 0
0 0 0
0 0 0
0 0 0
0 0 0
0 0 0
0 0 0
0 0 0
0 0 0
0 0 0
0 0 0
0 0 0
0 0 0
0 0 0
0 0 0
0 0 0
0 0 0
0 0 0
0 0 0
0 0 0
0 0 0
0 0 0
0 0 0
0 0 0
0 0 0
0 0 0
0 0 0
0 0 0
0 0 0
0 0 0
0 0 0
0 0 0
0 0 0
0 0 0
0 0 0
0 0 0
0 0 0
0 0 0
0 0 0
0 0 0
3.1322697736e+03 -5.3763476986e-01 1.0655789704e+00
9.8053731653e-01 -1.7767143474e-01 8.3542995974e-02
1.9530900823e-01 9.2610906543e-01 -3.2276367553e-01
-2.0024040611e-02 3.3279852796e-01 9.4278532953e-01
3.3014757506e+00 6.0257579740e+00 -2.3417239231e+01
4.3437669761e+03 -1.7421184126e+00 6.8111512367e+00
9.4639323740e-01 -2.4213311322e-01 -2.1380223499e-01
2.9601044438e-01 9.1504513692e-01 2.7398944181e-01
1.2929677885e-01 -3.2258944944e-01 9.3766645994e-01
6.5044217883e+00 -1.3496059731e+00 -3.0504083993e+01
8.4095573062e+02 -2.1490899922e-01 5.1160813822e-02
9.8456839247e-01 -3.0276934076e-03 1.7497403699e-01
2.9421510974e-02 9.8848235101e-01 -1.4844869966e-01
-1.7250929030e-01 1.5130589814e-01 9.7331755864e-01
1.7031542720e-01 3.3083108171e+00 -1.0106781928e+01
0 0 0
0 0 0
0 0 0
0 0 0
0 0 0
0 0 0
0 0 0
0 0 0
0 0 0
0 0 0
0 0 0
0 0 0
0 0 0
0 0 0
0 0 0
0 0 0
0 0 0
0 0 0
0 0 0
0 0 0
1.6713090245e+03 3.7282734471e-01 -1.1367039290e+00
9.7411564237e-01 -3.2164066574e-02 2.2375028068e-01
-8.6032471564e-02 8.6258359345e-01 4.9854584357e-01
-2.0903858284e-01 -5.0489109432e-01 8.3748901710e-01
1.3135305056e+00 -8.2630815226e+00 -2.1364938985e+01
7.8900200126e+02 -1.3242244128e-01 1.4157882857e-01
9.8336296722e-01 4.1556268350e-02 1.7683424797e-01
-2.8540762972e-02 9.9673567946e-01 -7.5520925160e-02
-1.7939537213e-01 6.9217496696e-02 9.8133900290e-01
2.5216820033e-01 3.1007475768e+00 -1.2288432635e+01
0 0 0
0 0 0
0 0 0
0 0 0
0 0 0
5.1834843102e+02 -2.5540853339e-01 5.1272719832e-02
9.5080481663e-01 1.0530877652e-01 2.9134217384e-01
-2.5991227073e-01 7.8291012420e-01 5.6524096539e-01
-1.6856990300e-01 -6.1315723841e-01 7.7176576031e-01
2.4551447633e-01 -1.3981069888e+01 -1.6955124753e+01
0 0 0
0 0 0
0 0 0
0 0 0
0 0 0
0 0 0
0 0 0
0 0 0
0 0 0
0 0 0
0 0 0
0 0 0
0 0 0
0 0 0
0 0 0
0 0 0
0 0 0
0 0 0
0 0 0
0 0 0
0 0 0
0 0 0
0 0 0
0 0 0
0 0 0
0 0 0
0 0 0
0 0 0
0 0 0
0 0 0
0 0 0
0 0 0
0 0 0
0 0 0
0 0 0
0 0 0
0 0 0
0 0 0
0 0 0
0 0 0
0 0 0
0 0 0
0 0 0
0 0 0
0 0 0
0 0 0
0 0 0
0 0 0
0 0 0
0 0 0
0 0 0
0 0 0
0 0 0
0 0 0
0 0 0
0 0 0
0 0 0
0 0 0
0 0 0
0 0 0
0 0 0
0 0 0
0 0 0
0 0 0
0 0 0
6.9113416996e+02 -2.0651581143e-01 3.3358932140e-02
9.6106536200e-01 9.1454332542e-02 2.6074791472e-01
-1.9993048811e-01 8.8152325167e-01 4.2772018503e-01
-1.9073848561e-01 -4.6319851233e-01 8.6548597232e-01
1.1250064738e+00 -1.0104339406e+01 -1.8660215830e+01
0 0 0
0 0 0
0 0 0
0 0 0
0 0 0
6.5017946592e+02 -2.5950976837e-01 3.5089881139e-02
9.7612334879e-01 8.1675201952e-02 2.0127684748e-01
-1.1047120929e-01 9.8449535423e-01 1.3625347486e-01
-1.8702759119e-01 -1.5523549491e-01 9.7001166037e-01
2.0022379719e+00 -3.1737205289e+00 -1.9110055491e+01
7.3674048136e+02 -1.5906558719e-01 -4.1436155528e-02
9.9940297550e-01 3.2888793039e-02 -1.0583943416e-02
-3.4513162250e-02 9.3622918570e-01 -3.4969093993e-01
-1.5919162250e-03 3.4984745122e-01 9.3680533019e-01
6.8855524745e+00 7.5030806946e+00 -2.0507132024e+01
3.6138301793e+02 -1.5869737633e-01 6.4415558738e-03
8.3141480452e-01 1.2637746939e-01 5.4108978743e-01
1.2238319316e-01 9.0822999798e-01 -4.0017574240e-01
-5.4200717418e-01 3.9893233261e-01 7.3964938798e-01
-5.6763491508e+00 9.2519085402e+00 -1.7405318852e+01
-1.4288845183e+03 -4.3607805544e-01 1.4356327881e-02
9.9885872680e-01 2.8863246519e-02 -3.8054656570e-02
-3.1605550400e-02 9.9679070160e-01 -7.3548530882e-02
3.5809678443e-02 7.4667330282e-02 9.9656532988e-01
4.7929391396e-01 1.6985519025e+00 -2.2224332114e+00
0 0 0
0 0 0
0 0 0
0 0 0
0 0 0
0 0 0
0 0 0
0 0 0
0 0 0
0 0 0
0 0 0
0 0 0
0 0 0
0 0 0
0 0 0
2.5333440632e+03 -7.1490535506e-02 -1.8356227955e-01
9.2769712539e-01 9.0182975451e-02 3.6227762074e-01
-3.1077394595e-02 9.8567201380e-01 -1.6578563498e-01
-3.7203795384e-01 1.4254021243e-01 9.1720774569e-01
-1.1881561972e+00 2.7685183292e+00 -1.5994882235e+01
6.7850149551e+02 -2.2651734315e-01 3.9671790856e-02
9.8060266167e-01 1.3234395794e-01 1.4458041613e-01
-1.7603152785e-01 9.1904835828e-01 3.5265140912e-01
-8.6205110832e-02 -3.7126162197e-01 9.2451797544e-01
3.7809683647e+00 -8.1709728259e+00 -1.8813280140e+01
1.7654615980e+00 4.3808960804e+00 3.0117006910e+00
193 189 167
8 1 54 309.5800 739.2900 74 63 355.5300 903.3101 6 127 45.4100 131.7500 5 296 196.4100 -84.3300 55 1487 89.6600 -261.4800 73 520 -44.9000 262.1300 23 283 101.7000 -407.9400 24 283 101.7000 -407.9400
-1.6654209340e+00 -3.3730502603e+00 2.9789091281e+00
193 183 176
8 1 76 -264.4399 -607.8700 74 221 -229.4700 -311.1899 6 379 -109.4200 -158.5200 78 181 -378.9400 -192.4399 47 187 -108.7800 -58.3199 71 1912 28.7300 -243.4301 79 1713 91.6899 -415.1400 5 846 87.4800 -280.1700
-2.8774703204e+00 -3.1176207069e-01 2.8901180392e+00
199 162 115
2 1 215 -458.5400 -52.4600 74 432 -435.0601 221.0901
-2.6749652448e+00 1.9418583078e+00 2.9679035077e+00
85 59 21
2 1 246 -430.9200 342.2100 74 297 -382.4600 604.5801
-2.6749652448e+00 1.9418583078e+00 2.9679035077e+00
85 59 21
2 1 247 -430.9200 342.2100 74 298 -382.4600 604.5801
-2.0387633643e+00 3.1370743458e+00 3.0001800712e+00
92 72 37
2 1 265 -324.5400 551.8900 74 315 -266.3500 799.3700
-5.1918304043e-01 3.3639472913e+00 2.9146502838e+00
70 54 38
2 1 267 -43.9301 569.8700 74 483 -21.8900 778.3700
-1.0840259918e+00 -3.0042128822e+00 2.8111438018e+00
218 209 197
3 1 312 -152.5800 -530.4600 74 573 -126.1801 -240.1600 53 396 -32.1900 -5.6000
-2.1067977765e+00 -2.7463298494e+00 2.9228953284e+00
203 190 172
8 1 320 -327.8200 -491.6899 74 384 -302.6700 -200.0200 53 261 -120.5300 15.3900 6 658 -127.0600 -131.1300 78 184 -462.8600 -69.7300 2 1065 -640.0500 -761.8000 5 859 74.5600 -260.6500 73 1213 -141.0200 121.8000
1.1127707565e+00 -1.9001521524e+00 2.6166636951e+00
212 200 188
4 1 326 224.3500 -322.0300 74 393 206.2000 -61.3199 53 264 132.6800 80.1800 45 483 690.4800 507.7100
4.3597599077e-01 -1.8425553488e+00 2.5113730105e+00
210 202 183
4 1 327 118.4500 -312.3101 74 394 109.3101 -50.0601 53 266 84.9200 86.9500 73 2167 -84.3900 141.1600
4.3354455557e-01 -1.8428468602e+00 2.5110752788e+00
210 202 183
3 1 328 118.4500 -312.3101 74 396 109.3101 -50.0601 53 267 84.9200 86.9500
-2.4762619420e+00 1.0040637492e+00 2.8687644738e+00
225 193 154
2 1 383 -379.6700 179.8101 74 450 -357.3600 436.8301
-2.3862506321e+00 -3.4617514341e+00 3.1156117815e+00
211 199 173
2 1 456 -407.8400 -640.8101 74 561 -373.6700 -342.6000
-2.1182806868e+00 -3.4060795222e+00 3.0579831892e+00
219 212 194
11 1 460 -349.1200 -620.1000 74 564 -314.9100 -320.4301 6 996 -129.6800 -160.4800 2 2651 -648.3300 -814.0400 47 479 -159.0900 -66.9800 69 3953 -19.0000 -493.3400 71 4071 9.4500 -245.8300 72 3608 174.2600 120.3700 79 3633 72.3300 -417.6100 5 1990 74.3100 -281.1900 73 3783 -141.6300 106.1000
1.5873813999e+00 -2.7254902167e+00 2.8079167135e+00
197 183 173
3 1 476 295.4600 -468.8300 74 821 280.3800 -190.4500 53 696 167.3100 13.8100
-3.1811814166e-02 -2.2877281345e+00 2.5583193225e+00
217 209 195
3 1 486 40.5100 -392.5400 74 837 45.8600 -119.2400 5 3237 128.8000 -246.4300
-5.6565886375e+00 -1.6177928847e+00 3.5651075864e+00
241 228 201
2 1 495 -1161.6799 -331.8101 74 607 -1064.7100 -7.5900
3.5444017426e+00 -1.2665440099e+00 2.9310138385e+00
179 177 165
8 1 506 588.6200 -220.7700 74 608 571.8999 21.1300 53 423 317.9600 114.1900 6 1562 85.2600 -85.8400 72 5318 386.9800 191.3600 79 5285 283.3199 -342.5100 5 2059 216.3600 -230.7500 73 3937 -25.7200 141.4200
-3.0354186154e+00 -6.4690091857e-01 2.9258169894e+00
205 170 131
2 1 513 -491.6100 -113.2100 74 628 -465.3400 164.4299
2.4857969520e+00 4.6947544076e+00 3.0664026602e+00
108 93 70
2 1 591 421.3199 796.2800 74 699 473.7400 939.7200
-1.6868445097e+00 -2.8399307437e+00 2.8640346139e+00
219 207 193
2 1 660 -258.3300 -503.8199 74 816 -226.1300 -214.8600
2.7830244006e+00 -8.9296578784e-01 2.7975153234e+00
167 161 149
7 1 729 477.1700 -155.1300 74 861 445.9200 80.0300 6 1580 58.1100 -65.4600 2 4408 -312.9800 -659.8400 28 61 -235.5900 -61.7400 5 3294 194.8200 -215.2700 73 7187 -39.5500 153.7800
-2.8082480562e+00 2.4683974247e-01 2.8874445215e+00
231 202 167
2 1 770 -443.7200 47.1300 74 903 -420.5800 315.8101
5.4574959248e-01 3.3475566269e+00 2.8884972949e+00
185 178 168
2 1 854 126.0800 551.9900 74 992 145.6700 741.5500
-4.2131862887e-01 3.4200629472e+00 2.9168465102e+00
79 66 52
2 1 858 -27.1400 578.5400 74 996 -6.9200 784.0601
-2.6852146497e+00 4.2773880920e+00 3.1789295981e+00
244 240 231
2 1 881 -474.9800 799.7300 74 1499 -396.4100 1068.7000
-4.2874236952e-01 4.9750166550e+00 3.0891339995e+00
203 192 185
2 1 889 -48.6400 885.2600 74 1032 7.7500 1084.4600
-2.5053972330e+00 -3.6060211058e+00 3.1663995779e+00
202 194 172
2 1 963 -436.7200 -673.7600 74 1691 -400.7000 -373.9700
2.0802053643e-01 -3.3291054627e+00 2.8319302499e+00
217 208 191
3 1 978 64.3800 -584.7100 74 1720 81.9200 -291.6400 53 1532 69.0600 -35.1700
-2.1737955560e+00 -3.0994343095e+00 3.0037466207e+00
204 191 175
3 1 989 -353.4900 -561.9301 74 1148 -324.0000 -266.5200 53 1542 -131.1600 -17.5200
1.3596686059e+00 -3.0517809630e+00 2.8439090105e+00
211 202 185
3 1 999 258.7200 -533.5200 74 1750 252.1400 -247.6801 78 1125 146.0900 -125.5900
-2.1723547034e+00 -2.9641946254e+00 2.9767404957e+00
113 86 68
9 1 1000 -348.5700 -533.5400 74 1155 -318.3800 -240.7800 53 1018 -128.3000 -4.7300 6 2168 -130.4600 -140.7100 78 1128 -474.1800 -112.9301 2 4311 -646.2100 -778.6201 47 1053 -162.4100 -16.0699 69 8542 -20.3000 -473.2100 5 3181 74.0900 -267.5100
3.6505809627e+00 -2.2521806261e+00 3.0330845700e+00
101 96 91
3 1 1051 606.5300 -394.7600 74 1810 598.9600 -127.5699 53 1591 328.1000 37.4500
1.4752441857e+00 -2.1735057341e+00 2.7050074267e+00
176 162 150
2 1 1059 276.7900 -367.9301 74 1826 256.7000 -103.8101
-1.7344282561e+00 -1.4477911292e+00 2.6667482715e+00
193 180 166
2 1 1086 -247.2500 -248.3800 74 1246 -243.7800 20.2800
-2.6032239686e+00 4.7831262822e-01 2.8592787445e+00
225 202 168
4 1 1187 -400.1400 85.1799 74 1348 -379.2100 348.6899 53 1200 -155.9600 297.6700 52 824 -59.5500 -566.8900
3.5159659949e+00 1.2213479318e+00 2.9007843827e+00
205 206 201
3 1 1220 572.0500 188.2500 74 1354 577.5801 377.5601 28 246 -3.2900 258.4200
-1.8470696242e+00 3.2217611615e+00 2.9901813416e+00
105 76 46
2 1 1309 -284.9100 566.0500 74 1462 -237.3600 806.1899
-2.1305751613e+00 3.2930283700e+00 3.0249674844e+00
79 60 45
4 1 1311 -340.4700 582.6600 74 1467 -286.6801 830.7300 53 1292 -102.3900 547.8300 52 898 -17.1800 -311.7600
9.2493693252e-01 -4.3367954231e+00 3.1103609898e+00
119 94 90
3 1 1413 186.2400 -779.2300 74 2550 179.3600 -466.0400 29 166 289.4000 266.4600
-2.2226748475e+00 -3.6340853382e+00 3.1247102440e+00
197 177 155
4 1 1447 -374.7100 -673.6500 74 2588 -346.1200 -373.0100 6 4267 -137.2900 -172.6000 47 2254 -174.3000 -96.5100
-1.1427748744e+00 -3.4973358444e+00 2.9415395116e+00
209 198 184
10 1 1464 -173.0100 -628.3700 74 1709 -140.7100 -330.1200 6 3026 -88.2300 -163.7700 78 1751 -282.2100 -215.0400 2 10539 -577.3100 -821.3601 47 1531 -50.8600 -72.6500 69 22375 22.8800 -495.6200 45 2135 433.6899 233.0200 46 1597 835.0701 -598.8600 29 175 -115.0900 427.9800
-1.7182289231e+00 -3.4617280775e+00 3.0072563202e+00
209 201 185
2 1 1465 -276.6700 -628.7300 74 1710 -243.4399 -329.8199
1.2357398153e+00 -3.2190122227e+00 2.8667755837e+00
217 208 199
6 1 1491 236.2600 -563.9900 74 2648 235.9301 -275.2500 53 2452 144.7700 -27.5100 6 4341 2.2100 -151.4700 78 2762 125.8700 -157.1801 72 37569 302.7200 129.2700
-1.5601634751e+00 -3.0535465589e+00 2.8897890307e+00
210 197 176
2 1 1506 -239.0500 -544.1000 74 1747 -206.9500 -252.0699
3.6136583486e+00 -3.0334327678e+00 3.1273084738e+00
117 108 95
4 1 1514 603.4700 -536.9399 74 2661 606.2900 -249.9900 6 4327 87.1100 -154.4100 28 273 -175.5300 -474.0100
-2.2220580901e+00 -2.8623792686e+00 2.9667036380e+00
220 208 192
8 1 1531 -356.0100 -514.1500 74 1762 -326.8101 -223.0900 53 1564 -131.7000 4.4700 6 3065 -132.0700 -136.4100 78 1798 -483.1300 -93.4600 2 10663 -648.9200 -770.5000 47 1566 -168.1600 -3.9700 79 11951 69.4100 -393.6899
-1.1853948359e+00 -2.8668928033e+00 2.7910377410e+00
152 133 101
5 1 1537 -171.1500 -504.2300 74 1766 -140.4700 -215.6600 53 1565 -39.2200 5.6200 6 3066 -86.9100 -136.2200 55 30706 -5.3800 -441.8700
-2.4745538450e-02 -2.8340128660e+00 2.6998044201e+00
175 162 146
4 1 1543 30.2900 -492.0500 74 1774 48.1500 -206.6700 6 3070 -42.2700 -134.6900 55 30727 25.7800 -440.2400
-4.2171080087e+00 -2.3643601118e+00 3.3158494204e+00
220 197 161
2 1 1573 -784.1900 -452.1000 74 2743 -707.9500 -147.3900
1.7205187793e+00 -2.5632718551e+00 2.7975893834e+00
132 126 115
2 1 1576 313.7500 -437.4500 74 2724 295.9200 -164.7500
-2.2865276572e+00 -2.4339300260e+00 2.9055175432e+00
205 190 169
2 1 1577 -362.9800 -436.1100 74 2737 -344.3600 -149.9000
2.7487652169e-01 -2.4915313836e+00 2.6243619023e+00
214 210 198
2 1 1585 86.8900 -428.5601 74 2731 93.5900 -152.2400
4.0871131464e+00 -2.3474679109e+00 3.1082835071e+00
164 156 153
3 1 1599 675.5500 -418.2500 74 2732 690.3501 -150.1000 28 293 -44.4700 -361.2300
6.8546062400e+00 -2.0725733669e+00 3.4940560002e+00
125 123 114
2 1 1609 1148.8601 -397.2700 74 2754 1167.6799 -131.2400
3.5296836109e+00 -2.0035019161e+00 2.9889251334e+00
71 55 40
8 1 1629 587.8800 -345.9301 74 2781 576.9099 -87.3199 53 2557 318.0900 58.1500 6 4453 84.3700 -113.4600 69 22639 194.8600 -443.7200 71 22017 218.1899 -196.0100 72 20560 385.7500 164.1500 79 20623 282.9900 -370.0500
-5.1498976762e+00 -1.5796192169e+00 3.4482970888e+00
236 213 179
2 1 1644 -1007.9700 -314.3900 74 1889 -919.3100 2.5100
-1.6906131618e-01 -1.8069349003e+00 2.4327396546e+00
57 38 31
2 1 1646 26.7700 -307.8900 74 1857 24.2400 -43.1600
1.1417390881e+00 -1.7777914478e+00 2.6069152190e+00
212 202 188
4 1 1651 228.8300 -301.0000 74 1856 207.9500 -44.0000 53 1630 133.9900 88.7000 55 18763 54.6900 -408.1100
-5.5613075692e+00 -1.3847610641e+00 3.5258888993e+00
229 200 158
2 1 1658 -1124.6200 -283.3300 74 1908 -1032.3101 43.6801
-1.0334515705e+00 -1.6138421627e+00 2.5207568231e+00
142 120 96
7 1 1659 -124.7400 -278.5200 74 1880 -121.1801 -11.2500 53 1648 -30.2000 109.3900 6 4517 -81.8500 -81.9000 47 1622 -39.1300 144.5300 5 6485 101.4700 -225.8400 55 31158 -2.8600 -401.8600
-5.5216766680e+00 -1.3029316918e+00 3.5112276729e+00
93 71 49
2 1 1665 -1110.2800 -265.9600 74 1919 -1015.0500 60.4600
3.4257729086e+00 -1.4440457887e+00 2.9250856936e+00
124 109 77
9 1 1670 574.2000 -248.0000 74 2845 559.3799 -3.1600 53 2604 311.3500 100.4000 6 4501 81.8600 -92.1200 28 323 -140.0900 -174.3200 69 22703 192.1000 -421.6000 71 22129 214.9700 -175.2900 72 20689 383.5900 185.3900 79 20742 279.9900 -348.3900
-1.0034187820e+00 -1.4152694244e+00 2.4999542967e+00
213 201 188
2 1 1675 -115.4700 -239.4800 74 1897 -114.9000 23.6700
-1.8475074243e+00 -1.3731502027e+00 2.6877438518e+00
122 95 67
2 1 1676 -267.5500 -235.7800 74 1900 -265.2300 34.0400
-1.2585470872e+00 -1.3217199328e+00 2.5532610788e+00
103 87 76
4 1 1684 -159.5500 -225.2900 74 2872 -159.2500 39.6400 53 1671 -48.8900 135.4600 6 3142 -90.8600 -67.6100
-1.9747114050e+00 -1.3088238831e+00 2.7129117085e+00
223 198 167
2 1 1686 -290.5800 -224.0400 74 1906 -288.5400 44.9200
-1.1899901095e+00 -1.2158700496e+00 2.5359999074e+00
206 189 168
2 1 1697 -147.6899 -204.2400 74 1916 -147.7300 58.5100
-2.9875592945e+00 -1.1382934637e+00 2.9316770434e+00
117 91 64
4 1 1701 -482.7400 -201.4500 74 1925 -461.6600 78.6899 53 1695 -198.6100 157.7200 6 4559 -164.0600 -62.3100
5.8841083979e+00 -9.7290855785e-01 3.2646494165e+00
173 167 148
2 1 1712 962.0100 -186.4399 74 2878 997.1201 47.1899
-7.5633221263e-01 -1.0969952470e+00 2.4537544304e+00
139 117 96
5 1 1717 -70.2100 -183.7900 74 2900 -73.3900 73.0900 53 1691 -4.1200 152.2300 6 4568 -69.0400 -59.9400 79 20910 128.3900 -315.3500
-1.8562099294e-01 -1.0546784441e+00 2.4118577604e+00
139 117 94
5 1 1719 24.3000 -180.9900 74 2899 20.4700 72.5500 53 1688 41.6000 150.2400 6 3163 -46.2100 -60.7500 79 12141 151.1899 -315.7800
-2.7719831923e-01 -9.8375742232e-01 2.4191562161e+00
207 195 183
3 1 1725 12.0200 -164.7600 74 2907 7.9301 86.9500 6 3172 -48.3200 -57.0400
-5.6827449015e+00 -3.9207196338e-03 3.4856942027e+00
246 228 187
2 1 1782 -1141.6600 -4.0200 74 2030 -1065.4299 334.5200
-2.8813904742e+00 5.9561561893e-02 2.8962520912e+00
216 185 140
2 1 1800 -458.3600 13.8600 74 3049 -434.9100 284.9099
-2.1817789002e+00 2.0669762755e-01 2.7713253225e+00
117 89 57
2 1 1814 -320.4600 44.1500 74 2012 -317.0601 302.1400
-2.1839020830e+00 8.1753983042e-01 2.8102843197e+00
95 65 44
2 1 1861 -321.3900 148.3101 74 2065 -312.2500 403.1100
4.3998405361e+00 1.3305613745e+00 3.0099027012e+00
145 134 121
2 1 1883 707.5100 207.5701 74 3151 720.4600 388.0701
-3.8668103937e+00 1.4773864725e+00 3.1318840268e+00
219 188 141
2 1 1907 -677.6900 268.1100 74 2138 -614.2000 561.9600
-3.8668103937e+00 1.4773864725e+00 3.1318840268e+00
219 188 141
2 1 1908 -677.6900 268.1100 74 2139 -614.2000 561.9600
-1.5046813235e+00 2.3337174230e+00 2.8673923067e+00
169 147 129
4 1 1967 -205.6400 401.5000 74 2175 -184.7800 634.0200 53 1889 -55.2300 446.3700 52 1360 34.4400 -403.4200
-3.1181194702e+00 2.2428343966e+00 3.0551987823e+00
224 190 145
2 1 1968 -526.6800 401.5000 74 3332 -464.5699 676.9399
-2.0283977747e+00 3.1160332634e+00 2.9970291236e+00
100 81 74
2 1 2010 -319.3199 548.9500 74 2235 -268.2300 795.9100
-2.8952223055e+00 3.9395014970e+00 3.1701865577e+00
118 92 66
2 1 2066 -512.2600 733.5601 74 2273 -435.4800 1010.5500
-2.5825016371e+00 4.0845060440e+00 3.1494067360e+00
127 94 63
2 1 2070 -449.1200 754.7300 74 3462 -373.4500 1018.7700
-1.0386796712e+00 4.3611584293e+00 3.0510969150e+00
224 194 159
2 1 2075 -152.6801 771.1300 74 3455 -95.2500 988.1399
1.4624368234e+00 4.9896474752e+00 3.0676849656e+00
108 87 64
2 1 2097 260.1100 859.5300 74 2274 319.2500 1017.8000
-2.2216282552e-01 5.0734282131e+00 3.0925913352e+00
126 103 87
2 1 2103 -13.4800 901.6600 74 2290 42.8700 1093.6599
6.4719805586e-01 5.1725423069e+00 3.0852830000e+00
112 90 66
2 1 2105 127.3700 906.9800 74 2287 192.3500 1080.1101
1.2946124729e+00 -5.0753502362e+00 3.3097961257e+00
125 108 95
2 1 2156 245.7100 -938.9700 74 2514 243.4600 -605.4700
1.1194359648e+00 -4.4417683338e+00 3.1449874317e+00
52 49 48
2 1 2209 218.8700 -800.5000 74 2543 211.0000 -484.4000
1.1194359648e+00 -4.4417683338e+00 3.1449874317e+00
52 49 48
2 1 2210 218.8700 -800.5000 74 2544 211.0000 -484.4000
-2.7050180007e+00 -4.1068848117e+00 3.3068532422e+00
127 105 87
2 1 2215 -496.3300 -789.5100 74 3746 -452.9800 -482.4600
1.7038815762e+00 -4.3762593850e+00 3.1648721655e+00
106 91 93
2 1 2219 317.2600 -782.7600 74 3750 295.6400 -467.7800
2.5280185491e+00 -4.2936959977e+00 3.2182314434e+00
155 154 149
2 1 2227 444.5000 -770.0300 74 3763 432.5100 -454.0699
4.4887361011e-01 -3.7569674909e+00 2.9475242301e+00
178 163 145
2 1 2288 104.3199 -666.5500 74 3808 115.7700 -366.0699
-1.0416793777e+00 -3.5879325092e+00 2.9541977459e+00
82 61 50
10 1 2301 -153.7100 -642.9700 74 2613 -122.2300 -345.2500 53 2416 -31.4000 -57.7400 6 4290 -84.2000 -167.4300 78 1746 -267.4400 -230.1500 2 10530 -571.8900 -827.8999 47 2267 -40.6200 -81.7600 69 22346 25.7700 -498.8500 71 21635 53.0400 -250.5500 79 20320 116.3700 -423.1600
-1.0303952480e+00 -3.5837814708e+00 2.9520184676e+00
82 61 50
4 1 2302 -153.7100 -642.9700 74 2614 -122.2300 -345.2500 53 2417 -31.4000 -57.7400 6 4291 -84.2000 -167.4300
-1.1798828288e+00 -3.4171414269e+00 2.9254597767e+00
136 105 88
7 1 2327 -178.6100 -610.2000 74 2625 -145.8400 -313.4100 53 2433 -43.0100 -42.5100 6 6135 -89.1600 -159.6300 78 4008 -286.7500 -196.7900 47 3254 -54.0600 -62.3700 29 182 -122.2000 447.0500
1.2845008226e+00 -3.4185203791e+00 2.9146971059e+00
204 197 187
2 1 2334 242.5900 -597.2900 74 2635 242.5200 -303.9900
-1.2490854982e+00 -3.1046251128e+00 2.8567925931e+00
158 146 128
3 1 2364 -184.8101 -550.3900 74 2656 -152.9800 -258.0400 53 2466 -46.5700 -15.0400
6.9020145239e-01 -2.9849924085e+00 2.7689291462e+00
204 197 189
2 1 2393 148.1700 -518.2800 74 2673 156.7300 -232.9000
3.6368294311e+00 -2.8606272502e+00 3.1063263987e+00
76 74 62
8 1 2400 607.9100 -502.3800 74 3946 607.0801 -220.5000 53 3714 329.2800 -8.4000 6 6164 87.8700 -147.0300 28 278 -163.9200 -440.4800 69 37374 198.4500 -477.4399 71 36305 221.5699 -229.0900 79 35104 286.5400 -403.2500
-2.0821820987e+00 -2.6074371986e+00 2.8928588004e+00
217 211 199
2 1 2432 -326.8300 -466.0601 74 1790 -304.3500 -178.9700
-3.2464919359e+00 -2.5211647576e+00 3.1230257094e+00
112 83 59
2 1 2434 -563.3200 -464.8800 74 2719 -519.7600 -170.3800
4.6408214131e-01 -2.6017775262e+00 2.6636543845e+00
210 200 189
3 1 2446 115.2900 -448.3800 74 3998 119.9100 -170.2500 53 2523 89.5800 25.6000
-2.1751979360e+00 -2.4037162367e+00 2.8775027604e+00
221 209 192
2 1 2461 -341.1300 -428.4200 74 2745 -320.0100 -143.4399
-2.1751979360e+00 -2.4037162367e+00 2.8775027604e+00
221 209 192
2 1 2462 -341.1300 -428.4200 74 2746 -320.0100 -143.4399
-1.6861098879e-01 -2.3780612408e+00 2.5792004689e+00
140 122 108
4 1 2491 14.7100 -409.3000 74 2749 23.3400 -134.1899 53 1602 41.1100 44.6600 6 4450 -47.0700 -114.6400
2.5331496406e+00 -2.3464728474e+00 2.8800284493e+00
115 103 86
2 1 2497 437.4900 -399.0000 74 4041 397.9500 -134.0300
5.3906947834e+00 -2.1398365188e+00 3.2811645569e+00
183 183 175
3 1 2501 887.2500 -394.6100 74 4045 921.0901 -127.4700 28 447 237.0100 -372.3700
8.5147655239e-01 -2.2890086889e+00 2.6393970852e+00
218 209 200
3 1 2506 180.6300 -390.9800 74 2757 174.8700 -121.1500 53 2545 116.3000 50.2000
-5.6096552748e+00 -1.8405059461e+00 3.5734494186e+00
227 201 167
2 1 2516 -1154.7300 -378.0900 74 2811 -1055.9000 -54.4200
4.7557403290e+00 -2.0282749334e+00 3.1753626215e+00
66 45 35
2 1 2525 781.7300 -365.6400 74 4065 799.9600 -105.2900
-7.5117108831e-02 -2.0315515648e+00 2.4925151683e+00
209 195 178
7 1 2539 34.8300 -349.4200 74 2784 33.3101 -82.3199 53 3821 46.6600 71.6300 6 6314 -44.2300 -100.6600 2 16955 -493.4200 -712.6101 47 2401 63.3900 97.7400 69 37697 64.1000 -429.4100
-1.5278929484e-01 -2.0115259970e+00 2.4840680672e+00
89 65 54
10 1 2541 21.2200 -346.9100 74 4085 21.7000 -79.2500 53 2575 40.7800 72.9700 6 6316 -47.1100 -100.0300 2 16962 -498.5800 -711.4600 47 3373 55.0200 99.2000 69 22687 60.7500 -429.4900 71 22090 86.5300 -184.1700 72 38248 253.8300 180.3900 79 35501 150.3101 -355.5900
-4.7279006421e+00 -1.6980474586e+00 3.3630869659e+00
229 208 163
2 1 2555 -895.2100 -329.1600 74 2836 -817.1500 -21.3000
-5.0968552594e+00 -1.4182514009e+00 3.4240677440e+00
241 217 188
2 1 2593 -988.7000 -281.1000 74 2866 -899.1700 34.8400
7.5134092883e-01 -1.5767516417e+00 2.5284123712e+00
153 135 111
3 1 2601 168.0100 -266.1200 74 4149 152.0400 -10.7900 6 6362 -14.2200 -82.6200
-4.7039526047e+00 -1.1813573180e+00 3.3196171219e+00
240 220 183
2 1 2636 -877.4700 -228.8199 74 2905 -805.6300 80.2200
-2.2404765127e+00 -1.2291673371e+00 2.7686384776e+00
155 131 95
3 1 2657 -338.8000 -211.8000 74 2887 -336.6801 58.9399 6 4558 -134.2900 -62.3200
-2.2349971933e+00 -1.2339867821e+00 2.7676366023e+00
155 131 95
2 1 2658 -338.8000 -211.8000 74 2888 -336.6801 58.9399
-3.5930868800e+00 -1.1384655450e+00 3.0675402037e+00
135 104 53
2 1 2659 -612.7900 -207.3300 74 2904 -572.5300 81.5500
-5.0104352894e-01 -1.0700119317e+00 2.4215979767e+00
137 118 86
3 1 2687 -24.4900 -177.0500 74 4240 -29.3900 77.7700 6 6429 -58.3800 -59.1500
1.7283978530e+00 -8.4253250854e-01 2.6424436413e+00
139 126 118
3 1 2703 315.3900 -149.0100 74 4251 274.6200 87.6899 6 4582 17.5700 -56.2600
-2.7893254307e+00 -7.6439943493e-01 2.8746900423e+00
91 61 35
2 1 2714 -442.8100 -131.9301 74 2932 -425.7400 142.7700
-2.4496367753e+00 -3.0193751086e-01 2.8029951063e+00
180 151 109
2 1 2759 -373.7000 -46.0699 74 2996 -366.6200 219.7800
5.7049217419e+00 4.3679066568e-01 3.1838346306e+00
184 183 164
2 1 2847 922.6399 59.5701 74 4403 939.3501 254.0300
-5.1057055645e+00 3.7300017365e-01 3.3557546596e+00
232 210 170
2 1 2862 -974.4400 67.3401 74 3158 -898.9400 392.5801
-3.4244019025e+00 6.1810658644e-01 3.0168340478e+00
239 215 168
2 1 2900 -571.1700 111.9199 74 3155 -531.4500 391.1300
-1.8315752899e+00 6.8195242526e-01 2.7479944745e+00
202 180 156
2 1 2910 -253.9399 125.2100 74 4551 -253.1700 373.4099
-1.6535311548e+00 1.3486427685e+00 2.7841398846e+00
116 90 61
2 1 3007 -222.7000 236.4700 74 3233 -219.4399 476.8401
-3.3348877209e+00 2.1709023945e+00 3.0828017360e+00
85 59 47
2 1 3108 -570.2200 392.1899 74 2194 -510.0900 673.5200
-8.1667126255e-01 2.8106860043e+00 2.8682064488e+00
192 168 144
2 1 3145 -88.4600 475.5801 74 4886 -73.0500 691.1799
-1.6011960937e+00 3.0257614900e+00 2.9478714773e+00
229 215 188
2 1 3171 -232.8300 526.4600 74 3368 -198.7900 758.5000
-1.0458818190e+00 3.2908850027e+00 2.9346715799e+00
93 67 44
2 1 3186 -138.1400 564.9200 74 3381 -102.9800 785.2500
-3.1554954025e+00 3.0881890563e+00 3.1274089269e+00
249 234 211
2 1 3187 -549.7800 565.1799 74 3404 -477.2300 843.9500
-8.4176565177e-01 3.4843354380e+00 2.9438115385e+00
203 183 165
2 1 3198 -101.0000 597.6200 74 3388 -72.3700 810.5601
-1.4352766356e+00 3.6593423501e+00 3.0014788783e+00
198 174 140
2 1 3212 -214.2800 641.1899 74 3412 -165.6200 869.9900
1.4228294986e-01 4.0031893451e+00 2.9648647431e+00
101 84 68
2 1 3224 54.0601 678.5400 74 3411 94.0900 870.5500
-7.2829962683e-02 4.0446698570e+00 2.9745381895e+00
96 80 57
2 1 3225 18.8500 689.7500 74 3418 60.0000 885.7800
-3.1710945246e+00 3.7291072009e+00 3.1843364105e+00
233 197 141
2 1 3233 -566.4800 698.0400 74 3453 -490.0200 981.1899
1.7915081257e+00 4.2441064988e+00 2.9988569332e+00
138 112 89
2 1 3243 309.4200 710.3101 74 4991 358.9200 872.3000
-2.5823342373e+00 3.9863717317e+00 3.1398743266e+00
218 177 131
3 1 3255 -447.4900 738.4200 74 3459 -373.9000 1000.3201 46 3023 356.4600 342.6200
-4.4141346387e+00 3.6707201980e+00 3.3520224582e+00
214 196 184
2 1 3256 -849.5400 745.0800 74 3472 -808.9800 1075.0901
-8.7106381941e-01 4.4014157466e+00 3.0461878823e+00
219 194 161
2 1 3267 -122.1801 775.6000 74 5042 -67.6801 988.0500
-2.6151260101e+00 4.2428149327e+00 3.1681860843e+00
160 127 86
2 1 3272 -460.6000 789.2700 74 3470 -380.9800 1057.5601
9.0589588117e-01 -4.5193912216e+00 3.1554822094e+00
125 104 84
3 1 3435 181.6000 -817.9500 74 5553 177.6600 -499.7500 29 406 283.2700 224.8200
2.1832204568e+00 -3.8857584720e+00 3.0992626315e+00
106 106 102
2 1 3486 387.3900 -686.4800 74 3799 374.0000 -381.2900
-2.6832350592e+00 -3.5012630860e+00 3.1766365896e+00
123 99 96
2 1 3504 -469.9100 -656.2500 74 3822 -435.9100 -355.7300
-1.9752984775e+00 -3.3524719965e+00 3.0226519278e+00
152 136 121
4 1 3541 -323.1700 -610.0601 74 3855 -288.7400 -313.2200 53 3686 -113.1500 -39.8400 29 267 -285.0400 441.1500
-1.3484241496e+00 -3.3773507778e+00 2.9360561087e+00
211 203 182
2 1 3545 -207.5200 -605.5000 74 3857 -172.7100 -308.7900
-1.1116104475e+00 -3.3828961682e+00 2.9091615613e+00
207 197 189
6 1 3546 -166.2900 -602.3000 74 3858 -132.9000 -307.1000 78 4013 -274.4300 -190.3600 2 26812 -573.2500 -810.8201 47 4162 -47.9600 -58.0100 29 274 -106.0000 456.5100
-1.6927838417e+00 -3.3417934819e+00 2.9757819042e+00
214 204 193
6 1 3547 -268.8700 -602.6700 74 3859 -235.3300 -305.5300 53 3687 -86.8800 -37.1100 78 4014 -383.1300 -187.7800 2 26828 -613.8000 -808.8899 29 273 -225.6900 453.3100
-1.9486498916e+00 -3.2902494890e+00 3.0046973108e+00
208 189 157
4 1 3551 -316.0500 -597.5800 74 5679 -281.4000 -300.5000 53 5312 -108.9800 -34.1200 29 425 -279.8700 457.7400
-1.0926591090e+00 -3.0984590027e+00 2.8355750491e+00
175 159 133
5 1 3599 -160.9000 -547.4200 74 3905 -129.3600 -256.4200 53 3711 -34.2100 -14.1800 78 4037 -268.3100 -136.9500 2 26938 -567.8900 -790.6799
-2.4955503073e+00 -2.8023271990e+00 3.0095085208e+00
83 62 59
2 1 3621 -411.5300 -510.8800 74 3951 -389.6500 -218.3800
-2.6037921476e-02 -2.9236691563e+00 2.7233275360e+00
90 68 51
3 1 3622 28.3600 -509.4200 74 3942 47.5400 -222.9000 53 3729 52.3400 -0.0800
2.4490089560e+00 -2.8789571256e+00 2.9449817828e+00
78 63 49
2 1 3643 426.6899 -494.5699 74 5783 398.2000 -216.4500
-1.8743836489e+00 -2.7204325440e+00 2.8737243386e+00
164 146 130
2 1 3653 -289.6300 -484.6899 74 3974 -263.3900 -195.8400
-1.8743836489e+00 -2.7204325440e+00 2.8737243386e+00
164 146 130
2 1 3654 -289.6300 -484.6899 74 3975 -263.3900 -195.8400
7.1302581310e-01 -2.6878347681e+00 2.7039044535e+00
211 203 185
2 1 3674 155.9000 -462.6801 74 5833 158.0500 -184.7900
-2.2178500655e+00 -2.4708704704e+00 2.8971487370e+00
152 136 116
2 1 3699 -350.0900 -442.5699 74 4013 -331.2200 -155.5601
-2.2178500655e+00 -2.4708704704e+00 2.8971487370e+00
152 136 116
2 1 3700 -350.0900 -442.5699 74 4014 -331.2200 -155.5601
1.0061588363e-01 -2.4845701408e+00 2.6130578969e+00
150 127 109
2 1 3722 58.5100 -427.7000 74 5887 67.2200 -150.9000
5.2757570821e+00 -2.2946710409e+00 3.2793428640e+00
103 88 78
2 1 3725 870.1101 -422.8199 74 5885 907.5701 -150.5699
5.2938786403e+00 -2.2895658706e+00 3.2815430070e+00
103 88 78
3 1 3726 870.1101 -422.8199 74 5886 907.5701 -150.5699 28 704 213.0700 -396.4200
-2.3497045702e+00 -2.3407773609e+00 2.9046028238e+00
127 106 88
2 1 3732 -373.7200 -419.2500 74 4042 -356.2400 -133.7100
-8.1212216924e-02 -2.4141482657e+00 2.5894811067e+00
206 199 184
3 1 3738 27.4301 -415.8700 74 4037 38.4000 -140.3300 53 3786 49.2400 42.0600
5.3029115140e+00 -2.1431090816e+00 3.2683310022e+00
136 123 106
3 1 3753 870.9800 -395.2900 74 5922 907.5601 -127.8800 28 708 219.6400 -368.8200
-5.6204620975e+00 -1.7745508639e+00 3.5701014193e+00
95 68 64
2 1 3780 -1155.6500 -364.7400 74 4123 -1057.2700 -40.0000
-5.6204620975e+00 -1.7745508639e+00 3.5701014193e+00
95 68 64
2 1 3781 -1155.6500 -364.7400 74 4124 -1057.2700 -40.0000
-5.6889612056e+00 -1.7044924817e+00 3.5794866633e+00
243 233 198
3 1 3799 -1171.4700 -350.7900 74 4132 -1077.6799 -26.9900 46 5468 111.3900 -558.7800
2.8478612133e+00 -1.8598491449e+00 2.8722600496e+00
185 176 165
3 1 3833 484.9800 -318.6000 74 6025 463.2200 -63.1600 28 746 -272.8000 -228.9700
-4.6868484358e+00 -1.5458932538e+00 3.3414314419e+00
111 82 61
2 1 3849 -880.5100 -299.1700 74 4167 -805.4600 9.2700
-5.9355447300e+00 -1.4194469361e+00 3.6122073749e+00
248 240 203
2 1 3854 -1245.9900 -296.0100 74 4199 -1160.3000 35.3400
1.6488047950e+00 -1.6585387069e+00 2.6720954856e+00
196 183 161
2 1 3872 302.1801 -280.5800 74 6088 271.8800 -27.1300
-7.7983702523e-01 -1.5997758172e+00 2.4620619738e+00
223 207 184
3 1 3885 -76.9200 -272.9200 74 4153 -75.6200 -7.5300 6 6366 -70.4300 -80.8200
1.7422289613e+00 -1.5375550899e+00 2.6763400147e+00
187 170 144
2 1 3902 315.9200 -260.4200 74 4148 284.6000 -10.6801
3.3300836061e+00 -1.2196481394e+00 2.8957477292e+00
55 34 18
2 1 3946 552.5601 -213.9800 74 4182 535.3900 26.2000
1.3517220214e+00 -1.2334958573e+00 2.5986743045e+00
197 184 168
2 1 3954 257.8700 -210.1300 74 4196 228.5699 35.2200
1.8725716338e+00 -1.2080879185e+00 2.6755311606e+00
193 179 167
2 1 3960 334.8700 -207.1600 74 6167 296.8600 35.4800
-5.8904188255e+00 -9.7514355348e-01 3.5726161370e+00
233 201 160
2 1 3970 -1219.0699 -203.2400 74 4287 -1137.1600 132.8800
2.3412463487e-01 -1.1496256763e+00 2.4392079064e+00
191 181 167
3 1 3975 90.3199 -196.7700 74 6187 78.8600 55.2000 53 5660 71.0300 140.6100
3.4407269450e+00 -4.1184155694e-01 2.8787926301e+00
179 167 151
2 1 4079 565.9399 -80.7900 74 4295 564.3501 145.0601
4.5227455324e+00 -2.7524709674e-01 3.0314931268e+00
190 185 169
2 1 4094 732.4600 -60.3600 74 4313 732.2500 156.2200
-5.6966963722e+00 -2.5495629200e-01 3.4962507609e+00
115 81 81
2 1 4101 -1147.1700 -54.8199 74 4438 -1072.3300 282.8101
-3.5483996615e+00 -1.0343783490e-01 3.0303114121e+00
232 196 162
2 1 4135 -597.5300 -20.5400 74 4418 -550.1100 264.7300
-5.6454085295e+00 1.1928818628e-01 3.4746784508e+00
243 221 179
2 1 4180 -1130.1000 20.3201 74 4536 -1054.7300 359.8101
2.7740707648e+00 2.7981606379e-01 2.7865334026e+00
112 88 60
2 1 4196 465.0699 31.3500 74 6455 444.4800 242.6000
3.5005991715e+00 4.1197416635e-01 2.8817211715e+00
181 174 167
3 1 4221 573.4200 54.4900 74 4410 562.2000 260.1799 6 6527 86.8900 -27.4700
-2.2106833846e+00 4.1993164107e-01 2.7882961676e+00
222 190 139
2 1 4239 -324.2000 82.3000 74 4500 -322.0300 336.2300
2.2274813985e+00 6.5488979427e-01 2.7346576612e+00
149 120 96
3 1 4252 384.4800 93.2400 74 6538 366.9100 302.2900 28 591 -257.4000 207.7900
-1.9496411004e+00 1.0057506164e+00 2.7908404166e+00
218 199 170
3 1 4328 -274.9000 177.7000 74 6733 -268.7900 426.4600 53 6023 -101.0900 338.0300
-1.8473982644e+00 1.2141485096e+00 2.7952018758e+00
122 87 58
2 1 4356 -260.2900 213.7800 74 6771 -249.7900 459.5400
-1.9137564814e+00 1.2480135636e+00 2.8066852184e+00
194 169 133
2 1 4366 -272.6400 220.0100 74 4668 -261.5500 467.4299
-1.6602115878e+00 1.2799215790e+00 2.7784232273e+00
218 189 159
3 1 4373 -221.1000 223.1100 74 6782 -220.1300 463.7900 52 4416 19.4300 -494.7000
3.1666390185e+00 1.4747263789e+00 2.8719408224e+00
110 102 82
2 1 4380 518.2600 228.3301 74 6712 527.4500 416.2600
-2.8239359363e+00 1.3774470234e+00 2.9488476963e+00
240 213 171
2 1 4402 -451.3300 245.9700 74 6863 -417.9900 510.4600
-1.6233894571e+00 1.5456015606e+00 2.7997219220e+00
196 164 134
2 1 4421 -219.7300 268.7400 74 4715 -211.6500 508.0500
-1.2584205654e+00 1.8541253163e+00 2.7956357833e+00
74 49 18
2 1 4465 -155.9900 317.1400 74 4754 -149.8600 547.3900
3.5584853927e+00 2.2360080337e+00 2.9500472874e+00
187 184 192
2 1 4499 577.7700 355.0200 74 4732 595.3301 526.2900
3.2553505080e+00 2.3338148489e+00 2.9269626733e+00
65 37 26
2 1 4512 530.8199 371.3101 74 4748 552.2200 543.9299
-1.4605495516e+00 2.4231206002e+00 2.8727529277e+00
76 51 43
4 1 4548 -199.3900 416.5901 74 3321 -176.7500 648.1000 53 2975 -50.5700 453.3900 52 2065 38.1900 -395.7500
1.9516201627e-01 2.6898195225e+00 2.8194362692e+00
164 148 124
3 1 4567 76.9000 443.6699 74 4851 85.7600 643.8500 53 4317 84.2300 448.2500
2.5375172571e+00 2.9541742746e+00 2.9153305835e+00
149 141 128
2 1 4588 422.4399 475.8700 74 7022 450.9301 645.2600
-9.1704728467e-01 2.8535856306e+00 2.8788224487e+00
213 198 169
2 1 4603 -106.0100 484.7700 74 4897 -89.1300 702.6100
-5.0421145440e+00 2.4646562187e+00 3.3861994055e+00
238 231 224
2 1 4618 -986.3500 499.6400 74 3399 -941.2800 842.0100
9.3198863264e-01 3.1349863894e+00 2.8677782520e+00
115 104 74
2 1 4625 183.2800 511.2600 74 4896 206.3199 698.8500
-1.3465752523e+00 3.0329501301e+00 2.9278527087e+00
81 60 42
2 1 4634 -188.1801 522.9700 74 4920 -154.3900 751.4600
-1.3465752523e+00 3.0329501301e+00 2.9278527087e+00
81 60 42
2 1 4635 -188.1801 522.9700 74 4921 -154.3900 751.4600
9.3159118593e-01 3.8665885211e+00 2.9447814012e+00
189 177 163
2 1 4713 178.2200 643.9500 74 4967 217.5300 822.8700
3.2844305285e+00 4.0127858521e+00 3.0495042439e+00
164 160 153
2 1 4729 544.8400 665.6400 74 4959 577.9399 806.6700
-3.0459294025e+00 3.7138908746e+00 3.1675323131e+00
135 102 82
2 1 4751 -538.4400 691.1100 74 7346 -464.0500 969.3701
-9.6235281225e-01 4.4126959757e+00 3.0523873575e+00
91 70 40
2 1 4794 -138.8500 779.9800 74 5049 -82.8300 993.9500
9.4776161465e-01 4.9617307365e+00 3.0612747440e+00
89 67 56
2 1 4827 179.3800 858.2800 74 5064 234.6000 1026.4900
1.4577016232e+00 5.0282411329e+00 3.0716265110e+00
121 104 77
2 1 4831 258.9000 867.6799 74 5063 319.4100 1024.0901
1.0870015270e+00 5.1888257745e+00 3.0855866055e+00
109 91 69
2 1 4848 199.3600 904.7800 74 5073 263.5601 1068.6201
1.8514974560e+00 -5.0408307619e+00 3.3306455536e+00
57 46 60
2 1 4999 341.7400 -927.5601 74 7993 327.9000 -593.4700
1.0979566245e+00 -4.9607389263e+00 3.2734834769e+00
48 38 45
2 1 5005 211.9100 -914.6400 74 5503 211.9800 -584.1801
-1.3898005596e+00 -4.6367950929e+00 3.2579016610e+00
51 35 46
3 1 5030 -236.9700 -881.3101 74 8014 -208.2200 -564.7600 29 657 -181.4700 147.5500
3.1080003626e+00 -4.7187211846e+00 3.3639535533e+00
151 148 129
2 1 5037 533.5400 -871.0800 74 5531 554.4199 -537.0100
1.6921189222e+00 -4.6991221632e+00 3.2395305770e+00
124 106 97
2 1 5053 314.7600 -852.2500 74 8051 298.6300 -528.0100
1.2412785904e+00 -4.6684337527e+00 3.2066390466e+00
113 99 90
2 1 5057 238.7100 -848.3300 74 8052 230.8300 -526.2700
1.7659140941e+00 -4.5661614821e+00 3.2133319926e+00
60 44 49
2 1 5071 327.5699 -822.8900 74 8084 307.4600 -503.0100
1.1459982971e+00 -4.5189048876e+00 3.1652679760e+00
113 102 93
