# Bundle file v0.3
90 8863
0 0 0
0 0 0
0 0 0
0 0 0
0 0 0
0 0 0
0 0 0
0 0 0
0 0 0
0 0 0
2.8314640702e+03 8.5140626924e-02 -3.7310253200e-01
7.7651030178e-01 2.7531946161e-01 5.6677239284e-01
-2.7328694612e-01 9.5764020159e-01 -9.0771633126e-02
-5.6775522570e-01 -8.4406388156e-02 8.1885869680e-01
-2.4946990507e+00 5.8140234881e-01 -6.2724750951e+00
0 0 0
0 0 0
0 0 0
0 0 0
0 0 0
0 0 0
0 0 0
0 0 0
0 0 0
0 0 0
1.2286743660e+03 -4.0854852116e-02 1.9026483143e-01
8.2229481121e-01 2.0025346116e-01 5.3266292789e-01
-2.0821645815e-01 9.7700654255e-01 -4.5870713544e-02
-5.2960093468e-01 -7.3189938499e-02 8.4508347688e-01
-1.6156382939e+00 5.3461540394e-01 -6.5549746095e+00
1.1452704639e+03 -1.2846430304e-01 -7.4684838238e-03
8.8529489947e-01 2.0266919874e-01 4.1854287337e-01
-1.6117726775e-01 9.7797169945e-01 -1.3263952440e-01
-4.3620503129e-01 4.9965497652e-02 8.9845902506e-01
-1.5418353655e+00 1.3144035493e+00 -5.5714307099e+00
9.7840666275e+02 3.4280887507e-02 -1.4668118420e-01
9.1990594607e-01 1.5522004735e-01 3.6011079864e-01
-1.5222595470e-01 9.8765843473e-01 -3.6852069350e-02
-3.6138664766e-01 -2.0917772401e-02 9.3218138669e-01
-1.1638226321e+00 -1.7572465089e-01 -7.0978737963e+00
1.1525869341e+03 -1.7193785701e-02 1.3363254803e-01
7.9887418239e-01 1.8618877634e-01 5.7195609996e-01
-3.1254428920e-01 9.4093206400e-01 1.3024176836e-01
-5.1392227817e-01 -2.8280839892e-01 8.0987857207e-01
-1.9148464489e+00 -9.4200488011e-01 -6.4244091704e+00
1.0628733490e+03 -5.9595717930e-02 -4.3741709786e-02
8.8024379431e-01 1.6723688226e-01 4.4407509252e-01
-1.0803009273e-01 9.8188905260e-01 -1.5563864383e-01
-4.6206099343e-01 8.9026476963e-02 8.8236836114e-01
-1.6416889711e+00 2.8825936046e-01 -8.7016467322e+00
2.4272080754e+03 3.6190512925e-02 -6.9370236914e-02
9.2747577798e-01 1.3947614698e-01 3.4689347888e-01
-2.1544460301e-01 9.5765912581e-01 1.9097806626e-01
-3.0556882090e-01 -2.5186385842e-01 9.1825502586e-01
-3.7308101050e-01 -1.1139941141e+00 -6.7905946160e+00
0 0 0
0 0 0
0 0 0
0 0 0
0 0 0
1.3470403097e+03 -5.8717178147e-01 7.5888360592e-03
8.4986224310e-01 2.3325535018e-01 4.7257391947e-01
-8.4325940459e-02 9.4535084981e-01 -3.1496175408e-01
-5.2021467061e-01 2.2782386261e-01 8.2308747051e-01
-2.0708138049e+00 1.0962469563e+00 -1.3269894768e+01
9.5539658233e+02 9.8063156824e-02 -1.9396040838e-01
9.6189715899e-01 1.5751185362e-01 2.2348125537e-01
-1.6691579850e-01 9.8568604676e-01 2.3709353337e-02
-2.1654785094e-01 -6.0108511805e-02 9.7441982485e-01
-5.3575978609e-01 -4.0216862137e-01 -6.6524619616e+00
8.4604049732e+02 -1.9390635249e-01 7.0614269409e-02
8.9935968860e-01 2.1152571343e-01 3.8263432032e-01
-1.0228277187e-01 9.5268118012e-01 -2.8624605432e-01
-4.2507691670e-01 2.1830126338e-01 8.7843848578e-01
-1.2535083478e+00 1.6553363037e+00 -8.3807540677e+00
0 0 0
0 0 0
0 0 0
0 0 0
0 0 0
0 0 0
0 0 0
0 0 0
0 0 0
0 0 0
0 0 0
0 0 0
0 0 0
0 0 0
0 0 0
8.3303370287e+02 1.8124283402e-03 -2.2575481302e-02
9.6283775122e-01 1.8669238642e-01 1.9516510363e-01
-1.8769684405e-01 9.8213418451e-01 -1.3503271869e-02
-1.9419927795e-01 -2.3630414100e-02 9.8067744135e-01
-1.5607844061e+00 -1.3396687393e+00 -7.2094924444e+00
1.3312975890e+03 -4.2779724954e-02 3.7112829261e-01
9.0036437943e-01 1.8882902426e-01 3.9203008030e-01
-1.8602268296e-01 9.8149038859e-01 -4.5521187752e-02
-3.9336947732e-01 -3.1940831378e-02 9.1882546635e-01
-1.2746152580e+00 -4.4009534375e-01 -7.8758152632e+00
0 0 0
0 0 0
0 0 0
0 0 0
0 0 0
8.4581820343e+02 1.2176266241e-01 -4.5027806734e-01
9.9359430260e-01 1.1222562612e-01 -1.3257853670e-02
-1.1262959113e-01 9.9301375282e-01 -3.5188945782e-02
9.2161295543e-03 3.6456762682e-02 9.9929273359e-01
2.4488755632e-01 -1.1199024904e-01 -6.8509456885e+00
2.3087196353e+03 8.9284042097e-01 8.6355659003e-03
9.5294222138e-01 -3.9646267172e-02 -3.0054832593e-01
-2.0077535774e-02 9.8098079382e-01 -1.9306365458e-01
3.0248638858e-01 1.9001277763e-01 9.3402201744e-01
1.0162037361e+00 5.9798116440e-02 -1.6107047154e+01
9.9431935096e+02 2.6048190231e-02 -8.1590622105e-02
9.6044150485e-01 1.1069996449e-01 2.5553401657e-01
-1.5277609688e-01 9.7663666872e-01 1.5113001535e-01
-2.3283380336e-01 -1.8419102904e-01 9.5491470029e-01
-7.2749027901e-01 -1.1803170470e+00 -6.7571979658e+00
1.0171792674e+03 4.1472210214e-02 -1.4394779259e-02
-9.9079133514e-01 -5.9034247559e-02 -1.2185026803e-01
-5.7409708833e-02 -6.3187365119e-01 7.7294230979e-01
-1.2262404142e-01 7.7281993151e-01 6.2266579955e-01
2.0515825056e-01 -2.4205635941e+00 6.8970814474e-01
0 0 0
0 0 0
0 0 0
0 0 0
0 0 0
0 0 0
0 0 0
0 0 0
0 0 0
0 0 0
0 0 0
0 0 0
0 0 0
0 0 0
0 0 0
0 0 0
0 0 0
0 0 0
0 0 0
0 0 0
0 0 0
0 0 0
0 0 0
0 0 0
0 0 0
0 0 0
0 0 0
0 0 0
0 0 0
0 0 0
1.8245434413e+03 3.0654697542e-01 -9.8607445506e-02
8.1583190523e-01 2.7002477795e-01 5.1137551926e-01
-5.6203874937e-02 9.1712780832e-01 -3.9461083064e-01
-5.7555141112e-01 2.9319482006e-01 7.6339856605e-01
-1.8076599907e+00 1.4060112521e+00 -1.1859511738e+01
4.5908840220e+03 -6.2952516383e-01 -7.9753538993e-03
7.8931952130e-01 2.6261901503e-01 5.5498283418e-01
-1.1064942774e-01 9.4995054672e-01 -2.9214835772e-01
-6.0392996070e-01 1.6918986886e-01 7.7887315453e-01
-2.0015965141e+00 -2.2702143001e-01 -2.3020019785e+01
0 0 0
0 0 0
0 0 0
0 0 0
0 0 0
5.1512427170e+03 1.7700674986e-01 1.6926964030e-03
7.8187029770e-01 2.6556994877e-01 5.6404914669e-01
-1.0173328454e-01 9.4695668007e-01 -3.0483337233e-01
-6.1508469042e-01 1.8095758724e-01 7.6741460452e-01
-2.0917016498e+00 -1.1951594586e-01 -2.2585515857e+01
2.8274660140e+03 -1.0116888489e-01 5.0790261779e-01
8.3543513073e-01 2.2511613640e-01 5.0136899334e-01
-1.5056791121e-01 9.7110920800e-01 -1.8513835434e-01
-5.2856167706e-01 7.9181003190e-02 8.4519401457e-01
-1.6519981128e+00 3.1322079353e-01 -1.0840041885e+01
2.8009249880e+03 -5.3312559088e-02 1.7296602312e-01
8.0250738054e-01 2.2908722726e-01 5.5090919985e-01
-1.2884902188e-01 9.6810411895e-01 -2.1487751032e-01
-5.8256315858e-01 1.0145667640e-01 8.0642836575e-01
-2.2880534526e+00 7.2211557316e-01 -1.0642486879e+01
0 0 0
0 0 0
0 0 0
0 0 0
0 0 0
2.7534350499e+03 5.2966461331e-02 -2.7141658946e-01
8.0813041894e-01 2.5015725959e-01 5.3324156952e-01
-5.8024220774e-02 9.3473631170e-01 -3.5057269916e-01
-5.8613856365e-01 2.5236753568e-01 7.6990402723e-01
-2.1479369257e+00 2.4172112039e+00 -1.0415236469e+01
2.7759423838e+03 -5.3135159425e-02 9.0521698045e-02
8.8060254021e-01 2.1370325620e-01 4.2293035414e-01
-6.9751632632e-02 9.4126664789e-01 -3.3038130595e-01
-4.6869379760e-01 2.6143453456e-01 8.4378795217e-01
-7.0044247555e-01 2.1606890445e+00 -1.0660952965e+01
2.9524252005e+03 -4.8787716270e-02 1.0481317350e-01
8.1302155053e-01 2.2390946925e-01 5.3745744757e-01
-1.2145207679e-01 9.6801000826e-01 -2.1955868679e-01
-5.6942545729e-01 1.1323062077e-01 8.1420726790e-01
-2.0655552644e+00 9.8471403158e-01 -9.5191365407e+00
2.9399561870e+03 1.4730322045e-02 -1.9608504530e-01
8.2730654010e-01 1.7856559887e-01 5.3261450939e-01
-1.0002684066e-01 9.7980789521e-01 -1.7312169026e-01
-5.5277347970e-01 8.9948959916e-02 8.2846283245e-01
-1.9418226924e+00 6.2732375360e-01 -9.5831570499e+00
0 0 0
0 0 0
0 0 0
0 0 0
0 0 0
0 0 0
0 0 0
0 0 0
0 0 0
0 0 0
0 0 0
0 0 0
0 0 0
0 0 0
0 0 0
0 0 0
0 0 0
0 0 0
0 0 0
0 0 0
0 0 0
0 0 0
0 0 0
0 0 0
0 0 0
0 0 0
0 0 0
0 0 0
0 0 0
0 0 0
0 0 0
0 0 0
0 0 0
0 0 0
0 0 0
0 0 0
0 0 0
0 0 0
0 0 0
0 0 0
0 0 0
0 0 0
0 0 0
0 0 0
0 0 0
0 0 0
0 0 0
0 0 0
0 0 0
0 0 0
0 0 0
0 0 0
0 0 0
0 0 0
0 0 0
0 0 0
0 0 0
0 0 0
0 0 0
0 0 0
0 0 0
0 0 0
0 0 0
0 0 0
0 0 0
-2.9255322677e+03 1.4592190653e-01 4.2223134884e-01
9.8149481617e-01 -2.1761078908e-02 -1.9024820966e-01
-8.1986645152e-02 8.5009574300e-01 -5.2020709121e-01
1.7304946071e-01 5.2617837581e-01 8.3258044715e-01
9.5654594343e-01 2.0277362560e+00 3.5160126033e+00
0 0 0
0 0 0
0 0 0
0 0 0
0 0 0
3.7507796782e+03 -3.9465065608e-01 -1.7325885790e-03
8.1426776759e-01 3.0865356417e-01 4.9163093880e-01
-9.2568766221e-02 9.0512915989e-01 -4.1493641372e-01
-5.7306110162e-01 2.9235967785e-01 7.6558918003e-01
-1.7430728701e+00 1.2273157834e+00 -3.9040581461e+01
9.0741715602e+02 -9.3790290170e-02 -4.7121207700e-01
9.5251732172e-01 9.7773322845e-02 -2.8835937504e-01
-2.7826827391e-02 9.7103122825e-01 2.3732682409e-01
3.0321019031e-01 -2.1803378430e-01 9.2764478622e-01
1.0000999465e+00 -1.6436286498e+00 -7.1540470641e+00
0 0 0
0 0 0
0 0 0
0 0 0
0 0 0
2.1259024151e+03 -6.1843683389e-02 -2.5894172947e-03
8.1102661950e-01 2.7168260893e-01 5.1809688522e-01
-9.4141790625e-02 9.3469061994e-01 -3.4276926387e-01
-5.7738474670e-01 2.2922042886e-01 7.8363566105e-01
-1.8874965262e+00 3.8200771129e-01 -2.3146271036e+01
6.7804978347e+02 -9.4044040536e-02 2.2008924006e-02
8.8319802333e-01 2.4698651630e-01 3.9869651661e-01
-1.4320401197e-01 9.5151817776e-01 -2.7222374685e-01
-4.4660257785e-01 1.8333253438e-01 8.7574843379e-01
-1.3696685996e+00 5.1093541523e-01 -1.0307545973e+01
0 0 0
0 0 0
0 0 0
0 0 0
0 0 0
0 0 0
0 0 0
0 0 0
0 0 0
0 0 0
0 0 0
0 0 0
0 0 0
0 0 0
0 0 0
1.1172234588e+03 -2.0096352840e-01 1.4237452221e-02
8.4016734787e-01 2.5690579157e-01 4.7761725454e-01
-1.3685120467e-01 9.5261121707e-01 -2.7166821103e-01
-5.2477669094e-01 1.6288426370e-01 8.3551070686e-01
-1.7806431657e+00 6.4371535195e-01 -1.0910755454e+01
0 0 0
0 0 0
0 0 0
0 0 0
0 0 0
0 0 0
0 0 0
0 0 0
0 0 0
0 0 0
2.3545328659e+03 -4.7759921041e-02 3.9427994694e-02
9.4516245595e-01 1.5178634151e-01 2.8918651143e-01
-2.8863899419e-02 9.2079977850e-01 -3.8896612093e-01
-3.2532262014e-01 3.5928912376e-01 8.7468652578e-01
4.5678181317e-01 2.7626902287e+00 -9.1173852578e+00
2.4718170477e+03 -2.9906629152e-02 6.1304521644e-02
8.6709409337e-01 1.9868022897e-01 4.5680849363e-01
-1.3833530067e-01 9.7698961524e-01 -1.6234111095e-01
-4.7855112352e-01 7.7572278104e-02 8.7462641387e-01
-1.5257875130e+00 8.8700565009e-01 -7.6469615405e+00
0 0 0
0 0 0
0 0 0
0 0 0
0 0 0
2.4702592853e+03 -3.1545572294e-02 9.2614444647e-02
8.6827388561e-01 1.9171002158e-01 4.5754532801e-01
-8.6271553330e-02 9.6661049987e-01 -2.4129102889e-01
-4.8852602658e-01 1.7003355305e-01 8.5582177595e-01
-1.4888026229e+00 1.6063556310e+00 -7.5703814576e+00
2.4805931764e+03 -1.5512504725e-02 2.3540404763e-02
8.9734744037e-01 1.9804749854e-01 3.9439163225e-01
-3.8246425888e-02 9.2519003067e-01 -3.7757200381e-01
-4.3966439721e-01 3.2372920084e-01 8.3779151485e-01
-9.3963085414e-01 2.7442807775e+00 -7.3512999438e+00
1.0635184905e+03 9.8448178885e-02 -3.7488239046e-01
8.4616564545e-01 2.5362152212e-01 4.6870014292e-01
-4.5629229342e-02 9.1074418017e-01 -4.1044245847e-01
-5.3096296847e-01 3.2591588147e-01 7.8221299166e-01
-1.9296495189e+00 2.9950882556e+00 -6.2614997027e+00
0 0 0
0 0 0
0 0 0
0 0 0
0 0 0
0 0 0
0 0 0
0 0 0
0 0 0
0 0 0
2.3162929024e+03 1.2362603620e-02 -9.2734132293e-02
8.2980518077e-01 2.4061012247e-01 5.0351775632e-01
-9.7440314185e-02 9.5088576613e-01 -2.9380545425e-01
-5.4948043380e-01 1.9473835970e-01 8.1249506099e-01
-1.8554209325e+00 1.6674088931e+00 -9.0813305820e+00
2.3572281857e+03 -3.1147801843e-02 4.9186469045e-02
8.7471738434e-01 2.1786763722e-01 4.3290090111e-01
-7.9747550887e-02 9.4578489817e-01 -3.1485116250e-01
-4.7802701352e-01 2.4088299868e-01 8.4466890276e-01
-1.0928200513e+00 1.9381719973e+00 -9.2697763280e+00
1.2140430505e+04 -1.1358567324e-01 -1.6270368808e-03
8.6813760745e-01 2.1445207612e-01 4.4760183374e-01
-7.2711387058e-02 9.4705753331e-01 -3.1272205357e-01
-4.9096858221e-01 2.3894002520e-01 8.3776936901e-01
-1.6071295866e+00 2.2208128582e+00 -7.6622786275e+00
2.4722224794e+03 -2.9628692713e-03 -1.8368874365e-02
8.7984656622e-01 1.9753584361e-01 4.3226104427e-01
-1.2675609238e-01 9.7411903448e-01 -1.8714967194e-01
-4.5804247941e-01 1.0987127537e-01 8.8211415922e-01
-1.2708915453e+00 1.1001865436e+00 -7.7173841443e+00
2.5478476041e+03 -6.7026666269e-03 2.0892112815e-01
-9.9669107282e-01 2.7522865500e-03 8.1236262042e-02
4.1689696251e-02 -8.4064870778e-01 5.3997381356e-01
6.9777321376e-02 5.4157379462e-01 8.3775232044e-01
-6.9859808956e-01 -2.5276627408e+00 1.1357557868e+00
0 0 0
0 0 0
0 0 0
0 0 0
0 0 0
8.7041720583e+03 -3.6080841443e+00 -1.6553367951e-01
8.6947480351e-01 2.2428315613e-01 4.4012570015e-01
-4.3869689660e-02 9.2252247247e-01 -3.8344196186e-01
-4.9202542250e-01 3.1408494657e-01 8.1194927794e-01
-1.4842764116e+00 1.6674743565e+00 -1.8169356814e+01
8.8422917075e+03 -3.1471347275e+00 -6.4423786406e-02
8.6570342464e-01 2.5140871257e-01 4.3284089435e-01
-6.4541168623e-02 9.1356316736e-01 -4.0154299495e-01
-4.9637890580e-01 3.1968108871e-01 8.0710097472e-01
-1.5053589735e+00 1.8624346833e+00 -1.7862366999e+01
-2.7154166456e+01 7.4673915754e-05 3.5651470109e-07
9.7552768269e-01 1.3568729846e-01 1.7301646552e-01
-6.3278537071e-02 9.2684083019e-01 -3.7008364221e-01
-2.1057437415e-01 3.5007860906e-01 9.1274498105e-01
-6.5072555882e-01 1.1237676548e+00 -3.5112222041e+00
0 0 0
0 0 0
0 0 0
0 0 0
0 0 0
0 0 0
0 0 0
0 0 0
0 0 0
0 0 0
0 0 0
0 0 0
0 0 0
0 0 0
0 0 0
3.7577707443e+03 -6.8282067983e-02 -5.7282138401e-01
8.6659997555e-01 2.4780092660e-01 4.3312721360e-01
-5.0931639445e-02 9.0737536099e-01 -4.1722406734e-01
-4.9639747228e-01 3.3950648748e-01 7.9895237310e-01
-1.5587897390e+00 2.3011490388e+00 -1.2894225021e+01
7.1247017168e+03 1.2272863846e-01 -2.4701141206e-02
8.6223791193e-01 2.3588459149e-01 4.4822342948e-01
-1.5351265220e-03 8.8614948988e-01 -4.6339694106e-01
-5.0650116152e-01 3.9887033118e-01 7.6443379850e-01
-1.6902082139e+00 3.1617503380e+00 -1.4006505468e+01
7.7124469189e-01 4.6068273882e-01 3.9024283385e+00
193 184 169
23 55 351 395.6801 135.1599 84 176 482.9700 34.5900 23 105 320.4300 -79.0000 24 105 320.4300 -79.0000 69 293 547.1600 322.8700 71 299 572.4500 567.3700 80 268 618.2200 419.9700 72 205 799.9099 965.3899 5 96 389.1200 211.6800 19 138 299.5400 -89.4000 65 517 120.8300 -11.1300 12 325 71.7300 33.3800 14 124 166.2000 147.2200 35 314 375.9301 -31.0000 38 340 237.5000 509.8000 39 251 628.7100 452.1599 68 301 961.3601 663.9800 36 276 209.5400 78.8101 57 313 101.0800 -2.9100 22 219 113.8200 -46.3300 32 209 203.9000 -224.1900 58 80 181.7700 -76.6100 61 309 94.2700 -19.6200
-1.1365956168e+00 1.7241100489e-01 3.5766877469e+00
195 188 178
28 55 1116 -391.3700 190.1200 84 934 -630.2600 16.5100 21 882 -233.1200 14.5500 23 567 -282.0100 -96.8800 24 566 -282.0100 -96.8800 69 871 -524.7200 393.9700 71 639 -506.7700 633.7700 79 880 -425.1000 456.3500 80 806 -444.8300 486.1200 88 1581 -374.8200 411.9399 72 588 -335.7300 1040.6599 5 446 -256.6500 318.8800 7 375 -258.8600 10.3100 13 416 -258.9900 11.7000 19 603 -274.8900 -70.3000 65 1600 -149.2400 0.7100 8 280 -289.8200 13.1600 9 677 -215.6700 6.5400 10 391 -126.6500 -22.7800 12 1542 -177.2800 32.4500 14 492 -149.5600 161.8500 35 1291 -306.1100 -0.8200 39 1152 -63.8900 481.5601 18 801 -455.9400 -240.5800 57 1847 -88.8300 2.2900 22 1144 -202.6000 -77.4100 60 2355 -96.8700 -60.7000 61 1682 -91.0700 -12.4700
-1.1351272457e+00 1.7190360101e-01 3.5771490530e+00
195 188 178
25 55 1115 -391.3700 190.1200 84 933 -630.2600 16.5100 21 881 -233.1200 14.5500 23 566 -282.0100 -96.8800 24 565 -282.0100 -96.8800 69 870 -524.7200 393.9700 79 879 -425.1000 456.3500 80 805 -444.8300 486.1200 88 1580 -374.8200 411.9399 5 445 -256.6500 318.8800 7 374 -258.8600 10.3100 13 415 -258.9900 11.7000 19 602 -274.8900 -70.3000 65 1599 -149.2400 0.7100 8 279 -289.8200 13.1600 9 676 -215.6700 6.5400 10 390 -126.6500 -22.7800 12 1541 -177.2800 32.4500 14 491 -149.5600 161.8500 18 800 -455.9400 -240.5800 57 1846 -88.8300 2.2900 22 1143 -202.6000 -77.4100 31 1974 -182.8200 49.5500 60 2354 -96.8700 -60.7000 61 1681 -91.0700 -12.4700
-1.1207994280e+00 7.3758007184e-01 3.3672152312e+00
201 193 184
29 55 1187 -364.7400 449.5601 84 978 -572.7800 337.4000 23 623 -251.6200 65.0600 24 622 -251.6200 65.0600 69 932 -484.6600 728.0901 71 1064 -474.7400 982.7600 79 947 -386.8900 789.3201 88 1630 -352.0500 647.1299 7 671 -236.0600 164.4400 13 441 -225.0700 179.7400 19 648 -249.6000 103.0700 65 1666 -138.9200 87.9800 8 522 -255.4500 186.9100 9 718 -206.2100 125.4300 12 1600 -169.9500 111.9800 35 1362 -286.3900 222.9800 38 1163 -428.1500 788.9800 39 1218 -44.8200 711.2200 68 1357 202.8000 914.9299 36 1163 -455.9600 334.6300 41 615 -458.3200 423.4800 18 875 -414.0100 -100.2800 57 1897 -81.1500 63.7000 77 1136 -187.6300 685.7000 22 1856 -193.5800 29.0200 31 2053 -172.8900 176.6000 32 1466 -192.0800 -91.3500 60 2458 -91.9500 2.5300 61 1741 -83.3300 46.2100
-1.7094786260e-01 4.3951236240e-01 3.7064256633e+00
91 74 57
2 55 22317 28.5200 206.9199 84 7404 -48.6100 77.6400
7.0718110292e-01 5.3373125015e-01 3.8594075814e+00
90 80 63
14 55 8184 374.9900 172.9700 84 5191 447.3101 81.3800 23 2975 299.5700 -56.3600 24 2974 299.5700 -56.3600 69 4560 515.7700 370.1801 71 4712 541.2300 615.5900 79 4224 606.3000 437.0800 80 3978 587.8800 467.1400 72 4352 769.3799 1019.5200 5 2776 369.1400 240.4000 7 2083 250.9800 26.3600 8 1543 286.3700 -49.9800 14 3005 157.4500 161.5300 32 8511 192.7500 -203.1800
-5.4131647720e-02 4.4322862355e-01 3.7249060516e+00
91 74 51
3 55 8273 71.2500 203.3900 84 5187 8.2800 79.8800 24 2966 64.9600 -60.6300
-4.4145347892e-01 3.8431194186e-01 3.6519940818e+00
163 152 142
15 55 3592 -81.1600 218.1599 84 3461 -217.3000 87.3300 21 1900 -47.5800 53.1200 23 1329 -54.2500 -56.7700 24 1328 -54.2500 -56.7700 5 1868 13.6200 313.3000 7 1354 -54.9000 38.7700 13 1052 -25.5800 43.8600 65 4715 -44.8700 12.9800 10 1082 379.1899 31.4700 2 1373 -616.0000 679.6899 18 2570 -278.9100 -216.9500 34 2749 -70.9500 -216.4800 22 4124 -89.5500 -43.3700 58 1996 -92.1500 -86.7700
-4.5885789722e-01 4.6854384174e-01 3.6162041707e+00
189 179 170
23 55 2424 -86.7200 255.9800 84 2304 -223.0900 136.4900 21 1280 -49.5400 75.1200 23 2011 -58.1200 -31.9500 24 2007 -58.1200 -31.9500 80 1780 -32.5699 574.8799 5 1899 9.5700 343.0400 7 941 -58.9900 61.7000 13 1071 -29.5100 69.5100 19 1331 -56.2100 -16.6000 65 3263 -47.0200 25.7500 8 1625 -43.9600 38.2200 9 1435 -73.1200 48.0700 10 2588 365.5500 86.8600 12 3340 -85.7500 60.1300 14 1740 -30.3000 189.1500 35 2868 -45.3800 64.9199 38 2443 -181.7600 617.1799 36 1710 -210.8000 174.3400 2 1400 -616.3200 755.7900 34 1773 -74.6100 -193.1700 31 4873 -47.0700 90.5900 61 2563 -21.4400 5.0100
-1.2413253067e+00 1.1459920860e-01 3.5756960498e+00
186 176 166
16 55 8183 -441.7300 172.3700 84 5027 -700.0000 -9.6700 21 3933 -265.2600 2.0500 23 2817 -321.4000 -110.1300 24 2816 -321.4000 -110.1300 69 4566 -594.2800 373.4100 71 6584 -576.4900 611.6400 79 5871 -492.5500 436.4399 72 4351 -405.7900 1018.1899 5 2945 -303.1100 312.0700 7 2911 -292.8400 -0.8400 13 2751 -298.9800 -0.5900 8 2285 -333.4100 6.3700 10 3738 -208.0100 -45.6800 31 13951 -205.3000 38.8500 58 4280 -256.0900 -141.2000
-1.1083471747e+00 2.1635443425e-01 3.5661064975e+00
170 159 145
24 55 5315 -377.3700 207.2200 84 3438 -611.0400 38.4900 21 2790 -224.2100 24.9000 23 2897 -270.7100 -84.2100 24 2896 -270.7100 -84.2100 69 4602 -504.0300 417.4301 71 3259 -487.1400 657.5200 79 4261 -404.4100 480.2600 88 4957 -362.2500 427.9301 72 2916 -314.6600 1067.7600 5 1892 -243.3500 331.4500 7 2073 -248.7300 21.9500 13 2813 -247.3400 24.1900 19 1947 -264.1000 -57.4900 8 1617 -276.7300 25.1500 9 3020 -209.2100 15.4000 10 2512 -102.4900 3.7300 35 6952 -293.4200 15.6300 38 5673 -434.9100 572.1899 39 6008 -50.5300 498.8500 18 2551 -446.9600 -231.0800 22 6571 -197.1800 -68.5700 31 7990 -177.1400 57.2600 58 2948 -223.7300 -120.9400
8.5469834637e-01 5.4106138095e-01 3.8926337887e+00
99 90 76
8 55 8156 428.1500 160.3500 84 7392 525.4900 73.4800 23 4119 343.0200 -58.2200 24 4121 343.0200 -58.2200 71 6571 613.7400 602.8201 72 6097 846.8301 1005.3301 5 4134 413.0800 230.2600 8 2182 326.0800 -58.2700
-9.4318501095e-01 2.5858058709e-01 3.5866639345e+00
159 147 135
15 55 8290 -301.4400 209.5000 84 7330 -510.3100 51.0400 21 4022 -180.1300 31.5000 23 4060 -215.5500 -77.6200 24 4062 -215.5500 -77.6200 69 6535 -400.1800 420.7200 71 6633 -381.4600 661.9399 79 5920 -302.4400 483.3101 80 5736 -322.2800 513.4099 88 10817 -296.6900 434.1200 72 4413 -205.5100 1072.0200 5 4366 -175.7500 326.7100 7 3001 -198.8400 25.8400 8 2300 -213.4900 21.1400 34 11239 -194.5000 -232.3200
7.5992394767e-01 5.7774973415e-01 3.8560123446e+00
183 168 148
6 55 5286 393.5400 185.1899 84 5230 472.0800 102.3800 80 4001 612.9000 484.9500 72 2901 798.6899 1040.6799 5 2801 385.3900 249.7700 58 2075 176.0600 -47.8100
-9.4824942799e-01 2.9118198852e-01 3.5728774744e+00
189 178 167
8 55 8325 -302.3400 224.8700 84 7390 -513.9700 72.3400 23 2953 -216.4100 -66.2100 24 2952 -216.4100 -66.2100 72 4426 -206.5100 1096.0100 5 2996 -174.4500 340.2600 8 2324 -212.5400 33.7800 34 6953 -196.5300 -224.1300
-9.4923994193e-01 2.9031137338e-01 3.5730328277e+00
189 178 167
6 55 8326 -302.3400 224.8700 84 7391 -513.9700 72.3400 21 4053 -181.9100 41.3200 23 2954 -216.4100 -66.2100 24 2953 -216.4100 -66.2100 5 2997 -174.4500 340.2600
7.2372636310e-01 6.0719467535e-01 3.8362684492e+00
105 96 79
16 55 8260 381.4301 200.1500 84 7496 451.8500 121.7900 23 3007 300.1100 -34.9400 24 3006 300.1100 -34.9400 69 6520 521.9700 407.8199 71 6621 548.0500 654.7600 80 5723 594.6200 505.4000 72 4408 780.2200 1063.5500 5 4219 374.5300 262.6900 19 3744 284.6100 -42.7000 8 2234 288.9700 -29.3300 68 6965 946.4399 728.8101 18 3496 -0.1400 -214.3300 77 4999 504.2800 470.0500 32 8590 193.4100 -190.1100 58 3179 166.8100 -40.6800
6.2652670925e-01 6.0914320738e-01 3.8123874877e+00
182 172 154
13 55 13029 345.5000 211.0400 84 7511 396.7300 131.3101 23 4201 271.7200 -31.1700 24 4203 271.7200 -31.1700 69 6533 475.9000 420.7000 71 6639 500.8199 667.8400 79 5924 565.9301 487.8401 80 5739 547.4301 518.3000 72 4418 729.9700 1078.3201 5 4250 347.5900 272.4600 7 3059 228.4800 49.7600 8 3083 264.3400 -21.0900 10 3897 1079.9800 39.5900
-7.6944543290e-02 5.1274612570e-01 3.6866983157e+00
146 136 126
12 55 3601 70.6500 236.7000 84 3496 -2.1899 130.3800 21 1921 53.3100 76.0200 88 5015 40.1300 476.7000 5 1867 135.9400 313.8700 65 4729 6.8800 20.8100 8 1599 71.9000 13.5700 10 2566 622.8700 65.3300 12 3332 -36.7900 58.0000 14 1720 32.7400 183.1100 2 2220 -287.2100 662.7900 58 2049 -12.0400 -61.2500
4.0097305867e-01 6.1076570460e-01 3.7591517827e+00
179 174 158
9 55 5339 257.4301 234.2000 84 3514 265.7500 151.0100 82 4064 370.1500 436.2200 83 4482 365.1200 515.4500 21 1947 183.5400 90.5700 23 2018 201.3400 -22.5600 24 2014 201.3400 -22.5600 88 5028 216.3600 484.5100 58 2084 91.5400 -39.5600
-1.0121243683e+00 3.6291857311e-01 3.5315962381e+00
189 181 173
6 55 5372 -328.0100 264.9500 84 5249 -544.9700 119.6500 21 2843 -194.5200 62.4200 13 1766 -209.8300 65.9600 34 4354 -211.8900 -201.3500 31 8096 -156.3000 86.7500
-1.0108149372e+00 3.6494174853e-01 3.5310604175e+00
189 181 173
21 55 5373 -328.0100 264.9500 84 5250 -544.9700 119.6500 21 2844 -194.5200 62.4200 69 3082 -436.6200 494.4900 71 3275 -420.7400 737.9800 79 2873 -339.1600 556.7700 80 2685 -360.0500 586.8701 88 5024 -321.9900 482.7700 5 1928 -197.8600 374.7900 7 1379 -217.1800 59.4500 13 1767 -209.8300 65.9600 19 1966 -228.7400 -16.2700 65 4739 -127.9900 26.5800 8 1643 -233.0300 64.1900 9 2078 -187.4300 43.7900 10 2591 -25.1300 90.9299 18 2608 -414.9600 -196.1300 34 4355 -211.8900 -201.3500 22 4126 -181.7000 -41.9600 31 8097 -156.3000 86.7500 58 3072 -199.6700 -88.6000
1.2375376667e+00 1.2336417369e+00 3.7275839630e+00
127 135 137
13 55 8569 568.7600 408.0801 84 3659 713.8899 423.0601 80 5913 831.1000 771.3799 19 2846 409.9200 103.1000 10 2699 1345.9700 312.4500 35 19433 522.7200 212.8201 38 14709 397.3700 757.0701 39 16736 790.3400 709.4299 36 17765 353.7400 322.7900 41 3596 536.2400 441.9199 77 5125 684.8401 671.4700 40 2598 509.3300 504.2700 76 6772 481.9500 579.7100
-2.3093471143e-01 1.0248141907e+00 3.4596914509e+00
146 136 127
9 55 3743 19.5100 474.5601 84 3655 -72.1200 421.1799 23 2141 13.1900 105.9000 24 2137 13.1900 105.9000 65 4858 -9.4600 100.9300 8 1731 24.2600 166.0200 9 2168 -27.6000 151.2500 18 1872 -201.3800 -73.9400 58 2204 -25.0900 42.8100
8.6100209374e-01 5.2196854704e-01 3.9014982113e+00
183 174 157
5 55 12836 428.5601 152.0500 84 7358 527.7000 61.5300 23 4102 344.6500 -64.6100 24 4104 344.6500 -64.6100 58 4592 199.6500 -62.0800
-1.0869746336e+00 2.2554488409e-01 3.5674438366e+00
82 72 59
18 55 13025 -368.1800 209.3600 84 10874 -596.0000 42.8700 21 4004 -217.3600 26.9000 23 4050 -263.4100 -82.6100 24 4052 -263.4100 -82.6100 69 6532 -490.6100 419.1899 71 6631 -473.0699 660.0601 79 5918 -391.4200 482.0000 80 5733 -411.5000 512.0200 88 10805 -352.7700 430.7400 72 6190 -300.1700 1070.5100 5 6045 -234.6700 331.7600 13 4468 -239.8600 25.4200 19 3728 -257.1300 -56.2200 8 3149 -268.6800 25.3300 38 14418 -426.1200 573.8800 39 16056 -43.0500 499.9099 58 4368 -217.9900 -119.0200
-2.6676898892e-02 1.0494659704e+00 3.4973568898e+00
53 48 40
17 55 8692 101.4100 463.3900 84 7938 40.6400 418.2400 23 4458 70.8200 104.1100 24 4460 70.8200 104.1100 69 6770 140.3700 739.6099 79 6135 231.6400 806.1699 80 6005 212.4000 837.4399 7 3298 57.6900 187.8900 9 3188 10.9600 149.5800 10 6140 613.4600 359.2100 35 11543 114.1100 248.7200 38 9044 -15.8800 804.9500 68 7127 657.7700 973.9299 36 8476 -51.7700 358.9800 41 3617 37.8200 470.0100 2 5902 -199.3100 1047.7300 77 8538 242.4200 711.2900
-4.3320353193e-01 -2.4348852212e-01 3.8905398783e+00
145 124 103
7 55 33425 -87.0300 -82.4301 84 10126 -271.0200 -309.9301 23 5513 -65.3900 -262.6100 24 5525 -65.3900 -262.6100 13 6970 -46.5600 -168.6600 2 8076 -692.4000 113.9100 6 3740 -203.5800 375.4100
-4.4811949467e-01 -2.4163268834e-01 3.8869444259e+00
102 84 64
6 55 33449 -89.2600 -79.7400 84 15318 -274.7200 -305.6100 83 35751 -171.7300 63.7900 23 5520 -66.7600 -260.2300 24 5532 -66.7600 -260.2300 6 5408 -206.8900 380.1200
1.3110987402e-01 3.9820623494e-01 3.7730595948e+00
182 172 161
6 55 22095 151.9900 168.6200 84 16548 115.3800 49.0400 23 6283 126.8400 -74.2800 24 6297 126.8400 -74.2800 72 8879 447.2900 1012.5701 2 13370 -127.3200 507.3900
1.2218799910e-01 4.0876457122e-01 3.7673067214e+00
174 165 155
5 55 22115 148.9400 173.4099 84 10908 110.3800 55.7600 23 6296 123.6400 -70.6800 24 6310 123.6400 -70.6800 2 13385 -134.1400 520.0801
1.4867601908e-02 -5.6710053222e-01 4.1202107653e+00
137 121 108
15 55 1487 89.6600 -261.4800 84 803 -1.2800 -568.2800 82 1566 125.8900 -251.8300 83 1134 91.0500 -187.2700 21 428 40.4300 -256.3400 23 283 101.7000 -407.9400 24 283 101.7000 -407.9400 88 2103 38.8300 20.1300 89 1114 22.2800 481.0400 5 296 196.4100 -84.3300 65 2142 7.8200 -150.4500 12 1362 -33.7700 -99.8500 6 127 45.4100 131.7500 22 1522 -34.1200 -247.2200 73 520 -44.9000 262.1300
-1.1254006007e-01 -5.6618909204e-01 4.0905063672e+00
129 114 95
8 55 4683 38.4700 -249.5200 84 3027 -75.9600 -554.2600 21 2336 5.4000 -249.0300 23 1076 54.7300 -402.4900 24 1073 54.7300 -402.4900 14 2339 14.8600 -7.7200 2 1829 -426.0900 -304.4399 6 718 -29.2800 143.5400
-8.1558836771e-01 8.0543969522e-01 3.4090552473e+00
177 168 161
28 55 1182 -228.8500 445.2900 84 1552 -401.1500 352.3401 21 1326 -127.2700 168.5400 23 976 -159.6900 72.6000 24 974 -159.6900 72.6000 69 929 -300.8900 722.3000 71 1061 -287.2800 976.8799 79 940 -206.2400 784.1599 80 866 -226.4200 815.6899 7 677 -151.4900 166.7500 13 727 -130.5400 184.5700 19 646 -156.0400 103.8400 65 1665 -93.8900 88.1600 8 509 -152.6300 170.8500 9 721 -143.6100 128.3400 12 1608 -129.2800 114.3400 35 1361 -170.1801 222.9600 38 1159 -307.9600 786.2200 68 1363 331.1500 922.8201 36 1162 -338.0300 334.4900 41 854 -313.0000 428.7300 2 622 -887.1000 1154.4700 18 1291 -341.9100 -97.5400 34 1873 -159.8400 -85.7100 57 2770 -51.0200 65.1600 31 3242 -112.2900 180.3700 32 1477 -125.5900 -86.5900 61 1745 -53.1100 46.6700
-4.9294456016e-01 4.2546169185e-01 3.6246789574e+00
182 172 162
14 55 2418 -103.9700 240.8201 84 2301 -244.6500 115.3201 21 1273 -59.6200 65.0400 23 914 -69.4300 -42.6800 24 912 -69.4300 -42.6800 65 2347 -52.5500 20.5000 12 2302 -90.1000 54.7200 14 1133 -37.2300 183.1200 2 897 -657.3800 734.7200 18 1242 -288.3200 -204.0800 57 2721 -23.4600 17.6000 31 3162 -54.3100 82.8700 60 3462 -30.6000 -43.3400 61 2556 -25.4200 1.5700
-2.1882536769e-01 -5.2068039757e-01 4.0480685834e+00
106 83 70
22 55 3232 -3.8200 -223.5200 84 2005 -147.6100 -513.8400 82 2442 -9.9700 -205.0100 23 727 13.4100 -378.8100 24 726 13.4100 -378.8100 69 2748 17.7400 -152.5200 71 2903 43.8000 86.5300 79 2580 109.9000 -83.0800 80 2336 92.6100 -53.3400 88 4404 -47.9301 54.0699 89 2670 -123.2700 533.6000 72 2506 220.1000 455.7800 5 946 110.9400 -46.4000 13 504 26.8700 -286.6400 19 1100 3.9200 -360.8300 65 4345 -24.5300 -137.8400 10 864 646.5701 -669.3500 14 1408 -3.8500 3.4900 38 5157 -109.2500 197.3000 2 1163 -523.1300 -227.3900 6 445 -88.9700 187.7400 73 1342 -119.6000 296.1400
-4.2835638798e-01 -5.2984142874e-01 4.0034835708e+00
189 179 166
10 55 3241 -91.6200 -212.2300 84 2008 -283.4100 -502.7500 88 3083 -128.9700 61.7900 89 2675 -259.6300 543.7600 5 952 31.1400 -30.7700 7 785 -62.3800 -242.3900 13 505 -51.6800 -279.1300 2 1177 -736.3600 -180.0601 6 453 -217.6700 209.8200 73 1352 -191.7900 310.1300
1.0625971714e-01 4.9194455233e-01 3.7342246047e+00
172 162 150
7 55 1689 143.4100 210.5400 84 1476 102.5900 104.7200 23 907 117.1800 -46.2200 24 905 117.1800 -46.2200 88 2362 108.8400 456.6000 5 1206 193.4500 288.2500 2 1362 -142.9900 589.7600
-5.2258170905e-01 3.7361135563e-01 3.6379609909e+00
174 164 152
15 55 2413 -116.6900 220.5601 84 2289 -262.1100 87.2500 23 1331 -78.5300 -56.9300 24 1330 -78.5300 -56.9300 72 1944 61.0500 1091.0701 5 1219 -14.7400 319.3200 7 1356 -77.6300 39.0700 13 1054 -51.1400 44.5700 65 3254 -56.9400 13.4800 8 1038 -65.6500 16.4300 10 1084 324.3000 36.0100 14 1128 -41.9600 175.2100 2 1378 -688.3500 699.3900 34 2753 -90.5700 -215.7700 60 3450 -33.7500 -48.7800
-5.0016120774e-01 3.9416454461e-01 3.6348251464e+00
95 85 68
10 55 2416 -106.6900 227.4199 84 2293 -250.3500 98.9100 88 3369 -123.4000 460.1700 5 1229 -6.6800 323.6500 65 3257 -53.6900 15.9700 10 1087 339.2100 45.9300 12 3309 -91.1900 50.4800 14 1714 -38.3100 178.0600 2 1382 -666.2200 710.2600 34 2761 -85.7800 -212.2100
-1.1087257391e-01 -5.6617752335e-01 4.0908903366e+00
129 114 95
9 55 4684 38.4700 -249.5200 84 3028 -75.9600 -554.2600 21 2337 5.4000 -249.0300 23 1077 54.7300 -402.4900 24 1074 54.7300 -402.4900 88 4372 -5.5000 30.1300 89 4197 -51.5699 493.9800 2 1830 -426.0900 -304.4399 6 719 -29.2800 143.5400
-1.9702970016e-01 -5.0780429226e-01 4.0479822764e+00
95 75 61
25 55 4697 5.8400 -218.6700 84 2006 -134.7900 -507.5900 82 2448 2.0200 -198.5900 23 729 20.8900 -374.5000 24 728 20.8900 -374.5000 69 2750 30.4600 -145.9600 79 2585 122.7600 -76.5500 80 2338 104.6700 -47.2500 88 4410 -41.1000 57.4500 89 2674 -111.6899 539.7700 72 2509 232.4500 462.0100 5 948 120.1600 -42.1800 13 807 33.9100 -283.0400 19 1102 10.8700 -357.4700 8 575 65.8300 -329.5400 10 866 663.7700 -659.8300 12 2965 -60.9200 -87.6300 14 1410 0.0500 5.1000 35 6073 40.2600 -345.2500 68 3882 563.9800 297.7400 36 5095 -124.2400 -235.6700 2 1868 -498.9800 -219.0699 6 448 -76.0300 192.5400 22 2434 -71.2700 -231.6800 73 1344 -111.8700 299.3100
-1.4178032182e-01 -4.5938380735e-01 4.0417457425e+00
151 139 125
6 55 3248 30.7700 -203.4700 84 2020 -96.8300 -480.0800 83 4006 -1.5800 -103.3400 89 2687 -74.4301 567.0000 2 1878 -434.1400 -185.6100 6 727 -39.7100 215.1400
5.8647185399e-02 4.6110051452e-01 3.7348671061e+00
166 157 146
4 55 3585 123.9900 202.0500 84 3462 73.9301 91.0601 12 3303 -17.9200 47.7100 2 2195 -181.5900 580.2800
-1.4761644710e-01 5.1806638488e-01 3.6691651232e+00
156 146 134
9 55 3604 41.9500 245.7600 84 3507 -43.8600 138.8800 21 1927 34.6000 79.1300 65 4736 -2.9200 23.5500 8 1609 50.5500 21.6700 2 2227 -346.1500 689.9900 34 2801 1.3700 -192.1300 31 4871 15.4400 90.1600 58 2057 -26.7600 -59.8300
-4.7589634742e-01 3.9594407754e-01 3.6397929102e+00
180 173 167
12 55 3597 -95.4700 225.4800 84 3468 -236.9800 95.9301 88 4985 -115.1900 456.6700 72 1945 91.2000 1099.0500 5 1226 3.9100 322.1300 13 1755 -37.3400 48.5000 65 4721 -49.9300 15.1900 14 1712 -33.7300 177.6100 2 2234 -645.3500 702.5200 18 2576 -286.1500 -212.5700 34 2759 -79.2300 -212.7900 31 4846 -51.0600 75.1100
-1.9864052126e-01 5.1324360453e-01 3.6594532375e+00
145 134 125
8 55 3607 20.8300 248.6400 84 3511 -72.0500 140.4099 21 1929 20.8400 79.2500 5 1883 95.9400 327.6200 8 1045 35.2600 25.2500 2 2235 -388.9100 703.1899 34 2806 -11.0700 -191.5400 58 2050 -37.4900 -60.6200
-3.4748978297e-01 4.5915955418e-01 3.6457783484e+00
146 139 129
6 55 3603 -40.5200 240.7200 84 3489 -158.2400 122.8301 88 5013 -63.3800 474.9100 5 1884 46.6400 327.1800 65 4730 -31.1100 21.0200 2 2239 -521.2900 710.1001
-2.2971659147e-01 1.0254973437e+00 3.4597727761e+00
146 136 127
16 55 3742 19.5100 474.5601 84 3654 -72.1200 421.1799 23 2140 13.1900 105.9000 24 2136 13.1900 105.9000 7 1508 5.6500 191.6700 13 1139 51.6200 213.7800 19 2078 17.7300 129.8000 65 4857 -9.4600 100.9300 8 1730 24.2600 166.0200 9 2167 -27.6000 151.2500 10 2775 488.7800 371.9500 12 3480 -52.2100 130.4100 2 2354 -358.0800 1101.2600 34 3046 -15.4400 -51.3400 22 2846 -52.7400 72.4800 32 3583 0.5900 -57.9600
-8.9024673594e-01 8.0748566524e-01 3.3915834519e+00
175 170 158
12 55 5553 -262.0500 453.7100 84 5384 -445.4000 358.1899 21 2955 -146.0100 170.3000 23 3078 -182.2200 75.6700 24 3077 -182.2200 75.6700 80 2767 -270.8600 826.4099 88 5124 -263.0500 657.0300 7 2230 -172.5300 170.3000 8 1743 -176.9200 181.0100 10 2738 65.9700 338.9000 2 2380 -956.7300 1187.4600 31 8324 -128.0600 183.2600
-3.2014042394e-02 -5.5246615731e-01 4.1035540993e+00
147 131 115
6 55 7357 72.4300 -251.2200 84 4376 -29.8300 -554.1100 82 5378 98.8500 -239.4800 83 6033 63.7800 -173.6200 89 4196 -6.7600 495.1899 2 2945 -345.6500 -310.3000
-1.3792217547e-01 -5.0159516342e-01 4.0592559515e+00
141 125 109
20 55 7382 30.3600 -220.2700 84 4405 -94.3600 -508.1600 82 5404 38.2400 -198.2500 83 6058 2.1300 -129.5200 21 2347 -3.7000 -226.2000 23 1592 44.0800 -374.7300 24 1591 44.0800 -374.7300 69 4108 65.5100 -147.7100 71 4259 90.8101 91.9500 79 3778 157.3500 -78.5200 88 6498 -16.5699 56.7500 89 6300 -71.2800 540.0601 72 3789 268.1801 459.7700 5 2267 140.6000 -45.1500 38 3311 -80.5700 199.6100 39 3292 301.3700 134.9100 36 3328 -103.0900 -236.4100 2 2981 -440.0700 -229.0601 6 1126 -39.7400 187.2700 73 2377 -92.0000 296.5500
6.3474322795e-02 4.9690385164e-01 3.7232019394e+00
189 185 181
20 55 5323 126.7400 216.5701 84 3476 76.8700 110.4099 21 1914 91.4700 68.3500 23 2002 103.8700 -43.3400 24 1998 103.8700 -43.3400 80 4028 255.0200 524.0701 72 2924 411.8700 1084.8899 5 2902 181.9600 294.0600 7 2119 83.2500 44.7900 13 1756 138.1500 50.8700 19 1949 98.7500 -38.2100 8 2268 113.5100 -3.8400 9 2069 29.6400 37.9700 10 3894 719.8301 38.5000 12 3315 -17.2400 52.7200 35 4447 140.1801 35.5500 39 3848 386.8700 520.9500 36 3696 -26.0100 145.7300 2 3556 -173.9400 606.8101 58 2036 16.4200 -65.0500
1.0572130279e-01 5.4459675760e-01 3.7152857145e+00
102 91 81
15 55 5340 143.6000 233.8000 84 3500 102.6100 134.5400 21 2872 104.6500 79.7900 23 2009 115.8900 -31.7300 24 2005 115.8900 -31.7300 80 4036 277.0300 544.8301 88 5016 109.2600 477.7400 5 2922 192.7800 304.4000 7 2128 93.8000 55.4600 13 1765 151.7000 62.1700 19 2749 110.8400 -26.9400 9 2079 37.5700 46.3100 14 3088 62.4400 182.5800 68 6975 700.8000 743.8701 2 3586 -138.6600 630.3600
-4.1309234007e-01 4.7745779432e-01 3.6233722880e+00
190 180 171
4 55 5360 -68.1300 256.0200 84 5262 -196.2100 138.9399 10 2587 394.0300 86.8401 2 3648 -573.1000 749.5901
-3.9482061746e-01 4.9060378597e-01 3.6226214847e+00
125 110 100
8 55 5365 -60.3800 259.0601 84 5267 -185.6300 144.3600 21 2873 -32.4600 79.5400 23 2013 -38.7500 -28.1400 24 2009 -38.7500 -28.1400 5 2998 30.6800 343.7700 7 2139 -41.5800 64.4800 2 3649 -557.8800 753.9299
-8.2913446361e-01 5.4422107875e-01 3.5048579422e+00
173 161 152
13 55 5426 -243.0500 329.9600 84 5298 -418.8300 204.3301 23 3032 -167.5600 -0.2900 24 3031 -167.5600 -0.2900 71 4802 -302.3300 819.9299 80 4072 -241.9900 664.7300 7 2160 -158.1600 97.7100 13 2899 -140.5700 107.6500 19 1991 -164.7200 26.9300 38 3714 -318.6200 682.8700 39 6125 62.7600 610.1799 36 3721 -347.6100 234.6801 41 2398 -319.1700 305.0500
-8.5536390433e-01 6.6955748794e-01 3.4520395052e+00
162 157 143
10 55 8538 -249.3900 387.8700 84 7730 -423.3900 275.3900 23 3056 -171.2100 34.4200 24 3055 -171.2100 34.4200 13 4788 -142.9300 144.1400 35 7115 -186.8000 174.5901 38 5743 -325.5500 734.8600 39 6158 56.3600 661.6400 36 8359 -354.4500 284.5601 34 7508 -165.4000 -119.9800
-1.3487959080e-01 -5.5235012899e-01 4.0798480500e+00
76 57 42
3 55 11677 29.6900 -242.1899 84 9705 -90.2200 -543.6500 2 4739 -446.6600 -285.2200
-1.3930026719e-01 -5.2466669304e-01 4.0679696107e+00
139 122 104
16 55 11697 29.0400 -229.8300 84 6555 -95.2300 -523.8400 82 8117 38.9800 -212.5200 83 9265 1.6300 -144.2200 23 3564 43.6100 -384.0800 24 3564 43.6100 -384.0800 69 13895 63.6100 -163.0601 71 8883 89.9800 76.7100 79 12537 155.8199 -94.1500 88 14241 -17.8700 47.8300 89 9213 -71.0000 524.0400 72 12435 265.2600 444.1500 2 4767 -443.9800 -252.9500 6 2434 -41.6800 173.1700 73 7933 -92.6900 287.8200 78 1402 -55.1000 1299.1299
5.8397760003e-02 4.8189244135e-01 3.7275296985e+00
95 89 77
15 55 8293 124.3900 210.3900 84 7463 73.4600 102.0200 21 4106 89.5700 64.4900 23 4143 102.0400 -47.4700 24 4145 102.0400 -47.4700 72 6196 406.6801 1075.7700 5 4288 179.2200 290.0300 7 4436 81.2300 41.1100 13 4536 135.7800 46.6100 19 3743 96.7400 -42.8100 8 3100 111.5500 -7.6600 9 3053 28.3700 34.9700 68 11742 680.5900 719.4700 2 5530 -180.0400 596.3101 58 4573 14.6000 -68.2900
3.5738297653e-02 4.9233375890e-01 3.7189832657e+00
89 81 68
11 55 8308 116.5800 217.3500 84 7476 61.3700 110.1200 21 4114 84.2100 68.1100 23 4151 95.2400 -43.5500 24 4153 95.2400 -43.5500 80 8312 239.4600 524.6300 72 6208 395.3199 1085.7200 5 4302 172.4800 295.7300 7 4453 75.4600 45.0400 8 3104 104.9500 -2.6300 2 5535 -196.0200 612.0701
1.4873923973e-02 5.0337320026e-01 3.7105221293e+00
94 85 73
12 55 8324 108.1800 223.8700 84 7490 49.6100 117.8101 21 4125 78.4300 71.4600 23 3005 88.7000 -39.7100 24 3004 88.7000 -39.7100 80 5749 228.8900 533.4099 72 6220 383.2300 1095.5100 5 4310 165.7300 301.3700 7 3057 69.9000 48.7900 8 2283 99.1500 2.4500 38 5684 -11.9100 589.4099 2 5552 -211.7500 626.8201
7.6938613588e-02 1.0797068519e+00 3.5101885220e+00
161 150 141
6 55 8691 142.2800 462.6699 84 7954 96.7200 423.8101 23 4472 99.7300 106.8100 24 4475 99.7300 106.8100 7 3301 83.5300 188.9100 2 5887 -120.7000 1030.9700
-2.6647592452e-02 1.0492146589e+00 3.4974328436e+00
53 48 40
23 55 8693 101.4100 463.3900 84 7939 40.6400 418.2400 21 4391 77.4400 209.1700 69 6771 140.3700 739.6099 71 6924 162.3400 997.9099 79 6136 231.6400 806.1699 80 6006 212.4000 837.4399 7 3299 57.6900 187.8900 19 3956 75.0700 124.5000 8 3374 78.5300 151.6900 9 3189 10.9600 149.5800 10 6141 613.4600 359.2100 35 11544 114.1100 248.7200 38 9045 -15.8800 804.9500 39 9928 364.4800 741.7400 68 7128 657.7700 973.9299 36 8477 -51.7700 358.9800 41 3618 37.8200 470.0100 2 5903 -199.3100 1047.7300 18 4527 -154.4700 -77.0000 77 8539 242.4200 711.2900 40 2632 11.6000 556.3301 76 6809 51.4900 631.3599
-1.7673009609e-01 1.0190553677e+00 3.4743322562e+00
75 71 59
12 55 8708 40.8000 466.4700 84 7927 -42.3101 413.5200 69 6782 60.0100 744.5300 71 6933 80.5900 1002.6599 79 6143 151.7400 810.2500 80 6014 132.5300 841.6899 13 4973 67.0100 209.5300 9 3185 -17.6100 148.5200 10 6154 521.7600 362.3301 68 7124 596.4000 970.5000 2 5940 -317.7400 1078.0500 58 4957 -14.0600 41.7900
-1.7771483702e-01 1.0188338526e+00 3.4741773215e+00
75 71 59
18 55 8709 40.8000 466.4700 84 7928 -42.3101 413.5200 21 4377 38.4400 205.1300 23 4446 28.2300 102.0800 24 4448 28.2300 102.0800 69 6783 60.0100 744.5300 79 6144 151.7400 810.2500 80 6015 132.5300 841.6899 88 11537 14.7700 689.3799 7 3291 19.2600 187.6600 13 4974 67.0100 209.5300 8 3391 37.7200 159.2100 9 3186 -17.6100 148.5200 68 7125 596.4000 970.5000 41 3616 -26.7900 469.2800 2 5941 -317.7400 1078.0500 18 4525 -188.9300 -77.5900 58 4958 -14.0600 41.7900
-3.2494542210e-01 9.8946434529e-01 3.4514869538e+00
80 77 66
