# Bundle file v0.3
80 12500
0 0 0
0 0 0
0 0 0
0 0 0
0 0 0
-2.6249267996e+03 1.5267001316e+00 2.0507043295e+00
9.5652244063e-01 -1.6651226529e-03 -2.9165398668e-01
-1.9741903803e-02 9.9732061126e-01 -7.0440440002e-02
2.9098982424e-01 7.3135666539e-02 9.5392667248e-01
1.0368642100e+00 9.9999807173e-02 1.3458004053e+01
1.3054162477e+03 -1.9667477152e-01 4.2547053895e-02
7.8372714665e-01 4.5945549296e-02 6.1940355674e-01
-3.2877040905e-01 8.7677890660e-01 3.5095408115e-01
-5.2695519518e-01 -4.7869380135e-01 7.0226096775e-01
-8.4802062442e+00 -9.5036777322e+00 -1.9610093520e+01
1.9341184405e+02 8.7763929864e-03 -3.7876595943e-03
8.9138283133e-01 -1.6084879854e-01 4.2375029442e-01
-9.4434788483e-02 8.4848774304e-01 5.2072125041e-01
-4.4330431843e-01 -5.0417875195e-01 7.4113768447e-01
-2.5621704151e+00 -1.0958292696e+01 -2.0437895889e+01
0 0 0
0 0 0
0 0 0
0 0 0
0 0 0
5.1756807789e+02 -2.5051941285e-01 4.6819287087e-02
9.8077885803e-01 1.6338035887e-01 1.0667562975e-01
-1.8996285202e-01 9.2440544654e-01 3.3073960341e-01
-4.4575178058e-02 -3.4464681741e-01 9.3767351714e-01
4.6707152958e+00 -7.8323040623e+00 -2.0176559013e+01
5.1547241144e+02 4.5293633527e-02 -4.9475570835e-01
9.4439562846e-01 7.3208243855e-02 3.2055802904e-01
-9.0328052300e-02 9.9515423223e-01 3.8844523874e-02
-3.1616093990e-01 -6.5639980948e-02 9.4643206464e-01
-1.7599532183e+00 -7.6728933753e-01 -1.5547724817e+01
3.7791541793e+02 -1.9135138902e-01 1.4096075749e-02
9.5128515582e-01 5.1801254109e-02 3.0392956815e-01
-2.6671500514e-01 6.3276868763e-01 7.2695728485e-01
-1.5465981493e-01 -7.7260625032e-01 6.1575963136e-01
4.9016137653e-01 -1.7247203870e+01 -1.4229854107e+01
4.8464776211e+02 -2.4461219715e-01 4.1142030495e-02
9.7262653465e-01 1.1176658770e-01 2.0372985536e-01
-2.3010568196e-01 5.8544404802e-01 7.7737162398e-01
-3.2388257441e-02 -8.0297166607e-01 5.9513654254e-01
2.5468919859e+00 -1.7830485124e+01 -1.3051360197e+01
2.7534929764e+02 -1.7597600385e-01 1.0589930925e-02
9.3529593849e-01 -4.4511958674e-02 3.5105582601e-01
-2.4467138579e-01 6.3536721415e-01 7.3242365892e-01
-2.5565097382e-01 -7.7092618889e-01 5.8336557224e-01
-6.2063689843e-01 -1.7127151391e+01 -1.4245250256e+01
9.7241974919e+02 -7.4053468543e-02 -3.8163103934e-02
9.1012448730e-01 3.7946204687e-01 -1.6637900288e-01
-1.2191266887e-01 6.2903422214e-01 7.6775858742e-01
3.9599333174e-01 -6.7847218246e-01 6.1876067979e-01
1.0433136882e+01 -1.7143425612e+01 -1.1246177739e+01
0 0 0
0 0 0
0 0 0
0 0 0
0 0 0
1.9438583624e+02 -2.2446549739e-01 2.8654743866e-02
8.4156887370e-01 -1.4970608742e-01 5.1898932378e-01
-2.4474273958e-01 7.5085147816e-01 6.1345174966e-01
-4.8152136218e-01 -6.4328076695e-01 5.9525375483e-01
-5.0890884473e+00 -1.4789532200e+01 -1.6702127441e+01
4.5473592910e+02 -1.7585371808e-01 2.2344480076e-02
9.5467816079e-01 1.2107871158e-01 2.7189989868e-01
-2.8637070591e-01 6.2264735126e-01 7.2821843891e-01
-8.1126001388e-02 -7.7307840583e-01 6.2910122423e-01
1.4392251360e+00 -1.7263173673e+01 -1.4506206662e+01
2.2958407151e+02 -2.3636078173e-01 2.8587231393e-02
9.4675002506e-01 8.3172266947e-02 3.1104141857e-01
-1.6017085862e-01 9.5970201030e-01 2.3090549468e-01
-2.7930214125e-01 -2.6842955395e-01 9.2191967571e-01
2.7613792593e-01 -5.4448843826e+00 -2.1389762059e+01
0 0 0
0 0 0
0 0 0
0 0 0
0 0 0
1.7204372965e+03 -1.5915841644e+00 4.0552472768e+00
5.6502536864e-01 3.1536739085e-01 7.6242359721e-01
-5.2501816490e-01 8.5026965080e-01 3.7382448526e-02
-6.3647644050e-01 -4.2140826964e-01 6.4599753170e-01
-8.0781912411e+00 -8.6678196372e+00 -4.1908513482e+01
0 0 0
0 0 0
0 0 0
0 0 0
0 0 0
4.7570518713e+02 -1.9803222814e-01 2.7583653297e-02
7.4560224934e-01 -3.8080899642e-01 5.4686542588e-01
-5.1015922467e-01 2.0179039493e-01 8.3607308413e-01
-4.2873634237e-01 -9.0236641380e-01 -4.3817850004e-02
-7.6509873859e+00 -2.4387279775e+01 -6.7287868780e+00
3.9225298273e+02 -1.7204101348e-01 1.6877265157e-02
9.4835370156e-01 8.8707831143e-02 3.0455898843e-01
-3.1189668047e-01 4.3582596730e-01 8.4426073398e-01
-5.7842177102e-02 -8.9564872965e-01 4.4098484739e-01
4.4150004915e-01 -1.9928487024e+01 -9.5393185143e+00
0 0 0
0 0 0
0 0 0
0 0 0
0 0 0
4.7969601127e+02 -2.1087149223e-01 2.6561800530e-02
9.2155491101e-01 5.6898154619e-03 3.8820635234e-01
-2.8020568431e-01 7.0185980824e-01 6.5488745908e-01
-2.6874024722e-01 -7.1229238069e-01 6.4839667175e-01
-3.7015613166e-01 -1.6362599363e+01 -1.8926587530e+01
3.3386718737e+02 -2.7218195489e-01 4.7125215194e-02
8.6889518053e-01 -2.1298732589e-01 4.4683057669e-01
-2.9081081788e-01 5.1083346974e-01 8.0899829073e-01
-4.0056239647e-01 -8.3287788133e-01 3.8192172147e-01
-2.3041637148e+00 -2.0441458882e+01 -1.4634213361e+01
4.0806910548e+02 -1.5732724929e-01 1.7826387399e-02
9.6377022270e-01 4.9054262211e-02 2.6218435726e-01
-2.5560309406e-01 4.5083634637e-01 8.5522724880e-01
-7.6249695989e-02 -8.9125768897e-01 4.4704106714e-01
1.4697546368e+00 -2.0035260180e+01 -9.9742035314e+00
4.0807816140e+02 -1.5727329140e-01 1.7809582110e-02
9.6377610372e-01 4.9079396377e-02 2.6215803391e-01
-2.5558553600e-01 4.5089932676e-01 8.5519929309e-01
-7.6234215906e-02 -8.9122444422e-01 4.4710998015e-01
1.4702562406e+00 -2.0034785765e+01 -9.9753999488e+00
0 0 0
0 0 0
0 0 0
0 0 0
0 0 0
0 0 0
0 0 0
0 0 0
0 0 0
0 0 0
0 0 0
0 0 0
0 0 0
0 0 0
0 0 0
2.5426576958e+03 -2.1752327863e-01 -7.8896665244e-01
9.7385836584e-01 2.1840211577e-01 6.2453175289e-02
-2.2321147112e-01 8.6905486139e-01 4.4149777695e-01
4.2148813000e-02 -4.4389656872e-01 8.9508620470e-01
-3.8387374194e+00 -2.0479881133e-01 -1.5731134758e+01
3.7533256912e+03 -1.5516631385e+00 9.6013073489e-02
8.9962254828e-01 1.3425500695e-01 4.1551758534e-01
9.3304739813e-02 8.7048641702e-01 -4.8326765184e-01
-4.2658351603e-01 4.7352823664e-01 7.7058258023e-01
-2.2082723922e-01 6.2928885311e+00 -1.6709473377e+01
0 0 0
0 0 0
0 0 0
0 0 0
0 0 0
3.0385172399e+02 3.9128922454e-02 -7.9808250644e-02
9.3248427047e-01 5.0495009921e-03 3.6117528689e-01
-2.5324439711e-01 7.2213343326e-01 6.4373176083e-01
-2.5756622577e-01 -6.9173535916e-01 6.7465682553e-01
-3.5073457137e-01 -1.4736781306e+01 -1.8525943178e+01
3.9095733024e+02 -2.1634780533e-01 3.3240524944e-02
9.3185910636e-01 -2.0937642061e-02 3.6221571065e-01
-3.5991657153e-01 7.2708411789e-02 9.3014705740e-01
-4.5811215198e-02 -9.9713344242e-01 6.0218191288e-02
-3.3263635381e-01 -2.3700117903e+01 -3.9924931750e+00
6.9790970855e+02 -2.3420404574e-01 7.2850960581e-03
9.5102791122e-01 -1.0728661331e-01 2.8988876261e-01
-2.6612255214e-01 1.9288321244e-01 9.4444420354e-01
-1.5724089584e-01 -9.7533873550e-01 1.5488593129e-01
1.6714995420e+00 -2.2588153807e+01 -5.8117011082e+00
4.4335691440e+02 -2.1281540992e-01 2.4518690491e-02
9.5083300814e-01 -4.9001178811e-02 3.0580300048e-01
-3.0042918810e-01 9.3900767040e-02 9.4917066373e-01
-7.5225617723e-02 -9.9437494459e-01 7.4562564426e-02
7.9441316792e-01 -2.3382696600e+01 -4.8353102517e+00
5.1420656963e+02 -2.6187220565e-01 3.4614435184e-02
9.5302594162e-01 1.2867446659e-01 2.7419780496e-01
-2.9649583968e-01 5.8133436087e-01 7.5772064636e-01
-6.1901305703e-02 -8.0342594090e-01 5.9217817069e-01
1.1117627463e+00 -1.8101476598e+01 -1.3161499095e+01
5.2919763900e+02 -4.5081801770e-01 2.4914093783e-01
8.6821784065e-01 -9.9391720613e-02 4.8612659571e-01
-2.6639083383e-01 7.3318795872e-01 6.2567670633e-01
-4.1860925078e-01 -6.7272334809e-01 6.1008982297e-01
-4.1220012375e+00 -1.4957530138e+01 -1.6227707650e+01
0 0 0
0 0 0
0 0 0
0 0 0
0 0 0
4.5766760051e+02 -1.5571200773e-01 1.4948735750e-02
8.6697398210e-01 1.3069203530e-02 4.9818200517e-01
4.4849527864e-02 9.9355349220e-01 -1.0411521499e-01
-4.9633117393e-01 1.1260841026e-01 8.6079887995e-01
-4.2661156586e+00 3.2898889322e+00 -2.1912832901e+01
0 0 0
0 0 0
0 0 0
0 0 0
0 0 0
0 0 0
0 0 0
0 0 0
0 0 0
0 0 0
6.6503384739e+02 -6.7027739306e-01 9.2473718051e-01
9.4855206965e-01 -1.1375595579e-02 3.1641676153e-01
-1.9688718334e-01 7.6144798359e-01 6.1760214161e-01
-2.4796049724e-01 -6.4812619458e-01 7.2003335180e-01
7.4568699411e-02 -1.4176699820e+01 -1.7393613335e+01
0 0 0
0 0 0
0 0 0
0 0 0
0 0 0
0 0 0
0 0 0
0 0 0
0 0 0
0 0 0
0 0 0
0 0 0
0 0 0
0 0 0
0 0 0
2.8398203425e+03 -2.4561215289e-01 1.4641721905e-01
9.8080359582e-01 -1.9468465854e-01 -1.1053965317e-02
1.8163007531e-01 9.3272295664e-01 -3.1150987447e-01
7.0956480755e-02 3.0352227246e-01 9.5017861897e-01
3.5282821932e+00 5.9138122332e+00 -2.1578170811e+01
5.1732677669e+03 -1.4063832901e+00 6.0085181038e+00
9.4527918240e-01 -2.3913344035e-01 -2.2195149251e-01
2.8288844773e-01 9.3965575189e-01 1.9240892414e-01
1.6254658859e-01 -2.4466766368e-01 9.5588510862e-01
6.5623766952e+00 -1.1346260611e+00 -3.6822215312e+01
9.6360865646e+02 -2.5893060649e-01 9.3295032767e-02
9.8575668102e-01 -7.6720903424e-03 1.6800269302e-01
2.5502264192e-02 9.9422600595e-01 -1.0423187423e-01
-1.6623297012e-01 1.0703171546e-01 9.8026058348e-01
1.7883539817e-01 3.0866735184e+00 -1.1189391380e+01
0 0 0
0 0 0
0 0 0
0 0 0
0 0 0
0 0 0
0 0 0
0 0 0
0 0 0
0 0 0
0 0 0
0 0 0
0 0 0
0 0 0
0 0 0
0 0 0
0 0 0
0 0 0
0 0 0
0 0 0
1.5837923289e+03 3.0546001330e-01 -9.4531325575e-01
9.7150744124e-01 -2.7135576476e-02 2.3545053008e-01
-1.0405284909e-01 8.4373422378e-01 5.2657911487e-01
-2.1294669808e-01 -5.3607482697e-01 8.1687054278e-01
1.2911086159e+00 -8.2669133587e+00 -1.9876579016e+01
8.7550704050e+02 -7.3201835468e-02 1.1267819258e-01
9.7728723259e-01 4.4838390455e-02 2.0712118135e-01
-3.6574797589e-02 9.9838119503e-01 -4.3557704087e-02
-2.0873894990e-01 3.4992972800e-02 9.7734515022e-01
1.8823487079e-01 2.9024250129e+00 -1.3259122327e+01
2.0106313347e+02 -1.4249492758e-01 1.1723421984e-02
6.4970792885e-01 -3.3503635493e-01 6.8237104867e-01
-2.6943719148e-02 8.8692622943e-01 4.6112460306e-01
-7.5970628745e-01 -3.1798192469e-01 5.6721587811e-01
-1.0880723122e+01 -8.1916372102e+00 -2.0929443133e+01
5.9750662628e+02 -3.5271035164e-01 1.0156747599e-01
9.4649874682e-01 8.5000176236e-02 3.1131188911e-01
-2.5209620371e-01 7.9700149459e-01 5.4884981707e-01
-2.0146370973e-01 -5.9796620947e-01 7.7578913759e-01
1.7793785012e-01 -1.3380205310e+01 -1.8152033140e+01
2.3349104238e+02 -1.3173820880e-01 9.3875237288e-03
6.6130025963e-01 -1.9682483185e-01 7.2383834671e-01
-6.7186881485e-01 2.7369967547e-01 6.8824471177e-01
-3.3357797026e-01 -9.4146081873e-01 4.8757199942e-02
-1.1590802038e+01 -2.0127987491e+01 -4.3257872545e+00
1.5561308457e+02 -2.8313827208e-01 4.4719739076e-02
9.3195999640e-01 8.5043764640e-02 3.5244591529e-01
-3.2703581753e-01 6.1684345627e-01 7.1592717822e-01
-1.5651881409e-01 -7.8247792848e-01 6.0268578238e-01
-6.8762960385e-01 -1.7672037926e+01 -1.4527029564e+01
5.5694549120e+02 3.7151248267e-03 -1.7766317353e-01
8.3625533254e-01 -1.4854083528e-01 5.2783770144e-01
-3.5333766168e-01 5.9014202092e-01 7.2586837098e-01
-4.1932030197e-01 -7.9351623512e-01 4.4102434054e-01
-3.7066906524e+00 -2.1430054812e+01 -2.2416884342e+01
0 0 0
0 0 0
0 0 0
0 0 0
0 0 0
1.5208570819e+02 -1.9941218233e-01 2.4221669226e-02
9.3948986918e-01 2.8492273528e-02 3.4138977146e-01
-3.3504605053e-01 2.8421978047e-01 8.9831133824e-01
-7.1434793537e-02 -9.5833569627e-01 2.7656782809e-01
-4.1261457750e-01 -2.1961645476e+01 -6.9985771748e+00
1.4380935462e+02 -1.8692848449e-01 1.7312030661e-02
9.3365661461e-01 7.0083785801e-02 3.5124576719e-01
-3.3182556967e-01 5.3839816383e-01 7.7460906817e-01
-1.3482254010e-01 -8.3977120703e-01 5.2593459910e-01
-6.7507553051e-01 -1.9021238565e+01 -1.2740377976e+01
3.2729633446e+02 -1.6230912931e-01 1.1725468589e-02
8.5473540372e-01 4.7224293776e-01 -2.1543908040e-01
-3.1153020658e-01 7.9870646874e-01 5.1479792849e-01
4.1518227324e-01 -3.7290023402e-01 8.2980063597e-01
1.9510549989e+01 -7.8257324043e+00 -2.5770749497e+01
7.0522066240e+02 -9.9231372044e-02 6.5104359434e-03
9.5262768723e-01 -1.7762407459e-01 2.4688089771e-01
1.7637075325e-01 9.8394329735e-01 2.7366859627e-02
-2.4777781766e-01 1.7472141700e-02 9.6865931954e-01
3.8066345724e+00 4.2406777137e+00 -2.6129972932e+01
0 0 0
0 0 0
0 0 0
0 0 0
0 0 0
2.0639567018e+02 -2.1537929023e-01 2.6413417211e-02
9.1913518139e-01 1.6661688634e-02 3.9358976925e-01
-3.2515232061e-01 5.9615782377e-01 7.3407889055e-01
-2.2241062639e-01 -8.0269436107e-01 5.5336721622e-01
-1.7330764660e+00 -1.8064856594e+01 -1.3945477692e+01
4.5328160022e+02 -1.5266755454e-01 1.0195178180e-01
6.9718575625e-01 -2.6460349404e-01 6.6627097507e-01
-5.8876883226e-02 9.0511636942e-01 4.2106753665e-01
-7.1446870743e-01 -3.3279024737e-01 6.1545521149e-01
-9.6738923969e+00 -7.3147947169e+00 -3.2990285800e+01
0 0 0
0 0 0
0 0 0
0 0 0
0 0 0
0 0 0
0 0 0
0 0 0
0 0 0
0 0 0
7.7069389495e+02 -2.3647790576e-01 4.1865522484e-02
9.5997046228e-01 7.7485754853e-02 2.6917033520e-01
-1.9044927366e-01 8.8522396736e-01 4.2439085966e-01
-2.0539178591e-01 -4.5866598457e-01 8.6454596690e-01
1.0692197972e+00 -9.8433990475e+00 -1.9854188883e+01
0 0 0
0 0 0
0 0 0
0 0 0
0 0 0
7.6010275643e+02 -3.0488630955e-01 8.8214447875e-02
9.6815068776e-01 8.3660351661e-02 2.3597709922e-01
-1.2315835442e-01 9.7973794383e-01 1.5794170174e-01
-2.1798225967e-01 -1.8197391838e-01 9.5883743539e-01
1.8290918903e+00 -3.3173559206e+00 -2.1444157612e+01
7.6880824351e+02 -1.7775293821e-01 1.8239888426e-02
9.9804874399e-01 5.5316847538e-02 2.8961198218e-02
-4.4655860793e-02 9.5654958933e-01 -2.8812972295e-01
-4.3641250218e-02 2.8627422086e-01 9.5715333764e-01
6.8240587597e+00 7.2085296133e+00 -2.1362395393e+01
4.2126346209e+02 -2.0963372583e-01 2.3828087117e-02
8.3839611010e-01 1.0506405389e-01 5.3483970229e-01
9.3255597968e-02 9.3912873186e-01 -3.3066692976e-01
-5.3702453949e-01 3.2710666391e-01 7.7756406451e-01
-5.5460074695e+00 8.7548840801e+00 -1.9667367970e+01
-1.6942905768e+03 -4.4138045541e-01 1.4319789980e-02
9.9856667613e-01 3.1579392827e-02 -4.3212674884e-02
-3.5066652986e-02 9.9597578511e-01 -8.2477665652e-02
4.0434183191e-02 8.3874772320e-02 9.9565561285e-01
5.1763013488e-01 1.6290850652e+00 -2.1885435353e+00
0 0 0
0 0 0
0 0 0
0 0 0
0 0 0
0 0 0
0 0 0
0 0 0
0 0 0
0 0 0
5.0292513237e+02 -1.8012285860e-01 2.8884287169e-02
9.8695894865e-01 1.5615050988e-01 3.9103093729e-02
-1.5957828825e-01 9.8100450424e-01 1.1029475316e-01
-2.1137729134e-02 -1.1509639839e-01 9.9312940521e-01
6.4539742747e+00 -2.5726854825e+00 -2.1561184377e+01
3.1878081917e+03 -2.0943370055e-01 -1.3271972914e-01
9.2936099593e-01 8.3750529071e-02 3.5954692062e-01
-4.6767880814e-02 9.9278985512e-01 -1.1036787984e-01
-3.6619790356e-01 8.5756355194e-02 9.2657700326e-01
-1.1752589829e+00 2.4946341232e+00 -1.9462472439e+01
7.5409452668e+02 -2.5068209281e-01 4.8822902270e-02
9.7981637525e-01 1.1635610505e-01 1.6254577082e-01
-1.6837209599e-01 9.1868403139e-01 3.5731007230e-01
-1.0775299571e-01 -3.7746643201e-01 9.1973277892e-01
3.6185423857e+00 -8.0599767610e+00 -2.0128641655e+01
1.6988437978e+00 4.3981855146e+00 2.9087404095e+00
193 189 167
11 1 54 309.5800 739.2900 74 63 355.5300 903.3101 6 127 45.4100 131.7500 5 296 196.4100 -84.3300 55 1487 89.6600 -261.4800 73 520 -44.9000 262.1300 23 283 101.7000 -407.9400 24 283 101.7000 -407.9400 21 428 40.4300 -256.3400 65 2142 7.8200 -150.4500 12 1362 -33.7700 -99.8500
-1.6709793026e+00 -3.2603767244e+00 2.9684132910e+00
193 183 176
11 1 76 -264.4399 -607.8700 74 221 -229.4700 -311.1899 6 379 -109.4200 -158.5200 78 181 -378.9400 -192.4399 47 187 -108.7800 -58.3199 71 1912 28.7300 -243.4301 79 1713 91.6899 -415.1400 5 846 87.4800 -280.1700 21 703 -23.7300 -419.3700 65 2953 -26.4200 -216.9500 57 2376 -8.4700 -152.4600
-2.8875859408e+00 -2.3951653113e-01 2.8613268939e+00
199 162 115
2 1 215 -458.5400 -52.4600 74 432 -435.0601 221.0901
-2.6879002823e+00 1.9899624818e+00 2.9138016646e+00
85 59 21
2 1 246 -430.9200 342.2100 74 297 -382.4600 604.5801
-2.6879002823e+00 1.9899624818e+00 2.9138016646e+00
85 59 21
2 1 247 -430.9200 342.2100 74 298 -382.4600 604.5801
-2.0586375880e+00 3.1684646182e+00 2.9298732857e+00
92 72 37
2 1 265 -324.5400 551.8900 74 315 -266.3500 799.3700
-5.5703715684e-01 3.3982752296e+00 2.8359844301e+00
70 54 38
2 1 267 -43.9301 569.8700 74 483 -21.8900 778.3700
-1.0978076439e+00 -2.9044393160e+00 2.7994421035e+00
218 209 197
3 1 312 -152.5800 -530.4600 74 573 -126.1801 -240.1600 53 396 -32.1900 -5.6000
1.0673227597e+00 -1.8125014086e+00 2.5857599631e+00
212 200 188
4 1 326 224.3500 -322.0300 74 393 206.2000 -61.3199 53 264 132.6800 80.1800 45 483 690.4800 507.7100
4.0909843557e-01 -1.7516964501e+00 2.4861662762e+00
210 202 183
4 1 327 118.4500 -312.3101 74 394 109.3101 -50.0601 53 266 84.9200 86.9500 73 2167 -84.3900 141.1600
4.0623449235e-01 -1.7523720479e+00 2.4858862259e+00
210 202 183
3 1 328 118.4500 -312.3101 74 396 109.3101 -50.0601 53 267 84.9200 86.9500
-2.4925166699e+00 1.0652206468e+00 2.8251615909e+00
225 193 154
2 1 383 -379.6700 179.8101 74 450 -357.3600 436.8301
-2.3815952429e+00 -3.3533457026e+00 3.1080261507e+00
211 199 173
2 1 456 -407.8400 -640.8101 74 561 -373.6700 -342.6000
-2.1149718249e+00 -3.2927159383e+00 3.0479913519e+00
219 212 194
11 1 460 -349.1200 -620.1000 74 564 -314.9100 -320.4301 6 996 -129.6800 -160.4800 2 2651 -648.3300 -814.0400 47 479 -159.0900 -66.9800 69 3953 -19.0000 -493.3400 71 4071 9.4500 -245.8300 72 3608 174.2600 120.3700 79 3633 72.3300 -417.6100 5 1990 74.3100 -281.1900 73 3783 -141.6300 106.1000
1.5539122739e+00 -2.6201663929e+00 2.7801204108e+00
197 183 173
3 1 476 295.4600 -468.8300 74 821 280.3800 -190.4500 53 696 167.3100 13.8100
-5.6546081585e-02 -2.1963147724e+00 2.5392250805e+00
217 209 195
3 1 486 40.5100 -392.5400 74 837 45.8600 -119.2400 5 3237 128.8000 -246.4300
-5.6040844554e+00 -1.5329478945e+00 3.5451618614e+00
241 228 201
2 1 495 -1161.6799 -331.8101 74 607 -1064.7100 -7.5900
3.4867236942e+00 -1.1648276254e+00 2.8766418538e+00
179 177 165
8 1 506 588.6200 -220.7700 74 608 571.8999 21.1300 53 423 317.9600 114.1900 6 1562 85.2600 -85.8400 72 5318 386.9800 191.3600 79 5285 283.3199 -342.5100 5 2059 216.3600 -230.7500 73 3937 -25.7200 141.4200
-3.0421611012e+00 -5.7211299698e-01 2.9003405742e+00
205 170 131
2 1 513 -491.6100 -113.2100 74 628 -465.3400 164.4299
2.4054136091e+00 4.7060587974e+00 2.9553119459e+00
108 93 70
2 1 591 421.3199 796.2800 74 699 473.7400 939.7200
-1.6965135329e+00 -2.7429572019e+00 2.8531696355e+00
219 207 193
2 1 660 -258.3300 -503.8199 74 816 -226.1300 -214.8600
2.7324077993e+00 -7.9449019588e-01 2.7457746114e+00
167 161 149
8 1 729 477.1700 -155.1300 74 861 445.9200 80.0300 6 1580 58.1100 -65.4600 2 4408 -312.9800 -659.8400 28 61 -235.5900 -61.7400 5 3294 194.8200 -215.2700 73 7187 -39.5500 153.7800 38 12939 -21.9000 56.1899
-2.8201458923e+00 3.1432846204e-01 2.8528088793e+00
231 202 167
2 1 770 -443.7200 47.1300 74 903 -420.5800 315.8101
4.9699481300e-01 3.3854707936e+00 2.8049843554e+00
185 178 168
2 1 854 126.0800 551.9900 74 992 145.6700 741.5500
-4.6034295874e-01 3.4536350448e+00 2.8370537527e+00
79 66 52
2 1 858 -27.1400 578.5400 74 996 -6.9200 784.0601
-2.6937157809e+00 4.2800036841e+00 3.0959634519e+00
244 240 231
2 1 881 -474.9800 799.7300 74 1499 -396.4100 1068.7000
-4.7105842461e-01 4.9727873650e+00 2.9896490988e+00
203 192 185
2 1 889 -48.6400 885.2600 74 1032 7.7500 1084.4600
-2.4977253559e+00 -3.4947744001e+00 3.1594390518e+00
202 194 172
2 1 963 -436.7200 -673.7600 74 1691 -400.7000 -373.9700
1.8535610606e-01 -3.2212190088e+00 2.8159308663e+00
217 208 191
3 1 978 64.3800 -584.7100 74 1720 81.9200 -291.6400 53 1532 69.0600 -35.1700
-2.1754314463e+00 -2.9987007926e+00 2.9948069283e+00
204 191 175
3 1 989 -353.4900 -561.9301 74 1148 -324.0000 -266.5200 53 1542 -131.1600 -17.5200
3.5964753220e+00 -2.1414247957e+00 2.9861452539e+00
101 96 91
3 1 1051 606.5300 -394.7600 74 1810 598.9600 -127.5699 53 1591 328.1000 37.4500
1.4435399795e+00 -2.0772758126e+00 2.6750673295e+00
176 162 150
2 1 1059 276.7900 -367.9301 74 1826 256.7000 -103.8101
-1.7540877671e+00 -1.3657696034e+00 2.6473176419e+00
193 180 166
2 1 1086 -247.2500 -248.3800 74 1246 -243.7800 20.2800
-2.6125655128e+00 5.3347522617e-01 2.8204212847e+00
225 202 168
4 1 1187 -400.1400 85.1799 74 1348 -379.2100 348.6899 53 1200 -155.9600 297.6700 52 824 -59.5500 -566.8900
3.4520414519e+00 1.2966290989e+00 2.8234706711e+00
205 206 201
3 1 1220 572.0500 188.2500 74 1354 577.5801 377.5601 28 246 -3.2900 258.4200
-1.8693651095e+00 3.2525784443e+00 2.9182385194e+00
105 76 46
2 1 1309 -284.9100 566.0500 74 1462 -237.3600 806.1899
-2.1504902891e+00 3.3217880264e+00 2.9532195965e+00
79 60 45
4 1 1311 -340.4700 582.6600 74 1467 -286.6801 830.7300 53 1292 -102.3900 547.8300 52 898 -17.1800 -311.7600
8.9870793121e-01 -4.2142461099e+00 3.0954567774e+00
119 94 90
3 1 1413 186.2400 -779.2300 74 2550 179.3600 -466.0400 29 166 289.4000 266.4600
-2.2145242284e+00 -3.5226078766e+00 3.1168139591e+00
197 177 155
4 1 1447 -374.7100 -673.6500 74 2588 -346.1200 -373.0100 6 4267 -137.2900 -172.6000 47 2254 -174.3000 -96.5100
-1.1457530754e+00 -3.3857424923e+00 2.9300838272e+00
209 198 184
11 1 1464 -173.0100 -628.3700 74 1709 -140.7100 -330.1200 6 3026 -88.2300 -163.7700 78 1751 -282.2100 -215.0400 2 10539 -577.3100 -821.3601 47 1531 -50.8600 -72.6500 69 22375 22.8800 -495.6200 45 2135 433.6899 233.0200 46 1597 835.0701 -598.8600 29 175 -115.0900 427.9800 21 4905 -12.6800 -422.3800
-1.7221569609e+00 -3.3544686778e+00 2.9988194641e+00
209 201 185
2 1 1465 -276.6700 -628.7300 74 1710 -243.4399 -329.8199
-1.5693196161e+00 -2.9533904159e+00 2.8795769479e+00
210 197 176
2 1 1506 -239.0500 -544.1000 74 1747 -206.9500 -252.0699
3.5633214598e+00 -2.9138764327e+00 3.0864009179e+00
117 108 95
4 1 1514 603.4700 -536.9399 74 2661 606.2900 -249.9900 6 4327 87.1100 -154.4100 28 273 -175.5300 -474.0100
-1.1990483450e+00 -2.7680740223e+00 2.7787349678e+00
152 133 101
5 1 1537 -171.1500 -504.2300 74 1766 -140.4700 -215.6600 53 1565 -39.2200 5.6200 6 3066 -86.9100 -136.2200 55 30706 -5.3800 -441.8700
-4.8011773033e-02 -2.7342924922e+00 2.6829585469e+00
175 162 146
4 1 1543 30.2900 -492.0500 74 1774 48.1500 -206.6700 6 3070 -42.2700 -134.6900 55 30727 25.7800 -440.2400
-4.1906947273e+00 -2.2692597840e+00 3.3024453879e+00
220 197 161
2 1 1573 -784.1900 -452.1000 74 2743 -707.9500 -147.3900
1.6880327444e+00 -2.4616653520e+00 2.7685254104e+00
132 126 115
2 1 1576 313.7500 -437.4500 74 2724 295.9200 -164.7500
-2.2926519653e+00 -2.3418667791e+00 2.8933220030e+00
205 190 169
2 1 1577 -362.9800 -436.1100 74 2737 -344.3600 -149.9000
2.5007453922e-01 -2.3985092526e+00 2.6050142476e+00
214 210 198
2 1 1585 86.8900 -428.5601 74 2731 93.5900 -152.2400
4.0300528822e+00 -2.2342968651e+00 3.0589477285e+00
164 156 153
3 1 1599 675.5500 -418.2500 74 2732 690.3501 -150.1000 28 293 -44.4700 -361.2300
6.7566865005e+00 -1.9479184628e+00 3.4195149239e+00
125 123 114
2 1 1609 1148.8601 -397.2700 74 2754 1167.6799 -131.2400
3.4663584157e+00 -1.8895901092e+00 2.9389267387e+00
71 55 40
8 1 1629 587.8800 -345.9301 74 2781 576.9099 -87.3199 53 2557 318.0900 58.1500 6 4453 84.3700 -113.4600 69 22639 194.8600 -443.7200 71 22017 218.1899 -196.0100 72 20560 385.7500 164.1500 79 20623 282.9900 -370.0500
-5.1087120669e+00 -1.4952369685e+00 3.4286017280e+00
236 213 179
2 1 1644 -1007.9700 -314.3900 74 1889 -919.3100 2.5100
-1.9473880931e-01 -1.7222611143e+00 2.4120545720e+00
57 38 31
2 1 1646 26.7700 -307.8900 74 1857 24.2400 -43.1600
1.1091620196e+00 -1.6846194228e+00 2.5758838489e+00
212 202 188
4 1 1651 228.8300 -301.0000 74 1856 207.9500 -44.0000 53 1630 133.9900 88.7000 55 18763 54.6900 -408.1100
-5.5119954460e+00 -1.3034017143e+00 3.5043007390e+00
229 200 158
2 1 1658 -1124.6200 -283.3300 74 1908 -1032.3101 43.6801
-5.4736239358e+00 -1.2227556741e+00 3.4890526562e+00
93 71 49
2 1 1665 -1110.2800 -265.9600 74 1919 -1015.0500 60.4600
3.3694412393e+00 -1.3379947233e+00 2.8728138596e+00
124 109 77
9 1 1670 574.2000 -248.0000 74 2845 559.3799 -3.1600 53 2604 311.3500 100.4000 6 4501 81.8600 -92.1200 28 323 -140.0900 -174.3200 69 22703 192.1000 -421.6000 71 22129 214.9700 -175.2900 72 20689 383.5900 185.3900 79 20742 279.9900 -348.3900
-1.0289744608e+00 -1.3331216446e+00 2.4789108074e+00
213 201 188
2 1 1675 -115.4700 -239.4800 74 1897 -114.9000 23.6700
-1.8664192712e+00 -1.2916414369e+00 2.6678159468e+00
122 95 67
2 1 1676 -267.5500 -235.7800 74 1900 -265.2300 34.0400
-1.2784075148e+00 -1.2402205125e+00 2.5308901022e+00
103 87 76
4 1 1684 -159.5500 -225.2900 74 2872 -159.2500 39.6400 53 1671 -48.8900 135.4600 6 3142 -90.8600 -67.6100
-1.9925769409e+00 -1.2277660343e+00 2.6925700302e+00
223 198 167
2 1 1686 -290.5800 -224.0400 74 1906 -288.5400 44.9200
-1.2145537498e+00 -1.1348319163e+00 2.5133009752e+00
206 189 168
2 1 1697 -147.6899 -204.2400 74 1916 -147.7300 58.5100
-2.9910318392e+00 -1.0636718958e+00 2.9103860916e+00
117 91 64
4 1 1701 -482.7400 -201.4500 74 1925 -461.6600 78.6899 53 1695 -198.6100 157.7200 6 4559 -164.0600 -62.3100
5.7968180370e+00 -8.6674478897e-01 3.1892763758e+00
173 167 148
2 1 1712 962.0100 -186.4399 74 2878 997.1201 47.1899
-7.7853293156e-01 -1.0142342585e+00 2.4276643885e+00
139 117 96
5 1 1717 -70.2100 -183.7900 74 2900 -73.3900 73.0900 53 1691 -4.1200 152.2300 6 4568 -69.0400 -59.9400 79 20910 128.3900 -315.3500
-2.1138302300e-01 -9.6906176208e-01 2.3835654769e+00
139 117 94
5 1 1719 24.3000 -180.9900 74 2899 20.4700 72.5500 53 1688 41.6000 150.2400 6 3163 -46.2100 -60.7500 79 12141 151.1899 -315.7800
-3.0532606441e-01 -9.0428461027e-01 2.3899794366e+00
207 195 183
3 1 1725 12.0200 -164.7600 74 2907 7.9301 86.9500 6 3172 -48.3200 -57.0400
-5.6355658011e+00 5.6725118278e-02 3.4525556936e+00
246 228 187
2 1 1782 -1141.6600 -4.0200 74 2030 -1065.4299 334.5200
-2.8920732526e+00 1.2852795297e-01 2.8636787548e+00
216 185 140
2 1 1800 -458.3600 13.8600 74 3049 -434.9100 284.9099
-2.2008111197e+00 2.7644767104e-01 2.7359365925e+00
117 89 57
2 1 1814 -320.4600 44.1500 74 2012 -317.0601 302.1400
-2.2033382778e+00 8.8175615228e-01 2.7680978356e+00
95 65 44
2 1 1861 -321.3900 148.3101 74 2065 -312.2500 403.1100
4.3211407921e+00 1.4041157202e+00 2.9245038700e+00
145 134 121
2 1 1883 707.5100 207.5701 74 3151 720.4600 388.0701
-3.8605502351e+00 1.5248431886e+00 3.0846406646e+00
219 188 141
2 1 1907 -677.6900 268.1100 74 2138 -614.2000 561.9600
-3.8605502351e+00 1.5248431886e+00 3.0846406646e+00
219 188 141
2 1 1908 -677.6900 268.1100 74 2139 -614.2000 561.9600
-1.5294147234e+00 2.3775007248e+00 2.8046816251e+00
169 147 129
4 1 1967 -205.6400 401.5000 74 2175 -184.7800 634.0200 53 1889 -55.2300 446.3700 52 1360 34.4400 -403.4200
-3.1237907540e+00 2.2833622524e+00 2.9982982545e+00
224 190 145
2 1 1968 -526.6800 401.5000 74 3332 -464.5699 676.9399
-2.0484128031e+00 3.1478773931e+00 2.9269535562e+00
100 81 74
2 1 2010 -319.3199 548.9500 74 2235 -268.2300 795.9100
-2.9008123952e+00 3.9483630431e+00 3.0919646461e+00
118 92 66
2 1 2066 -512.2600 733.5601 74 2273 -435.4800 1010.5500
-2.5929803854e+00 4.0921923379e+00 3.0686206415e+00
127 94 63
2 1 2070 -449.1200 754.7300 74 3462 -373.4500 1018.7700
-1.0716601075e+00 4.3712906552e+00 2.9619214037e+00
224 194 159
2 1 2075 -152.6801 771.1300 74 3455 -95.2500 988.1399
1.3942938207e+00 4.9925003535e+00 2.9588194197e+00
108 87 64
2 1 2097 260.1100 859.5300 74 2274 319.2500 1017.8000
-2.6760649385e-01 5.0695219476e+00 2.9909557198e+00
126 103 87
2 1 2103 -13.4800 901.6600 74 2290 42.8700 1093.6599
5.8936755686e-01 5.1689686202e+00 2.9783401912e+00
112 90 66
2 1 2105 127.3700 906.9800 74 2287 192.3500 1080.1101
1.2688561260e+00 -4.9334120950e+00 3.2943392277e+00
125 108 95
2 1 2156 245.7100 -938.9700 74 2514 243.4600 -605.4700
1.0937381056e+00 -4.3128299665e+00 3.1284417824e+00
52 49 48
2 1 2209 218.8700 -800.5000 74 2543 211.0000 -484.4000
1.0937381056e+00 -4.3128299665e+00 3.1284417824e+00
52 49 48
2 1 2210 218.8700 -800.5000 74 2544 211.0000 -484.4000
-2.6899269635e+00 -3.9858861246e+00 3.3018148364e+00
127 105 87
2 1 2215 -496.3300 -789.5100 74 3746 -452.9800 -482.4600
1.6728754910e+00 -4.2463113819e+00 3.1445721929e+00
106 91 93
2 1 2219 317.2600 -782.7600 74 3750 295.6400 -467.7800
2.4893961869e+00 -4.1616805915e+00 3.1922279606e+00
155 154 149
2 1 2227 444.5000 -770.0300 74 3763 432.5100 -454.0699
4.2692517602e-01 -3.6432477576e+00 2.9324363710e+00
178 163 145
2 1 2288 104.3199 -666.5500 74 3808 115.7700 -366.0699
-1.0528130590e+00 -3.4629728483e+00 2.9404792362e+00
82 61 50
10 1 2301 -153.7100 -642.9700 74 2613 -122.2300 -345.2500 53 2416 -31.4000 -57.7400 6 4290 -84.2000 -167.4300 78 1746 -267.4400 -230.1500 2 10530 -571.8900 -827.8999 47 2267 -40.6200 -81.7600 69 22346 25.7700 -498.8500 71 21635 53.0400 -250.5500 79 20320 116.3700 -423.1600
-1.0411890091e+00 -3.4726471713e+00 2.9418658342e+00
82 61 50
4 1 2302 -153.7100 -642.9700 74 2614 -122.2300 -345.2500 53 2417 -31.4000 -57.7400 6 4291 -84.2000 -167.4300
-1.1868201103e+00 -3.3004947450e+00 2.9125658517e+00
136 105 88
7 1 2327 -178.6100 -610.2000 74 2625 -145.8400 -313.4100 53 2433 -43.0100 -42.5100 6 6135 -89.1600 -159.6300 78 4008 -286.7500 -196.7900 47 3254 -54.0600 -62.3700 29 182 -122.2000 447.0500
1.2558704385e+00 -3.3076148124e+00 2.8933420052e+00
204 197 187
2 1 2334 242.5900 -597.2900 74 2635 242.5200 -303.9900
-1.2607807838e+00 -3.0034182437e+00 2.8459754685e+00
158 146 128
3 1 2364 -184.8101 -550.3900 74 2656 -152.9800 -258.0400 53 2466 -46.5700 -15.0400
6.6466042763e-01 -2.8835279048e+00 2.7494374675e+00
204 197 189
2 1 2393 148.1700 -518.2800 74 2673 156.7300 -232.9000
3.5791475624e+00 -2.7383578513e+00 3.0624751834e+00
76 74 62
8 1 2400 607.9100 -502.3800 74 3946 607.0801 -220.5000 53 3714 329.2800 -8.4000 6 6164 87.8700 -147.0300 28 278 -163.9200 -440.4800 69 37374 198.4500 -477.4399 71 36305 221.5699 -229.0900 79 35104 286.5400 -403.2500
-2.0893451438e+00 -2.5133908032e+00 2.8814187636e+00
217 211 199
2 1 2432 -326.8300 -466.0601 74 1790 -304.3500 -178.9700
-3.2371815336e+00 -2.4257541138e+00 3.1112851615e+00
112 83 59
2 1 2434 -563.3200 -464.8800 74 2719 -519.7600 -170.3800
4.3807071287e-01 -2.5035935786e+00 2.6429359662e+00
210 200 189
3 1 2446 115.2900 -448.3800 74 3998 119.9100 -170.2500 53 2523 89.5800 25.6000
-2.1830256048e+00 -2.3122196608e+00 2.8650751024e+00
221 209 192
2 1 2461 -341.1300 -428.4200 74 2745 -320.0100 -143.4399
-2.1830256048e+00 -2.3122196608e+00 2.8650751024e+00
221 209 192
2 1 2462 -341.1300 -428.4200 74 2746 -320.0100 -143.4399
-1.9142318845e-01 -2.2829130387e+00 2.5604822351e+00
140 122 108
4 1 2491 14.7100 -409.3000 74 2749 23.3400 -134.1899 53 1602 41.1100 44.6600 6 4450 -47.0700 -114.6400
2.4941200120e+00 -2.2424741740e+00 2.8433012979e+00
115 103 86
2 1 2497 437.4900 -399.0000 74 4041 397.9500 -134.0300
5.3158894667e+00 -2.0231474798e+00 3.2196672325e+00
183 183 175
3 1 2501 887.2500 -394.6100 74 4045 921.0901 -127.4700 28 447 237.0100 -372.3700
8.2285309633e-01 -2.1925788912e+00 2.6142952077e+00
218 209 200
3 1 2506 180.6300 -390.9800 74 2757 174.8700 -121.1500 53 2545 116.3000 50.2000
-5.5570521756e+00 -1.7522480896e+00 3.5551558639e+00
227 201 167
2 1 2516 -1154.7300 -378.0900 74 2811 -1055.9000 -54.4200
4.6897798245e+00 -1.9150300108e+00 3.1181809651e+00
66 45 35
2 1 2525 781.7300 -365.6400 74 4065 799.9600 -105.2900
-4.6953419444e+00 -1.6120341017e+00 3.3447498962e+00
229 208 163
2 1 2555 -895.2100 -329.1600 74 2836 -817.1500 -21.3000
-5.0577246046e+00 -1.3361856614e+00 3.4032439506e+00
241 217 188
2 1 2593 -988.7000 -281.1000 74 2866 -899.1700 34.8400
7.2122909863e-01 -1.4877293124e+00 2.4988047152e+00
153 135 111
3 1 2601 168.0100 -266.1200 74 4149 152.0400 -10.7900 6 6362 -14.2200 -82.6200
-4.6749018512e+00 -1.1024583563e+00 3.2974945395e+00
240 220 183
2 1 2636 -877.4700 -228.8199 74 2905 -805.6300 80.2200
-2.2548360004e+00 -1.1494485501e+00 2.7477215591e+00
155 131 95
3 1 2657 -338.8000 -211.8000 74 2887 -336.6801 58.9399 6 4558 -134.2900 -62.3200
-2.2502999767e+00 -1.1535702831e+00 2.7469246702e+00
155 131 95
2 1 2658 -338.8000 -211.8000 74 2888 -336.6801 58.9399
-3.5877281874e+00 -1.0595695048e+00 3.0462181816e+00
135 104 53
2 1 2659 -612.7900 -207.3300 74 2904 -572.5300 81.5500
-5.2645236155e-01 -9.9043630792e-01 2.3943581029e+00
137 118 86
3 1 2687 -24.4900 -177.0500 74 4240 -29.3900 77.7700 6 6429 -58.3800 -59.1500
1.6908930935e+00 -7.5470099670e-01 2.5990403286e+00
139 126 118
3 1 2703 315.3900 -149.0100 74 4251 274.6200 87.6899 6 4582 17.5700 -56.2600
-2.7993559146e+00 -6.8819400955e-01 2.8501850087e+00
91 61 35
2 1 2714 -442.8100 -131.9301 74 2932 -425.7400 142.7700
-2.4652325636e+00 -2.2871533583e-01 2.7735689876e+00
180 151 109
2 1 2759 -373.7000 -46.0699 74 2996 -366.6200 219.7800
5.6121620214e+00 5.2455792491e-01 3.0969926085e+00
184 183 164
2 1 2847 922.6399 59.5701 74 4403 939.3501 254.0300
-5.0725862789e+00 4.2990326730e-01 3.3196314182e+00
232 210 170
2 1 2862 -974.4400 67.3401 74 3158 -898.9400 392.5801
-3.4268497283e+00 6.7918239163e-01 2.9788084847e+00
239 215 168
2 1 2900 -571.1700 111.9199 74 3155 -531.4500 391.1300
-1.8542028895e+00 7.4844143085e-01 2.7063342368e+00
202 180 156
2 1 2910 -253.9399 125.2100 74 4551 -253.1700 373.4099
-1.6782617870e+00 1.4090907840e+00 2.7342427833e+00
116 90 61
2 1 3007 -222.7000 236.4700 74 3233 -219.4399 476.8401
-3.3370550855e+00 2.2111353788e+00 3.0270666479e+00
85 59 47
2 1 3108 -570.2200 392.1899 74 2194 -510.0900 673.5200
-8.5054771054e-01 2.8541033654e+00 2.7976399373e+00
192 168 144
2 1 3145 -88.4600 475.5801 74 4886 -73.0500 691.1799
-1.6266452993e+00 3.0617078729e+00 2.8775809498e+00
229 215 188
2 1 3171 -232.8300 526.4600 74 3368 -198.7900 758.5000
-1.0778426253e+00 3.3244721289e+00 2.8590742967e+00
93 67 44
2 1 3186 -138.1400 564.9200 74 3381 -102.9800 785.2500
-3.1585852244e+00 3.1130877684e+00 3.0602884471e+00
249 234 211
2 1 3187 -549.7800 565.1799 74 3404 -477.2300 843.9500
-8.7625470416e-01 3.5149131667e+00 2.8649836020e+00
203 183 165
2 1 3198 -101.0000 597.6200 74 3388 -72.3700 810.5601
-1.4627100131e+00 3.6833906257e+00 2.9226754034e+00
198 174 140
2 1 3212 -214.2800 641.1899 74 3412 -165.6200 869.9900
9.5390374698e-02 4.0262846157e+00 2.8751838976e+00
101 84 68
2 1 3224 54.0601 678.5400 74 3411 94.0900 870.5500
-1.1734172437e-01 4.0661381930e+00 2.8853382691e+00
96 80 57
2 1 3225 18.8500 689.7500 74 3418 60.0000 885.7800
-3.1724170763e+00 3.7406661723e+00 3.1093100060e+00
233 197 141
2 1 3233 -566.4800 698.0400 74 3453 -490.0200 981.1899
1.7236212221e+00 4.2651034634e+00 2.8974461341e+00
138 112 89
2 1 3243 309.4200 710.3101 74 4991 358.9200 872.3000
-4.3922909085e+00 3.6751891875e+00 3.2796107580e+00
214 196 184
2 1 3256 -849.5400 745.0800 74 3472 -808.9800 1075.0901
-9.0633533310e-01 4.4113745130e+00 2.9558501296e+00
219 194 161
2 1 3267 -122.1801 775.6000 74 5042 -67.6801 988.0500
-2.6248354534e+00 4.2466822934e+00 3.0854848840e+00
160 127 86
2 1 3272 -460.6000 789.2700 74 3470 -380.9800 1057.5601
8.7810870697e-01 -4.3963490199e+00 3.1420074271e+00
125 104 84
3 1 3435 181.6000 -817.9500 74 5553 177.6600 -499.7500 29 406 283.2700 224.8200
2.1477068666e+00 -3.7625801787e+00 3.0738779747e+00
106 106 102
2 1 3486 387.3900 -686.4800 74 3799 374.0000 -381.2900
-2.6738885811e+00 -3.3915314827e+00 3.1694062111e+00
123 99 96
2 1 3504 -469.9100 -656.2500 74 3822 -435.9100 -355.7300
-1.9773499409e+00 -3.2476456548e+00 3.0144705060e+00
152 136 121
4 1 3541 -323.1700 -610.0601 74 3855 -288.7400 -313.2200 53 3686 -113.1500 -39.8400 29 267 -285.0400 441.1500
-1.3571201198e+00 -3.2719021973e+00 2.9265717557e+00
211 203 182
2 1 3545 -207.5200 -605.5000 74 3857 -172.7100 -308.7900
-1.1189279571e+00 -3.2645210815e+00 2.8952866626e+00
207 197 189
6 1 3546 -166.2900 -602.3000 74 3858 -132.9000 -307.1000 78 4013 -274.4300 -190.3600 2 26812 -573.2500 -810.8201 47 4162 -47.9600 -58.0100 29 274 -106.0000 456.5100
-1.6998768118e+00 -3.2325378886e+00 2.9661785533e+00
214 204 193
6 1 3547 -268.8700 -602.6700 74 3859 -235.3300 -305.5300 53 3687 -86.8800 -37.1100 78 4014 -383.1300 -187.7800 2 26828 -613.8000 -808.8899 29 273 -225.6900 453.3100
-1.9500404859e+00 -3.1848157468e+00 2.9955970320e+00
208 189 157
4 1 3551 -316.0500 -597.5800 74 5679 -281.4000 -300.5000 53 5312 -108.9800 -34.1200 29 425 -279.8700 457.7400
-1.1054966944e+00 -2.9844985798e+00 2.8209619847e+00
175 159 133
5 1 3599 -160.9000 -547.4200 74 3905 -129.3600 -256.4200 53 3711 -34.2100 -14.1800 78 4037 -268.3100 -136.9500 2 26938 -567.8900 -790.6799
-2.4954534695e+00 -2.7046472214e+00 2.9992602001e+00
83 62 59
2 1 3621 -411.5300 -510.8800 74 3951 -389.6500 -218.3800
-4.8141511671e-02 -2.8230066723e+00 2.7069732313e+00
90 68 51
3 1 3622 28.3600 -509.4200 74 3942 47.5400 -222.9000 53 3729 52.3400 -0.0800
2.4110585846e+00 -2.7692025592e+00 2.9123955785e+00
78 63 49
2 1 3643 426.6899 -494.5699 74 5783 398.2000 -216.4500
-1.8829960979e+00 -2.6251030845e+00 2.8626088455e+00
164 146 130
2 1 3653 -289.6300 -484.6899 74 3974 -263.3900 -195.8400
-1.8829960979e+00 -2.6251030845e+00 2.8626088455e+00
164 146 130
2 1 3654 -289.6300 -484.6899 74 3975 -263.3900 -195.8400
6.8662517495e-01 -2.5901409556e+00 2.6827142927e+00
211 203 185
2 1 3674 155.9000 -462.6801 74 5833 158.0500 -184.7900
-2.2245296546e+00 -2.3784683736e+00 2.8851141307e+00
152 136 116
2 1 3699 -350.0900 -442.5699 74 4013 -331.2200 -155.5601
-2.2245296546e+00 -2.3784683736e+00 2.8851141307e+00
152 136 116
2 1 3700 -350.0900 -442.5699 74 4014 -331.2200 -155.5601
7.6503858874e-02 -2.3923730473e+00 2.5947521759e+00
150 127 109
2 1 3722 58.5100 -427.7000 74 5887 67.2200 -150.9000
5.2026908572e+00 -2.1753903302e+00 3.2197974663e+00
103 88 78
2 1 3725 870.1101 -422.8199 74 5885 907.5701 -150.5699
5.2209308425e+00 -2.1717265522e+00 3.2220240360e+00
103 88 78
3 1 3726 870.1101 -422.8199 74 5886 907.5701 -150.5699 28 704 213.0700 -396.4200
-2.3558172351e+00 -2.2497871517e+00 2.8919225636e+00
127 106 88
2 1 3732 -373.7200 -419.2500 74 4042 -356.2400 -133.7100
5.2292967688e+00 -2.0267792335e+00 3.2075752167e+00
136 123 106
3 1 3753 870.9800 -395.2900 74 5922 907.5601 -127.8800 28 708 219.6400 -368.8200
-5.5679630167e+00 -1.6873061259e+00 3.5513266872e+00
95 68 64
2 1 3780 -1155.6500 -364.7400 74 4123 -1057.2700 -40.0000
-5.5679630167e+00 -1.6873061259e+00 3.5513266872e+00
95 68 64
2 1 3781 -1155.6500 -364.7400 74 4124 -1057.2700 -40.0000
2.8050439093e+00 -1.7566383982e+00 2.8291736558e+00
185 176 165
3 1 3833 484.9800 -318.6000 74 6025 463.2200 -63.1600 28 746 -272.8000 -228.9700
-4.6561249281e+00 -1.4620271185e+00 3.3220603868e+00
111 82 61
2 1 3849 -880.5100 -299.1700 74 4167 -805.4600 9.2700
-5.8779490266e+00 -1.3378344354e+00 3.5905708950e+00
248 240 203
2 1 3854 -1245.9900 -296.0100 74 4199 -1160.3000 35.3400
1.6146221990e+00 -1.5659461852e+00 2.6367900816e+00
196 183 161
2 1 3872 302.1801 -280.5800 74 6088 271.8800 -27.1300
-8.0463195301e-01 -1.5170513030e+00 2.4420292299e+00
223 207 184
3 1 3885 -76.9200 -272.9200 74 4153 -75.6200 -7.5300 6 6366 -70.4300 -80.8200
1.7070955437e+00 -1.4454343874e+00 2.6392996312e+00
187 170 144
2 1 3902 315.9200 -260.4200 74 4148 284.6000 -10.6801
3.2807262804e+00 -1.1221871974e+00 2.8437678776e+00
55 34 18
2 1 3946 552.5601 -213.9800 74 4182 535.3900 26.2000
1.3170605409e+00 -1.1455991777e+00 2.5616442028e+00
197 184 168
2 1 3954 257.8700 -210.1300 74 4196 228.5699 35.2200
1.8354248728e+00 -1.1178754801e+00 2.6345643655e+00
193 179 167
2 1 3960 334.8700 -207.1600 74 6167 296.8600 35.4800
-5.8355810357e+00 -9.0027693224e-01 3.5475471794e+00
233 201 160
2 1 3970 -1219.0699 -203.2400 74 4287 -1137.1600 132.8800
2.0533460114e-01 -1.0654593874e+00 2.4091752330e+00
191 181 167
3 1 3975 90.3199 -196.7700 74 6187 78.8600 55.2000 53 5660 71.0300 140.6100
3.3866069267e+00 -3.2112212772e-01 2.8185303897e+00
179 167 151
2 1 4079 565.9399 -80.7900 74 4295 564.3501 145.0601
4.4534790777e+00 -1.8223688959e-01 2.9612409096e+00
190 185 169
2 1 4094 732.4600 -60.3600 74 4313 732.2500 156.2200
-5.6485672861e+00 -1.9059337459e-01 3.4653299548e+00
115 81 81
2 1 4101 -1147.1700 -54.8199 74 4438 -1072.3300 282.8101
-3.5479104856e+00 -3.5095450711e-02 2.9997361664e+00
232 196 162
2 1 4135 -597.5300 -20.5400 74 4418 -550.1100 264.7300
-5.5993559236e+00 1.7818144581e-01 3.4404568412e+00
243 221 179
2 1 4180 -1130.1000 20.3201 74 4536 -1054.7300 359.8101
2.7230069697e+00 3.6205598272e-01 2.7243469447e+00
112 88 60
