# Bundle file v0.3
120 20015
0 0 0
0 0 0
0 0 0
0 0 0
0 0 0
0 0 0
0 0 0
0 0 0
0 0 0
0 0 0
0 0 0
0 0 0
0 0 0
0 0 0
0 0 0
0 0 0
0 0 0
0 0 0
0 0 0
0 0 0
0 0 0
0 0 0
0 0 0
0 0 0
0 0 0
1.2559367385e+03 2.1085431425e-02 7.7269619041e-02
7.2306608172e-01 -5.2038216980e-01 4.5428827721e-01
4.8223469306e-01 8.5113332607e-01 2.0741687989e-01
-4.9459593839e-01 6.9097457297e-02 8.6637197503e-01
-1.4184092106e+00 -1.2994645372e+00 -2.6560468846e+00
0 0 0
0 0 0
0 0 0
0 0 0
0 0 0
1.1441885745e+03 1.0601651251e-01 -1.2411138232e-01
7.6851151941e-01 -5.9313951595e-01 2.3994907616e-01
5.3289374086e-01 8.0091508459e-01 2.7305546731e-01
-3.5413882234e-01 -8.1978911254e-02 9.3159280408e-01
-7.4022202313e-01 -1.5244423471e+00 -2.8618081906e+00
0 0 0
0 0 0
0 0 0
0 0 0
0 0 0
0 0 0
0 0 0
0 0 0
0 0 0
0 0 0
0 0 0
0 0 0
0 0 0
0 0 0
0 0 0
0 0 0
0 0 0
0 0 0
0 0 0
0 0 0
0 0 0
0 0 0
0 0 0
0 0 0
0 0 0
1.1896773274e+03 5.7840050602e-02 9.3607056082e-02
8.0328958481e-01 -5.7867441400e-01 1.4093177610e-01
5.0884024032e-01 7.8977383981e-01 3.4254764891e-01
-3.0952778996e-01 -2.0345319985e-01 9.2886992777e-01
-4.5090790170e-01 -1.7238639723e+00 -2.7849375901e+00
0 0 0
0 0 0
0 0 0
0 0 0
0 0 0
0 0 0
0 0 0
0 0 0
0 0 0
0 0 0
0 0 0
0 0 0
0 0 0
0 0 0
0 0 0
0 0 0
0 0 0
0 0 0
0 0 0
0 0 0
0 0 0
0 0 0
0 0 0
0 0 0
0 0 0
1.5711901272e+03 1.6608571232e-01 -3.2762267204e-01
7.7993766705e-01 -5.7303496954e-01 2.5165086767e-01
5.1426102383e-01 8.1594300600e-01 2.6414505549e-01
-3.5669711926e-01 -7.6602445485e-02 9.3107423467e-01
-7.9184256591e-01 -1.5086895416e+00 -2.9039588764e+00
0 0 0
0 0 0
0 0 0
0 0 0
0 0 0
1.2254009271e+03 -2.2672327093e-02 3.2888642105e-01
8.2394656788e-01 -5.5843148313e-01 -9.6261788482e-02
5.5481336422e-01 7.6042124625e-01 3.3755245391e-01
-1.1530040831e-01 -3.3153251260e-01 9.3637172583e-01
2.6138857380e-01 -1.7087491042e+00 -2.8475171394e+00
0 0 0
0 0 0
0 0 0
0 0 0
0 0 0
1.1576339447e+03 5.2886941866e-02 1.3742921118e-01
7.7073994474e-01 -6.1814365335e-01 1.5446152081e-01
5.0149834400e-01 7.3808580407e-01 4.5136322048e-01
-3.9301316588e-01 -2.7042146671e-01 8.7887023034e-01
-4.6033768662e-01 -2.0417816409e+00 -2.5567205686e+00
1.1575868929e+03 4.8438936569e-02 1.4705613800e-01
7.7074759759e-01 -6.1814401399e-01 1.5442188567e-01
5.0154488976e-01 7.3810138926e-01 4.5128600990e-01
-3.9293875396e-01 -2.7037810033e-01 8.7891684390e-01
-4.6021860615e-01 -2.0415707291e+00 -2.5568842389e+00
0 0 0
0 0 0
0 0 0
0 0 0
0 0 0
0 0 0
0 0 0
0 0 0
0 0 0
0 0 0
0 0 0
0 0 0
0 0 0
0 0 0
0 0 0
0 0 0
0 0 0
0 0 0
0 0 0
0 0 0
0 0 0
0 0 0
0 0 0
0 0 0
0 0 0
0 0 0
0 0 0
0 0 0
0 0 0
0 0 0
0 0 0
0 0 0
0 0 0
0 0 0
0 0 0
0 0 0
0 0 0
0 0 0
0 0 0
0 0 0
0 0 0
0 0 0
0 0 0
0 0 0
0 0 0
0 0 0
0 0 0
0 0 0
0 0 0
0 0 0
0 0 0
0 0 0
0 0 0
0 0 0
0 0 0
0 0 0
0 0 0
0 0 0
0 0 0
0 0 0
0 0 0
0 0 0
0 0 0
0 0 0
0 0 0
0 0 0
0 0 0
0 0 0
0 0 0
0 0 0
0 0 0
0 0 0
0 0 0
0 0 0
0 0 0
0 0 0
0 0 0
0 0 0
0 0 0
0 0 0
0 0 0
0 0 0
0 0 0
0 0 0
0 0 0
0 0 0
0 0 0
0 0 0
0 0 0
0 0 0
0 0 0
0 0 0
0 0 0
0 0 0
0 0 0
0 0 0
0 0 0
0 0 0
0 0 0
0 0 0
0 0 0
0 0 0
0 0 0
0 0 0
0 0 0
0 0 0
0 0 0
0 0 0
0 0 0
0 0 0
0 0 0
0 0 0
0 0 0
0 0 0
0 0 0
0 0 0
0 0 0
0 0 0
0 0 0
0 0 0
0 0 0
0 0 0
0 0 0
0 0 0
0 0 0
0 0 0
0 0 0
0 0 0
0 0 0
0 0 0
0 0 0
0 0 0
0 0 0
0 0 0
0 0 0
0 0 0
0 0 0
0 0 0
0 0 0
0 0 0
0 0 0
0 0 0
0 0 0
0 0 0
0 0 0
0 0 0
0 0 0
0 0 0
0 0 0
0 0 0
-1.9679706315e+03 4.4974868510e-01 4.1463860262e+00
8.0786898915e-01 -5.8317757152e-01 -8.5156423394e-02
5.6503905122e-01 8.0748146997e-01 -1.6942416077e-01
1.6756660458e-01 8.8755820822e-02 9.8185734061e-01
2.4715765401e-01 -1.5320794182e-01 -2.9801913528e+00
0 0 0
0 0 0
0 0 0
0 0 0
0 0 0
0 0 0
0 0 0
0 0 0
0 0 0
0 0 0
0 0 0
0 0 0
0 0 0
0 0 0
0 0 0
0 0 0
0 0 0
0 0 0
0 0 0
0 0 0
0 0 0
0 0 0
0 0 0
0 0 0
0 0 0
0 0 0
0 0 0
0 0 0
0 0 0
0 0 0
0 0 0
0 0 0
0 0 0
0 0 0
0 0 0
0 0 0
0 0 0
0 0 0
0 0 0
0 0 0
0 0 0
0 0 0
0 0 0
0 0 0
0 0 0
1.1874239897e+03 3.7887536555e-01 -1.5019027945e-01
7.9622522653e-01 -5.5718529179e-01 2.3573277086e-01
5.5447710392e-01 8.2793810709e-01 8.4104887204e-02
-2.4203415020e-01 6.3741991222e-02 9.6817169381e-01
-7.6404386391e-01 -9.6427188149e-01 -3.2710833737e+00
0 0 0
0 0 0
0 0 0
0 0 0
0 0 0
0 0 0
0 0 0
0 0 0
0 0 0
0 0 0
0 0 0
0 0 0
0 0 0
0 0 0
0 0 0
2.6495180871e+03 1.1379132736e-02 1.9434427079e-01
7.6031468206e-01 -5.5422955711e-01 3.3874943877e-01
5.4322210032e-01 8.2846649395e-01 1.3620946414e-01
-3.5613387085e-01 8.0454126187e-02 9.3096498302e-01
-1.0645652040e+00 -1.0954063942e+00 -2.9691235918e+00
0 0 0
0 0 0
0 0 0
0 0 0
0 0 0
2.6523781970e+03 8.9940346488e-03 1.1420428543e-01
7.5747218572e-01 -5.5927787174e-01 3.3681471174e-01
5.7730852123e-01 8.1470611859e-01 5.4486802534e-02
-3.0487826944e-01 1.5317376576e-01 9.3999310546e-01
-1.0530082047e+00 -8.3185328593e-01 -3.0588742370e+00
2.6550829156e+03 5.0717199990e-02 -4.3598246930e-02
7.8609528964e-01 -5.5221778923e-01 2.7768634979e-01
5.9254460438e-01 8.0111548170e-01 -8.4290431261e-02
-1.7591215827e-01 2.3080185925e-01 9.5696677808e-01
-8.7295598170e-01 -3.7500912397e-01 -3.2030642511e+00
0 0 0
0 0 0
0 0 0
0 0 0
0 0 0
0 0 0
0 0 0
0 0 0
0 0 0
0 0 0
0 0 0
0 0 0
0 0 0
0 0 0
0 0 0
0 0 0
0 0 0
0 0 0
0 0 0
0 0 0
0 0 0
0 0 0
0 0 0
0 0 0
0 0 0
0 0 0
0 0 0
0 0 0
0 0 0
0 0 0
2.6501013099e+03 8.8100195705e-03 1.7270794233e-01
7.7011142300e-01 -5.5532604655e-01 3.1391301055e-01
5.5105712444e-01 8.2702996454e-01 1.1116421799e-01
-3.2134785168e-01 8.7375166814e-02 9.4292159719e-01
-9.8455888324e-01 -1.0154025793e+00 -3.0265306380e+00
2.6479567798e+03 5.7274119678e-03 1.5504595934e-01
7.6699572766e-01 -5.5615292850e-01 3.2001792741e-01
5.5588634351e-01 8.2503725095e-01 1.0150816538e-01
-3.2048077453e-01 1.0003726636e-01 9.4195786450e-01
-1.0030401070e+00 -9.8430519983e-01 -3.0305711315e+00
0 0 0
0 0 0
0 0 0
0 0 0
0 0 0
2.3561517297e+03 -2.0716376065e-03 9.3407914651e-02
7.9079266106e-01 -6.1035673453e-01 4.5952408301e-02
6.0410956237e-01 7.9036641911e-01 1.0184576672e-01
-9.8481490002e-02 -5.2778595616e-02 9.9373830356e-01
-1.3619768012e-01 -9.9640565209e-01 -3.1844632191e+00
2.3225900356e+03 -6.4146323360e-03 1.0025706346e-01
8.0684305621e-01 -5.8769775589e-01 6.0130111962e-02
5.8234272089e-01 8.0833502284e-01 8.6437528156e-02
-9.9404416748e-02 -3.4725186381e-02 9.9444101050e-01
-2.0136857898e-01 -9.4415331063e-01 -3.1878996414e+00
-2.8293988315e+03 6.9774766792e-01 1.9426259082e+00
7.9177017536e-01 -5.8680669942e-01 1.6958150527e-01
6.1055751114e-01 7.5219393340e-01 -2.4783827822e-01
1.7874982547e-02 2.9977021880e-01 9.5384396047e-01
-5.4210253870e-01 8.8060548103e-02 -2.9382701302e+00
2.9190096723e+03 8.9725681775e-02 -6.8663341290e-02
8.0770191223e-01 -5.7833723835e-01 1.1464580111e-01
5.6713181508e-01 7.0894644735e-01 -4.1923315603e-01
1.6118041228e-01 4.0363470307e-01 9.0061084891e-01
-3.8192414851e-01 7.7096408645e-01 -3.2412184034e+00
0 0 0
0 0 0
0 0 0
0 0 0
0 0 0
0 0 0
0 0 0
0 0 0
0 0 0
0 0 0
1.9995803180e+03 9.7325373002e-02 -7.7348255802e-02
8.0419318931e-01 -5.7705297588e-01 1.4241902012e-01
5.8992981407e-01 8.0416295505e-01 -7.2833757273e-02
-7.2499163694e-02 1.4258963761e-01 9.8712312632e-01
-4.6426309154e-01 -4.3465723752e-01 -3.3270197286e+00
6.4065960524e+03 8.3235576046e-01 5.9268050960e-01
7.9266249546e-01 -5.9693158490e-01 1.2393083245e-01
6.0954552941e-01 7.7201483336e-01 -1.8013146491e-01
1.1849719878e-02 2.1832494137e-01 9.7580418328e-01
-3.9336539884e-01 -6.3963702574e-02 -3.5817673315e+00
0 0 0
0 0 0
0 0 0
0 0 0
0 0 0
0 0 0
0 0 0
0 0 0
0 0 0
0 0 0
0 0 0
0 0 0
0 0 0
0 0 0
0 0 0
0 0 0
0 0 0
0 0 0
0 0 0
0 0 0
0 0 0
0 0 0
0 0 0
0 0 0
0 0 0
0 0 0
0 0 0
0 0 0
0 0 0
0 0 0
8.7269790062e+05 -2.7657136274e-03 -1.9853022726e-19
7.8960018919e-01 -5.9674241234e-01 1.4293367184e-01
5.8958205431e-01 8.0235770249e-01 9.2817662561e-02
-1.7007216841e-01 1.0982283955e-02 9.8537041105e-01
-4.5242085733e-01 -9.5363928655e-01 -6.4861187262e+01
0 0 0
0 0 0
0 0 0
0 0 0
0 0 0
0 0 0
0 0 0
0 0 0
0 0 0
0 0 0
0 0 0
0 0 0
0 0 0
0 0 0
0 0 0
0 0 0
0 0 0
0 0 0
0 0 0
0 0 0
0 0 0
0 0 0
0 0 0
0 0 0
0 0 0
0 0 0
0 0 0
0 0 0
0 0 0
0 0 0
6.9549914572e+05 8.5325435220e-04 -5.3010178805e-21
7.8403965049e-01 -6.0006777264e-01 -1.5874663681e-01
5.5007613457e-01 7.9019904759e-01 -2.7018828872e-01
2.8757272582e-01 1.2451559510e-01 9.4963034595e-01
4.7172285469e-01 2.0612097666e-01 -1.0969031184e+02
0 0 0
0 0 0
0 0 0
0 0 0
0 0 0
0 0 0
0 0 0
0 0 0
0 0 0
0 0 0
0 0 0
0 0 0
0 0 0
0 0 0
0 0 0
0 0 0
0 0 0
0 0 0
0 0 0
0 0 0
0 0 0
0 0 0
0 0 0
0 0 0
0 0 0
0 0 0
0 0 0
0 0 0
0 0 0
0 0 0
0 0 0
0 0 0
0 0 0
0 0 0
0 0 0
0 0 0
0 0 0
0 0 0
0 0 0
0 0 0
0 0 0
0 0 0
0 0 0
0 0 0
0 0 0
0 0 0
0 0 0
0 0 0
0 0 0
0 0 0
0 0 0
0 0 0
0 0 0
0 0 0
0 0 0
0 0 0
0 0 0
0 0 0
0 0 0
0 0 0
0 0 0
0 0 0
0 0 0
0 0 0
0 0 0
0 0 0
0 0 0
0 0 0
0 0 0
0 0 0
0 0 0
0 0 0
0 0 0
0 0 0
0 0 0
0 0 0
0 0 0
0 0 0
0 0 0
0 0 0
4.5894870458e-01 5.3821968185e-01 3.1108273013e+00
193 184 169
14 55 351 395.6801 135.1599 84 176 482.9700 34.5900 82 328 583.5000 328.1200 83 238 580.5699 396.5300 88 321 351.7700 397.9399 23 105 320.4300 -79.0000 24 105 320.4300 -79.0000 71 299 572.4500 567.3700 79 290 638.1300 389.8300 19 138 299.5400 -89.4000 21 113 291.5400 38.4900 72 205 799.9099 965.3899 5 96 389.1200 211.6800 65 517 120.8300 -11.1300
4.0501684615e-01 5.7584602847e-01 3.1021425813e+00
179 170 157
13 55 249 -278.7500 162.5400 84 173 -482.1900 -5.3900 96 246 -461.3700 494.9900 80 209 -291.5000 451.5500 88 317 -275.1200 392.2400 23 102 -198.9700 -105.6500 24 102 -198.9700 -105.6500 71 210 -349.2000 598.7700 19 140 -194.0500 -86.2800 21 154 -168.8400 6.2500 72 163 -172.3400 1001.7900 5 68 -155.6400 287.9900 65 375 -111.9300 -7.6000
3.9779418898e-01 5.8325813107e-01 3.1009356873e+00
195 188 178
16 55 1116 -391.3700 190.1200 84 934 -630.2600 16.5100 80 806 -444.8300 486.1200 88 1581 -374.8200 411.9399 23 567 -282.0100 -96.8800 24 566 -282.0100 -96.8800 69 871 -524.7200 393.9700 71 639 -506.7700 633.7700 79 880 -425.1000 456.3500 19 603 -274.8900 -70.3000 21 882 -233.1200 14.5500 72 588 -335.7300 1040.6599 5 446 -256.6500 318.8800 7 375 -258.8600 10.3100 13 416 -258.9900 11.7000 65 1600 -149.2400 0.7100
3.9783011023e-01 5.8323600550e-01 3.1009664945e+00
195 188 178
14 55 1115 -391.3700 190.1200 84 933 -630.2600 16.5100 80 805 -444.8300 486.1200 88 1580 -374.8200 411.9399 23 566 -282.0100 -96.8800 24 565 -282.0100 -96.8800 69 870 -524.7200 393.9700 79 879 -425.1000 456.3500 19 602 -274.8900 -70.3000 21 881 -233.1200 14.5500 5 445 -256.6500 318.8800 7 374 -258.8600 10.3100 13 415 -258.9900 11.7000 65 1599 -149.2400 0.7100
4.2348378651e-01 5.3375752371e-01 3.1017398725e+00
44 22 9
4 55 4884 150.5300 -96.7700 84 3241 87.8700 -311.2000 88 4663 94.7400 171.4600 103 2639 -58.1500 148.7600
4.2291098459e-01 5.3461588002e-01 3.1014892322e+00
48 28 21
4 55 4901 140.6200 -92.5100 84 3248 73.2000 -305.6801 88 4682 84.6300 175.2300 103 2672 -64.2200 151.3700
4.1456428087e-01 5.4070699175e-01 3.0986501864e+00
140 122 101
4 55 4932 35.4100 -86.5900 84 3250 -89.5699 -304.7900 88 4694 -13.8500 178.6600 103 2686 -129.0500 154.7100
4.1337996846e-01 5.4147609390e-01 3.0985308456e+00
136 116 92
4 55 4928 20.0000 -86.9800 84 3251 -111.1899 -306.2300 88 4691 -26.2400 177.6500 103 2687 -138.1600 154.4800
4.4172011625e-01 5.5789484121e-01 3.1070112893e+00
172 162 150
10 55 1689 143.4100 210.5400 84 1476 102.5900 104.7200 82 1777 212.7100 386.0200 83 1918 200.1000 469.1801 96 1916 105.1600 601.1001 88 2362 108.8400 456.6000 103 1371 -61.6600 328.5600 23 907 117.1800 -46.2200 24 905 117.1800 -46.2200 5 1206 193.4500 288.2500
4.3396577617e-01 6.1299648971e-01 3.0822056469e+00
108 102 95
2 55 2645 -292.8900 873.6799 84 1656 -567.7600 790.4600
4.0364814209e-01 5.5401625141e-01 3.0962942256e+00
157 142 127
3 55 12270 -144.3500 -30.1700 84 6907 -345.9800 -241.8800 103 6198 -240.4500 187.4100
4.0198060038e-01 5.5529024934e-01 3.0956538374e+00
179 170 155
3 55 7813 -166.5000 -29.3101 84 4733 -381.1100 -240.2000 103 4110 -254.9600 188.6000
4.3629818171e-01 5.5475825916e-01 3.1063884915e+00
151 139 127
6 55 5246 113.0600 157.4299 84 5072 69.9600 23.4900 82 6082 182.3900 306.6600 23 2872 100.5600 -90.0000 24 2871 100.5600 -90.0000 5 2782 168.2500 242.4400
4.5854645777e-01 5.4212948256e-01 3.1101645697e+00
159 149 139
15 55 5257 369.3500 168.8401 84 5170 441.7200 72.6600 82 9020 542.2000 363.9399 83 6824 540.3000 435.5200 88 7415 327.3101 427.8700 103 4374 74.6400 302.4100 23 2963 296.9300 -60.9300 24 2962 296.9300 -60.9300 69 4555 509.3600 363.3199 71 4706 534.2100 609.1300 79 4220 599.6500 430.2200 19 2721 279.6100 -66.5400 21 2835 272.4400 55.9100 72 4345 761.2400 1012.1299 5 2768 364.8900 236.0800
4.3213513414e-01 5.6319261338e-01 3.1060392464e+00
91 74 57
4 55 22317 28.5200 206.9199 84 7404 -48.6100 77.6400 103 6559 -130.6300 324.3600 7 4393 20.0200 31.6900
4.5920256141e-01 5.4230851971e-01 3.1103287312e+00
90 80 63
16 55 8184 374.9900 172.9700 84 5191 447.3101 81.3800 82 6205 547.1600 371.9000 83 6842 545.4399 444.2900 80 3978 587.8800 467.1400 88 7429 331.1200 432.2600 103 4387 77.2800 305.5800 23 2975 299.5700 -56.3600 24 2974 299.5700 -56.3600 69 4560 515.7700 370.1801 71 4712 541.2300 615.5900 79 4224 606.3000 437.0800 21 2839 274.4600 60.5200 72 4352 769.3799 1019.5200 5 2776 369.1400 240.4000 7 2083 250.9800 26.3600
4.3538900899e-01 5.6072471698e-01 3.1057866514e+00
91 74 51
8 55 8273 71.2500 203.3900 84 5187 8.2800 79.8800 82 6193 122.4800 359.7100 23 2967 64.9600 -60.6300 24 2966 64.9600 -60.6300 71 6620 131.1899 650.5200 72 4403 330.2200 1059.5200 5 2867 133.7500 282.0700
4.5811153869e-01 5.4406395258e-01 3.1099166343e+00
145 137 119
14 55 5282 354.8199 182.6699 84 5211 418.9301 90.0900 82 6232 519.6899 380.7200 83 6867 517.7400 453.3101 80 3993 561.1000 478.8201 88 7455 313.9100 440.1500 103 4405 65.3100 310.8100 23 2988 282.8500 -52.6600 24 2987 282.8500 -52.6600 69 4573 488.8101 381.9000 71 4726 513.8000 627.9500 79 4238 580.0300 448.5699 72 2897 740.8401 1033.6799 5 2798 353.2700 247.2200
4.2345180973e-01 5.7027547040e-01 3.1041795551e+00
163 152 142
13 55 3592 -81.1600 218.1599 84 3461 -217.3000 87.3300 82 4011 -92.8300 361.2100 83 4422 -116.8200 452.8000 96 4659 -206.6800 584.3701 103 1967 -200.2000 333.5600 23 1329 -54.2500 -56.7700 24 1328 -54.2500 -56.7700 21 1900 -47.5800 53.1200 5 1868 13.6200 313.3000 7 1354 -54.9000 38.7700 13 1052 -25.5800 43.8600 65 4715 -44.8700 12.9800
4.2205156063e-01 5.7236547038e-01 3.1038779947e+00
95 85 68
11 55 2414 -106.6900 227.4199 84 2292 -250.3500 98.9100 82 4020 -125.7600 370.9700 83 2905 -151.3000 464.1100 96 4668 -239.5700 598.2700 88 3367 -123.4000 460.1700 103 1972 -215.3800 339.9700 23 1333 -72.2900 -51.0000 24 1332 -72.2900 -51.0000 5 1227 -6.6800 323.6500 65 3255 -53.6900 15.9700
4.2523065891e-01 5.7339952328e-01 3.1041736142e+00
189 179 170
17 55 2424 -86.7200 255.9800 84 2304 -223.0900 136.4900 82 2687 -100.8900 408.6500 83 2920 -123.9500 501.9199 96 3003 -212.2800 634.3701 80 1780 -32.5699 574.8799 103 1987 -203.4400 356.7300 23 2011 -58.1200 -31.9500 24 2007 -58.1200 -31.9500 69 2028 -106.3200 481.2800 71 2149 -85.7400 725.8201 19 1331 -56.2100 -16.6000 21 1280 -49.5400 75.1200 5 1899 9.5700 343.0400 7 941 -58.9900 61.7000 13 1071 -29.5100 69.5100 65 3263 -47.0200 25.7500
4.1174999547e-01 5.8351141351e-01 3.1021330601e+00
121 104 94
15 55 3618 -267.1100 271.5400 84 3502 -464.0800 134.5801 82 4050 -330.2700 399.7400 83 4470 -362.5800 499.7900 96 4706 -446.4000 636.3201 80 2686 -276.3500 595.3599 103 1991 -316.3400 367.1200 23 2007 -189.7300 -33.8200 24 2003 -189.7300 -33.8200 69 3083 -352.9900 502.6500 71 3276 -335.4800 746.7800 79 2874 -256.7500 565.3201 21 2857 -158.6000 70.5000 7 1390 -176.6700 65.1700 13 1770 -164.2200 73.0400
4.2901280070e-01 5.5140962038e-01 3.1058880612e+00
30 17 6
15 55 7993 71.7000 87.2600 84 7126 15.0699 -77.3000 82 8674 131.8199 208.4000 83 9822 110.9600 286.6500 96 10147 19.6400 419.9800 103 4217 -102.6300 252.5700 23 2745 73.8100 -143.6600 24 2743 73.8100 -143.6600 69 6381 113.2000 251.5000 71 6470 135.4500 492.0601 79 5757 203.0900 317.2800 19 2605 63.8000 -133.6900 21 3891 62.2800 -22.9900 72 4220 328.9500 884.5000 13 2651 101.8400 -51.7000
3.9935561764e-01 5.6601204117e-01 3.0719143096e+00
137 123 113
2 55 8061 -284.4500 124.0000 84 4947 -646.5600 -69.2500
3.9981495918e-01 5.8387854329e-01 3.1011698263e+00
170 159 145
16 55 5315 -377.3700 207.2200 84 3438 -611.0400 38.4900 96 4638 -585.6200 542.8600 88 4957 -362.2500 427.9301 103 2950 -384.0000 327.3600 23 2897 -270.7100 -84.2100 24 2896 -270.7100 -84.2100 69 4602 -504.0300 417.4301 71 3259 -487.1400 657.5200 79 4261 -404.4100 480.2600 19 1947 -264.1000 -57.4900 21 2790 -224.2100 24.9000 72 2916 -314.6600 1067.7600 5 1892 -243.3500 331.4500 7 2073 -248.7300 21.9500 13 2813 -247.3400 24.1900
4.6298890821e-01 5.3869349589e-01 3.1115073849e+00
99 90 76
12 55 8156 428.1500 160.3500 84 7392 525.4900 73.4800 82 9023 622.6600 366.1000 83 10104 624.0400 435.7400 96 10433 514.9200 575.8301 103 4365 108.5400 299.0300 23 4119 343.0200 -58.2200 24 4121 343.0200 -58.2200 71 6571 613.7400 602.8201 21 4093 313.9200 58.7600 72 6097 846.8301 1005.3301 5 4134 413.0800 230.2600
4.0577132920e-01 5.8046227486e-01 3.1018177899e+00
159 147 135
15 55 8290 -301.4400 209.5000 84 7330 -510.3100 51.0400 96 10372 -489.2500 552.8799 80 5736 -322.2800 513.4099 88 10817 -296.6900 434.1200 103 4467 -336.0500 328.8200 23 4060 -215.5500 -77.6200 24 4062 -215.5500 -77.6200 69 6535 -400.1800 420.7200 71 6633 -381.4600 661.9399 79 5920 -302.4400 483.3101 21 4022 -180.1300 31.5000 72 4413 -205.5100 1072.0200 5 4366 -175.7500 326.7100 7 3001 -198.8400 25.8400
4.6144788854e-01 5.4240392630e-01 3.1108361490e+00
183 168 148
8 55 5286 393.5400 185.1899 84 5230 472.0800 102.3800 82 6248 570.9200 393.4399 88 7472 347.2000 444.3300 103 4413 88.0600 313.3400 21 2858 286.2300 71.3900 72 2901 798.6899 1040.6799 5 2801 385.3900 249.7700
4.0649107940e-01 5.8174462622e-01 3.1017833361e+00
189 178 167
11 55 8325 -302.3400 224.8700 84 7390 -513.9700 72.3400 83 6828 -408.3000 436.1300 96 10431 -493.2800 574.4399 88 7484 -298.1500 446.7700 103 4491 -337.0700 338.5700 23 2953 -216.4100 -66.2100 24 2952 -216.4100 -66.2100 21 4052 -181.9100 41.3200 72 4426 -206.5100 1096.0100 5 2996 -174.4500 340.2600
4.0653924245e-01 5.8173923840e-01 3.1018025564e+00
189 178 167
10 55 8326 -302.3400 224.8700 84 7391 -513.9700 72.3400 96 10432 -493.2800 574.4399 80 5753 -321.9500 534.2900 103 4492 -337.0700 338.5700 23 2954 -216.4100 -66.2100 24 2953 -216.4100 -66.2100 21 4053 -181.9100 41.3200 72 4427 -206.5100 1096.0100 5 2997 -174.4500 340.2600
4.6126427340e-01 5.4434520859e-01 3.1105497489e+00
105 96 79
13 55 8260 381.4301 200.1500 84 7496 451.8500 121.7900 83 10220 549.9700 485.4800 80 5723 594.6200 505.4000 103 4442 80.4300 322.5700 23 3007 300.1100 -34.9400 24 3006 300.1100 -34.9400 69 6520 521.9700 407.8199 71 6621 548.0500 654.7600 19 3744 284.6100 -42.7000 21 4160 275.6600 80.6600 72 4408 780.2200 1063.5500 5 4219 374.5300 262.6900
4.5885341371e-01 5.4706842296e-01 3.1099896202e+00
182 172 154
14 55 13029 345.5000 211.0400 84 7511 396.7300 131.3101 82 9169 498.0200 419.7400 83 6912 497.0900 494.9099 80 5739 547.4301 518.3000 103 6580 59.5200 328.6800 23 4201 271.7200 -31.1700 24 4203 271.7200 -31.1700 69 6533 475.9000 420.7000 71 6639 500.8199 667.8400 79 5924 565.9301 487.8401 72 4418 729.9700 1078.3201 5 4250 347.5900 272.4600 7 3059 228.4800 49.7600
4.3707580436e-01 5.6377322422e-01 3.1059171751e+00
146 136 126
10 55 3601 70.6500 236.7000 84 3496 -2.1899 130.3800 82 4055 110.6100 408.3101 83 4464 95.4500 494.9500 96 4695 2.7400 626.6099 88 5015 40.1300 476.7000 103 1976 -106.3700 344.3900 21 1921 53.3100 76.0200 5 1867 135.9400 313.8700 65 4729 6.8800 20.8100
4.0643029183e-01 5.8535366513e-01 3.1014756234e+00
125 112 96
17 55 5364 -323.5000 258.4299 84 5242 -545.1500 110.9000 83 6905 -442.1000 476.2000 96 7180 -523.3000 614.4399 80 2683 -353.3600 576.7100 88 7546 -322.0900 476.1300 103 4541 -355.3500 359.2500 23 1997 -230.4100 -46.2000 24 1993 -230.4100 -46.2000 69 4621 -439.7900 484.4199 71 3273 -414.2400 727.3800 79 2872 -333.3300 546.5901 19 2757 -229.7400 -21.5200 21 2838 -191.2800 58.9500 5 3030 -200.1200 369.3100 7 2127 -218.2100 54.8100 13 1763 -205.8200 61.3900
4.5269521964e-01 5.5370790808e-01 3.1084206026e+00
179 174 158
11 55 5339 257.4301 234.2000 84 3514 265.7500 151.0100 82 4064 370.1500 436.2200 83 4482 365.1200 515.4500 88 5028 216.3600 484.5100 103 2968 6.5000 342.7000 23 2018 201.3400 -22.5600 24 2014 201.3400 -22.5600 21 1947 183.5400 90.5700 7 1380 168.2800 60.8400 65 4731 71.9400 21.6400
4.0663634810e-01 5.8606093623e-01 3.1016425468e+00
189 181 173
5 55 5372 -328.0100 264.9500 84 5249 -544.9700 119.6500 103 2987 -354.2200 363.2700 21 2843 -194.5200 62.4200 13 1766 -209.8300 65.9600
4.8793886367e-01 5.5101346416e-01 3.1141666598e+00
127 135 137
4 55 8569 568.7600 408.0801 84 3659 713.8899 423.0601 103 4627 189.7700 444.0300 19 2846 409.9200 103.1000
4.4629040792e-01 5.8509873188e-01 3.1063004567e+00
146 136 127
3 55 3743 19.5100 474.5601 84 3655 -72.1200 421.1799 65 4858 -9.4600 100.9300
4.6256251137e-01 5.3792200162e-01 3.1114968321e+00
183 174 157
12 55 12836 428.5601 152.0500 84 7358 527.7000 61.5300 82 9003 624.3300 355.3400 83 10076 626.4500 423.3000 96 10400 516.6200 564.1001 103 6454 108.9200 293.8800 23 4102 344.6500 -64.6100 24 4104 344.6500 -64.6100 71 9508 615.3401 590.4600 79 8455 680.9100 412.0000 21 4085 314.8500 52.9100 72 6077 847.9700 991.1699
4.4036472784e-01 5.5393909120e-01 3.1075259423e+00
82 73 63
14 55 12875 156.8900 168.6300 84 10893 120.9200 50.2500 82 12750 230.8800 332.8101 83 15211 217.6400 413.4500 96 15186 122.6700 546.5400 80 8223 297.1100 461.4800 103 6478 -53.4100 303.7000 23 4074 130.1600 -73.2000 24 4076 130.1600 -73.2000 69 9421 225.2700 366.1000 19 5155 121.6900 -70.9000 21 5908 112.0300 40.8500 72 8880 454.0400 1013.8799 7 4351 104.7800 16.3300
4.0070839793e-01 5.8354204214e-01 3.1011517785e+00
82 72 59
16 55 13025 -368.1800 209.3600 84 10874 -596.0000 42.8700 96 15189 -571.4300 546.7000 80 5733 -411.5000 512.0200 88 10805 -352.7700 430.7400 103 4469 -377.3000 328.9000 23 4050 -263.4100 -82.6100 24 4052 -263.4100 -82.6100 69 6532 -490.6100 419.1899 71 6631 -473.0699 660.0601 79 5918 -391.4200 482.0000 19 3728 -257.1300 -56.2200 21 4004 -217.3600 26.9000 72 6190 -300.1700 1070.5100 5 6045 -234.6700 331.7600 13 4468 -239.8600 25.4200
4.5314824893e-01 5.4792243138e-01 3.1091632571e+00
107 94 75
9 55 12940 294.1000 186.5701 84 10981 322.6600 91.5300 82 9061 425.9800 378.7100 80 8266 480.3500 485.4700 23 6361 234.3300 -51.4400 24 6375 234.3300 -51.4400 79 8507 498.8400 455.4700 21 5967 211.0400 63.6500 7 4400 195.7400 32.5400
4.5949503283e-01 5.4630111170e-01 3.1101491396e+00
176 167 150
14 55 13018 355.0100 207.9600 84 7506 411.9600 128.3500 82 9163 512.2200 417.5699 83 10233 511.8101 492.0100 80 5737 560.4399 514.2400 103 6570 64.8600 326.9500 23 4187 279.3600 -32.5100 24 4189 279.3600 -32.5100 69 9490 488.4800 416.7600 71 9595 513.9399 663.7800 79 8535 579.6000 483.5500 72 6194 743.1599 1074.0801 5 5915 355.0700 269.5700 7 4462 235.2400 48.0900
4.1263267619e-01 5.8284714876e-01 3.1022647879e+00
117 105 94
13 55 13220 -255.5400 270.2600 84 11058 -448.7300 134.1400 83 10253 -346.7700 500.1799 96 22931 -431.1700 635.4399 103 4546 -308.2800 366.4100 23 4185 -181.1400 -33.5800 24 4187 -181.1400 -33.5800 69 6591 -335.9600 501.1300 71 6704 -318.6400 745.6799 21 4122 -151.7100 70.9900 5 6158 -133.4300 371.6800 7 3079 -168.9300 65.0100 13 4586 -155.6000 73.1200
4.8755782446e-01 5.5080689383e-01 3.1142117587e+00
251 246 252
5 55 13600 564.1100 406.5000 84 11624 709.3799 418.5701 103 6828 186.8100 442.6500 69 9823 748.7400 665.1899 79 8831 844.2000 736.6401
4.5569892648e-01 5.9030480198e-01 3.1310852709e+00
75 71 59
2 55 8708 40.8000 466.4700 84 7938 40.6400 418.2400
4.0531891205e-01 5.4665963477e-01 3.0936712391e+00
145 124 103
2 55 33425 -87.0300 -82.4301 84 10126 -271.0200 -309.9301
4.0529742986e-01 5.4697657162e-01 3.0935034459e+00
102 84 64
2 55 33449 -89.2600 -79.7400 84 15318 -274.7200 -305.6100
4.4003095839e-01 5.5414530233e-01 3.1073764185e+00
182 172 161
6 55 22095 151.9900 168.6200 84 16548 115.3800 49.0400 83 23455 212.0400 412.4399 23 6283 126.8400 -74.2800 24 6297 126.8400 -74.2800 72 8879 447.2900 1012.5701
4.4000581697e-01 5.5472263012e-01 3.1071958866e+00
174 165 155
5 55 22115 148.9400 173.4099 84 10908 110.3800 55.7600 96 15196 112.4200 552.0000 23 6296 123.6400 -70.6800 24 6310 123.6400 -70.6800
4.0642483240e-01 5.8106803385e-01 3.1019026500e+00
106 99 81
12 55 22376 -298.9100 218.4199 84 10927 -509.2000 63.8000 96 22693 -488.5300 565.7100 80 8315 -319.2500 525.7600 23 6297 -214.2400 -70.3700 24 6311 -214.2400 -70.3700 69 15045 -396.0500 432.9800 71 9611 -378.1600 674.6300 79 13682 -299.3000 496.0200 72 14137 -202.8000 1086.4700 5 6063 -172.3000 335.0200 13 7932 -190.1200 35.7100
4.4163892131e-01 5.8849053901e-01 3.1043378880e+00
91 82 72
7 55 13962 -42.4500 484.8700 84 7963 -156.2300 426.1799 82 9627 -46.3199 699.8501 83 10794 -59.1899 802.6799 103 7042 -178.0000 494.8500 21 6456 -14.5400 207.8400 7 3317 -33.9700 196.1000
4.3176781665e-01 6.3023416244e-01 3.1100712428e+00
157 163 156
2 55 15416 -419.8400 840.1000 84 8240 -582.0400 748.7300
4.0592386659e-01 5.0496129690e-01 3.1045020399e+00
87 69 56
3 55 953 187.0601 -470.5100 84 726 155.9700 -906.3700 65 1402 40.7200 -222.2000
3.9486216058e-01 5.1287566653e-01 3.1091457478e+00
161 149 132
9 55 1433 28.7700 -463.1400 84 730 -61.6400 -903.0699 103 1119 -124.5800 -72.9600 69 1207 72.1100 -496.8700 71 832 98.4100 -248.4800 79 1178 161.7300 -421.8700 19 450 39.1100 -557.0601 72 1622 262.9399 115.1899 65 2103 -9.4300 -219.0300
4.0573277090e-01 5.0590767296e-01 3.1043743654e+00
156 143 135
3 55 2108 178.7100 -461.5200 84 1161 143.4000 -893.2000 65 2951 37.7700 -219.2500
4.1032928166e-01 5.1942466076e-01 3.1006106685e+00
145 128 109
5 55 1473 130.9900 -301.2500 84 792 64.9000 -630.9100 82 1558 187.9399 -308.0500 96 1700 67.8800 -101.0601 85 1219 75.0200 1232.9700
4.0224379700e-01 5.0530310448e-01 3.1062005200e+00
146 139 120
3 55 3085 148.4600 -490.2700 84 1797 108.5800 -944.1799 65 4170 29.0600 -228.7700
4.0511821445e-01 5.0539167312e-01 3.1041304698e+00
54 36 24
3 55 4464 177.6600 -470.7900 84 1811 140.0200 -909.6500 65 4192 37.4000 -222.3300
4.0010016975e-01 5.0661692692e-01 3.1067729170e+00
146 137 120
2 55 3083 118.3200 -490.5601 84 2684 69.9900 -948.3401
3.9779574838e-01 5.0929684145e-01 3.1105441583e+00
29 15 7
6 55 6905 77.9500 -476.4200 84 6063 20.1400 -923.6001 69 3939 142.0300 -515.9700 71 4048 165.7700 -266.4000 79 5230 231.2400 -439.7700 72 5236 331.5500 96.5400
3.9660914856e-01 5.1249151070e-01 3.1065915826e+00
105 93 76
2 55 10861 47.3200 -457.2300 84 6094 -33.1200 -892.8500
3.9330223311e-01 5.1617552474e-01 3.1047486252e+00
165 153 128
2 55 10903 -5.0500 -445.5601 84 8967 -116.6100 -874.8199
4.1166070532e-01 5.1824841853e-01 3.1004607009e+00
93 76 60
6 55 19519 151.5900 -304.5900 84 9536 92.2600 -633.0400 82 11674 211.5500 -308.8101 96 21009 91.3800 -102.1500 89 13203 113.9800 418.5601 85 17821 106.4500 1228.8701
4.0950889367e-01 5.2297856831e-01 3.0998527493e+00
160 147 131
6 55 7319 104.0600 -276.8400 84 6479 21.3199 -593.1200 82 11719 146.2700 -272.9301 96 9549 25.4100 -65.9000 89 9123 44.7600 457.0500 85 7609 27.8900 1280.0601
3.9964818331e-01 5.1266258459e-01 3.1077287570e+00
100 83 63
2 55 18526 71.6500 -433.7900 84 9032 7.7000 -853.8800
3.9818354695e-01 5.1709970998e-01 3.1086743923e+00
99 84 66
3 55 11113 32.5100 -402.1801 84 9137 -56.1100 -802.5000 79 7728 164.8800 -337.5100
3.9527868039e-01 5.1250978630e-01 3.1097921583e+00
39 29 26
6 55 30455 37.1700 -463.6300 84 21456 -48.4700 -903.2100 69 13246 83.5500 -498.0300 71 21644 108.8500 -249.5800 79 20319 172.2900 -422.8400 72 20271 273.2000 113.9199
3.9254082289e-01 5.1502383864e-01 3.1091714800e+00
103 90 71
5 55 30492 -2.6400 -458.6100 84 13326 -110.3300 -896.2000 69 22390 28.0000 -492.1000 79 20355 117.8000 -416.6801 72 20301 219.8300 120.1699
4.2575139001e-01 5.7245723897e-01 3.1042854306e+00
181 172 165
15 55 480 -75.3500 248.6699 84 598 -209.8000 131.2600 82 493 -86.9900 402.6400 83 515 -110.0400 496.1100 96 535 -198.2800 628.8201 80 508 -18.7800 567.8301 88 691 -95.9500 481.7000 103 383 -196.5600 352.6800 69 552 -92.5900 474.0900 71 643 -72.8101 719.3000 19 264 -49.0200 -20.4000 21 341 -43.3800 72.6200 5 250 17.7400 337.5900 7 239 -52.2600 58.7100 65 740 -43.0700 23.6100
4.0717692919e-01 5.3789780296e-01 3.0980619260e+00
176 159 145
4 55 1548 -11.9900 -153.9000 84 845 -157.9301 -409.7100 103 800 -157.1900 113.4400 65 1467 -26.6400 -113.8900
4.1836944461e-01 5.3424010363e-01 3.1009753221e+00
192 185 169
5 55 1037 104.9000 -121.6200 84 875 19.6300 -352.9900 88 1488 52.5900 147.5900 103 519 -85.8200 133.6300 65 1500 13.4800 -102.8400
4.1364204796e-01 5.8067077667e-01 3.1025537405e+00
181 172 157
15 55 1124 -231.8000 256.2600 84 947 -419.7300 120.3600 82 1127 -287.3200 386.8300 83 1264 -317.9100 484.3700 96 1275 -402.4300 620.8201 80 812 -229.0500 575.4399 88 1594 -236.5700 479.0300 23 576 -164.9700 -41.1300 24 575 -164.9700 -41.1300 69 876 -304.1800 482.3900 71 1004 -286.5900 726.1300 79 887 -208.9500 545.1200 19 611 -160.1100 -19.4800 21 887 -139.5800 64.0200 65 1614 -95.8200 24.4500
4.1497129073e-01 5.3781025350e-01 3.0992458052e+00
89 69 57
5 55 2249 55.8700 -109.1700 84 1341 -58.4399 -338.1100 88 2215 5.7900 157.3500 103 1240 -116.0200 141.1800 65 2225 -3.5100 -98.7200
4.2684926319e-01 5.5456126461e-01 3.0944563591e+00
48 42 46
2 55 1651 54.9500 114.3101 84 1451 -72.4000 -7.5699
4.4423910284e-01 5.5901602279e-01 3.1070126314e+00
165 153 137
10 55 1693 157.1200 233.8900 84 1490 121.1700 137.6500 82 1789 229.9500 419.1700 83 1930 219.4700 502.4900 88 2373 121.2700 479.3101 103 1380 -53.6400 342.7400 23 922 126.0200 -30.4900 24 920 126.0200 -30.4900 5 745 202.6000 302.9900 65 2343 37.2800 20.5900
4.1140858152e-01 5.7709707360e-01 3.1027151223e+00
174 166 155
16 55 1686 -229.1300 210.0300 84 1467 -417.0300 62.2000 83 1908 -314.8200 426.3400 96 1905 -399.5500 561.9500 80 1212 -223.9200 516.0601 88 2347 -233.3100 438.4900 103 1373 -291.2900 329.5400 23 895 -162.8500 -70.9200 24 893 -162.8500 -70.9200 69 1357 -299.9400 423.0699 71 1524 -281.0000 665.0900 21 1256 -139.0500 37.7400 72 1338 -101.8500 1075.4600 5 747 -110.8100 322.3200 7 915 -152.1100 29.2000 65 2322 -95.0900 8.8900
4.2306285563e-01 5.7309854354e-01 3.1037283408e+00
182 172 162
10 55 2418 -103.9700 240.8201 84 2301 -244.6500 115.3201 82 2681 -120.4400 386.9700 83 2913 -145.3100 480.1899 96 1921 -233.1200 613.1499 103 1388 -213.4500 347.7700 23 914 -69.4300 -42.6800 24 912 -69.4300 -42.6800 21 1273 -59.6200 65.0400 65 2347 -52.5500 20.5000
4.1361687092e-01 5.7825229027e-01 3.1028898362e+00
164 154 142
14 55 1695 -216.1900 233.2400 84 2291 -402.6000 93.5699 82 2674 -269.6900 361.6000 83 2903 -301.9200 459.9600 96 2992 -386.1300 594.4199 80 1218 -204.8000 546.2900 103 925 -283.4900 343.5300 23 904 -153.1900 -54.9600 24 902 -153.1900 -54.9600 69 1363 -280.5600 453.1200 71 1529 -261.8500 696.2600 5 756 -99.5300 338.4200 7 928 -142.0600 44.4800 13 681 -126.6400 49.7400
4.2091167177e-01 5.7218108369e-01 3.1039068566e+00
174 164 152
13 55 2413 -116.6900 220.5601 84 2289 -262.1100 87.2500 82 2673 -136.4400 359.0200 83 2901 -163.1500 451.6000 96 2991 -249.8100 584.7200 103 1377 -221.0400 335.4000 23 1331 -78.5300 -56.9300 24 1330 -78.5300 -56.9300 72 1944 61.0500 1091.0701 5 1219 -14.7400 319.3200 7 1356 -77.6300 39.0700 13 1054 -51.1400 44.5700 65 3254 -56.9400 13.4800
4.2204262933e-01 5.7236240524e-01 3.1038301102e+00
95 85 68
9 55 2416 -106.6900 227.4199 84 2293 -250.3500 98.9100 82 4021 -125.7600 370.9700 83 2906 -151.3000 464.1100 96 4670 -239.5700 598.2700 88 3369 -123.4000 460.1700 103 1974 -215.3800 339.9700 5 1229 -6.6800 323.6500 65 3257 -53.6900 15.9700
4.2811916017e-01 5.7136252585e-01 3.1043994573e+00
179 173 162
11 55 2422 -48.5500 253.8301 84 2306 -170.7800 138.3401 82 2689 -52.6300 411.1700 83 2924 -72.7000 503.6699 96 3005 -160.8900 635.4500 88 2376 -71.7500 486.2700 103 1391 -180.5500 355.2500 21 1924 -25.8600 76.9600 5 1242 38.6700 338.1400 7 940 -34.8800 61.6300 13 1070 -1.0100 69.5700
4.1103311779e-01 5.7818137674e-01 3.1024871520e+00
98 85 70
19 55 3594 -238.9600 218.4199 84 2284 -430.1801 71.8400 82 2672 -295.0300 338.8900 83 2891 -327.7200 436.2800 96 2986 -412.6200 571.8301 80 1766 -238.3700 525.4099 103 1378 -297.9500 334.4700 23 897 -170.6600 -66.4100 24 895 -170.6600 -66.4100 69 2018 -314.5800 432.3900 71 2138 -295.8900 674.3000 79 1914 -218.7800 495.6000 19 931 -166.1500 -46.8200 21 1261 -145.1600 41.7100 72 1343 -117.2700 1085.7100 5 1237 -119.7700 329.3900 7 604 -159.2800 33.4500 13 675 -146.0200 37.6600 65 3252 -98.4800 11.6200
4.2006969711e-01 5.9107251560e-01 3.1020881697e+00
163 153 141
7 55 2454 -247.0500 391.1500 84 2344 -421.8800 281.2200 88 2404 -246.0000 601.8901 103 1415 -302.9500 438.0000 23 1381 -170.0900 36.4400 24 1380 -170.0900 36.4400 21 1964 -136.6500 134.5100
4.5339206502e-01 5.9277027804e-01 3.1306856570e+00
115 106 97
2 55 3744 10.9800 474.5801 84 2412 -0.5400 424.9199
4.1064079594e-01 5.3718775625e-01 3.0985387279e+00
171 156 139
4 55 3296 22.4700 -140.1600 84 4516 -106.2800 -386.0300 88 6674 -23.6100 128.9900 103 2555 -135.9900 122.3100
4.1029541606e-01 5.3785019031e-01 3.0990330341e+00
30 14 8
5 55 3301 14.8600 -136.3600 84 2065 -115.8400 -382.7700 88 4541 -29.9900 131.9900 103 1775 -140.5400 123.7700 65 4430 -17.2200 -108.4300
4.2778572152e-01 5.6018561976e-01 3.1053553954e+00
159 148 132
8 55 3563 9.6500 157.2900 84 3424 -72.6801 9.9600 88 3345 -8.3400 400.0900 103 1942 -140.7300 294.2700 24 1929 22.5900 -98.7900 19 1932 17.4300 -85.8200 72 2874 241.4900 986.8000 65 4698 -12.2300 -6.3800
4.3953705845e-01 5.5825912663e-01 3.1065072583e+00
166 157 146
7 55 3585 123.9900 202.0500 84 3462 73.9301 91.0601 82 4019 185.0200 371.1400 83 4423 171.0300 454.4399 96 4660 77.1000 587.0400 88 4979 89.3600 447.2200 103 1957 -73.6100 323.2200
4.3518197863e-01 5.6599892115e-01 3.1053704305e+00
156 146 134
8 55 3604 41.9500 245.7600 84 3507 -43.8600 138.8800 82 4057 70.6400 415.4399 83 4475 54.6899 504.0901 96 4702 -37.5300 635.1699 103 1979 -124.0500 350.0300 21 1927 34.6000 79.1300 65 4736 -2.9200 23.5500
4.2277362774e-01 5.7158033918e-01 3.1041915095e+00
180 173 167
11 55 3597 -95.4700 225.4800 84 3468 -236.9800 95.9301 82 4016 -111.3700 368.9100 83 4430 -134.9200 462.1200 96 4663 -225.2700 593.5400 88 4985 -115.1900 456.6700 103 1970 -208.0500 338.6400 72 1945 91.2000 1099.0500 5 1226 3.9100 322.1300 13 1755 -37.3400 48.5000 65 4721 -49.9300 15.1900
4.3368368181e-01 5.6727557844e-01 3.1053085135e+00
145 134 125
8 55 3607 20.8300 248.6400 84 3511 -72.0500 140.4099 83 4478 26.0699 505.2500 96 4710 -65.2100 636.6401 103 1982 -136.6900 352.0100 71 2145 61.3000 715.8500 21 1929 20.8400 79.2500 5 1883 95.9400 327.6200
4.3271844312e-01 5.6795702001e-01 3.1051043250e+00
136 128 117
10 55 3608 8.7300 249.0300 84 3512 -88.2500 139.7100 82 4060 27.3700 414.6000 83 4479 10.3600 504.8101 96 4704 -80.7300 635.9600 88 3387 -17.7300 485.0100 103 1983 -144.7800 352.1900 69 2024 21.2100 470.8800 5 1235 85.6000 328.8500 13 1068 45.1000 68.5600
4.2811814216e-01 5.6989499209e-01 3.1045802833e+00
146 139 129
8 55 3603 -40.5200 240.7200 84 3489 -158.2400 122.8301 82 4043 -38.3199 396.4399 83 4453 -59.7200 487.6300 96 4688 -148.6801 619.8201 88 5013 -63.3800 474.9100 5 1884 46.6400 327.1800 65 4730 -31.1100 21.0200
4.1261788170e-01 5.8026663420e-01 3.1023710138e+00
84 75 65
14 55 8366 -237.4200 246.8201 84 5238 -428.1500 106.6500 82 6212 -294.6800 373.0500 83 6899 -326.1300 471.7500 96 7176 -411.0300 607.2800 80 4039 -237.5100 562.7000 88 7533 -242.4800 469.7700 103 2980 -297.4700 351.8300 79 4274 -218.1500 532.6200 19 2752 -164.9000 -26.5600 21 4094 -142.8100 58.7400 5 1906 -120.4900 351.1700 7 2122 -158.2500 51.1100 13 2861 -144.2700 57.3900
4.1343624411e-01 5.8013005989e-01 3.1025919432e+00
182 178 166
18 55 3611 -230.3600 249.6400 84 3478 -417.9000 112.1799 82 4024 -285.2800 379.4301 83 4440 -316.4200 477.9399 96 4683 -400.8900 612.6499 80 2678 -226.0200 566.8999 88 3379 -234.9400 473.7500 103 1985 -292.7800 353.9500 23 1999 -163.8000 -45.0800 24 1995 -163.8000 -45.0800 69 3078 -302.2000 473.8800 71 2147 -283.8300 717.8201 79 2868 -206.7000 536.9600 19 1329 -159.2200 -23.7000 5 1909 -111.7100 353.2700 7 1372 -153.2800 54.1500 13 1760 -138.1500 59.4500 65 3260 -95.4800 22.4800
4.5515412877e-01 5.7485933742e-01 3.1065139288e+00
101 91 75
15 55 3713 152.1700 436.8101 84 3644 110.8000 392.3700 82 4193 216.7300 674.8000 83 4616 212.6300 767.8301 80 2750 280.1700 803.7200 103 2068 -58.5000 463.1500 23 2118 107.9400 91.7200 24 2114 107.9400 91.7200 69 3133 207.5400 705.8901 71 3339 231.3500 962.9399 79 2937 299.0400 772.4800 21 2037 110.5700 198.6800 7 1485 90.7400 174.5300 13 1860 150.6900 195.8200 65 4827 36.0200 90.1300
4.6104774257e-01 5.7422621848e-01 3.1077281495e+00
120 108 90
12 55 3731 211.2400 458.9199 84 3670 180.0601 439.1899 96 3115 182.3600 944.6899 88 3519 167.8300 694.6099 103 2078 -24.5200 479.4500 23 1430 144.6700 117.5000 24 1429 144.6700 117.5000 19 2076 150.1800 128.3100 21 2066 141.7200 224.4800 7 1514 125.5500 194.2900 13 1897 191.0000 221.3500 65 4854 54.6400 97.8100
4.4614494393e-01 5.8453049191e-01 3.1050127724e+00
146 136 127
10 55 3742 19.5100 474.5601 84 3654 -72.1200 421.1799 82 2770 35.0800 697.3701 83 3018 26.6801 797.6401 23 2140 13.1900 105.9000 24 2136 13.1900 105.9000 19 2078 17.7300 129.8000 7 1508 5.6500 191.6700 13 1139 51.6200 213.7800 65 4857 -9.4600 100.9300
3.9164523967e-01 5.1645506565e-01 3.1055867315e+00
163 149 123
3 55 6962 -20.8500 -454.3500 84 4070 -140.7600 -887.7000 103 3604 -154.8200 -68.2400
4.2851317858e-01 5.5789016156e-01 3.1065655534e+00
26 17 9
4 55 8097 30.1800 140.2600 84 5012 -44.5800 -11.7200 103 4295 -128.3600 283.9900 19 2660 32.2700 -97.2600
4.2974974176e-01 5.6388456480e-01 3.1051430060e+00
154 145 124
7 55 5305 2.2600 201.1100 84 5163 -84.1801 67.0601 88 7458 -15.3101 440.5100 103 2943 -145.9200 320.5200 21 2821 17.0700 43.3200 7 2087 3.3300 26.8900 13 1732 44.5600 27.6400
4.2703457767e-01 5.6506874794e-01 3.1042891249e+00
146 129 112
8 55 8255 -26.3600 196.7000 84 5145 -123.9399 58.0800 88 7435 -41.4800 434.6600 103 4432 -163.1600 318.0400 24 2926 -6.3900 -74.9200 72 4386 190.5800 1044.5100 5 2861 53.6300 280.9200 13 2809 22.4000 23.0500
4.4059127401e-01 5.5924363611e-01 3.1070270762e+00
189 185 181
19 55 5323 126.7400 216.5701 84 3476 76.8700 110.4099 82 4039 186.9900 391.4800 83 4437 174.5100 474.7600 96 4677 79.8800 606.6299 80 4028 255.0200 524.0701 88 4991 91.9900 460.8199 103 2956 -72.2000 332.4100 23 2002 103.8700 -43.3400 24 1998 103.8700 -43.3400 69 4606 183.6300 427.8900 71 4768 206.7100 672.9200 79 4265 274.4700 493.3900 19 1949 98.7500 -38.2100 21 1914 91.4700 68.3500 72 2924 411.8700 1084.8899 5 2902 181.9600 294.0600 7 2119 83.2500 44.7900 13 1756 138.1500 50.8700
4.0867302167e-01 5.7326184577e-01 3.1029014572e+00
190 182 171
13 55 8160 -227.0500 160.0901 84 7241 -419.3500 -2.5601 82 8794 -280.6200 267.3700 83 9945 -315.4700 361.3700 96 10272 -400.7200 497.1699 80 5645 -220.8900 449.7300 103 4367 -289.8300 299.3500 23 2835 -162.7500 -104.5500 24 2834 -162.7500 -104.5500 19 2689 -157.7100 -86.1700 72 4335 -98.6100 1000.1699 5 2870 -108.4100 282.2100 7 2905 -151.1300 -1.8200
4.4310075759e-01 5.5961399235e-01 3.1068910007e+00
102 91 81
16 55 5340 143.6000 233.8000 84 3500 102.6100 134.5400 82 6267 211.8000 415.6200 83 4468 201.1700 499.2800 80 4036 277.0300 544.8301 88 5016 109.2600 477.7400 103 2969 -61.8200 342.2800 23 2009 115.8900 -31.7300 24 2005 115.8900 -31.7300 69 4611 204.8300 449.0601 71 4771 228.2100 694.9600 79 4270 295.7100 514.4299 19 2749 110.8400 -26.9400 21 2872 104.6500 79.7900 7 2128 93.8000 55.4600 13 1765 151.7000 62.1700
4.3199110245e-01 5.6541349746e-01 3.1051166417e+00
125 111 100
