# Bundle file v0.3
90 12961
0 0 0
0 0 0
0 0 0
0 0 0
0 0 0
0 0 0
0 0 0
0 0 0
0 0 0
0 0 0
2.0277387493e+03 4.0694785164e-02 6.2645866588e-02
8.5072347030e-01 2.3648278218e-01 -4.6940970465e-01
3.8075040912e-02 8.6299730331e-01 5.0377171987e-01
5.2423264716e-01 -4.4644321947e-01 7.2516796912e-01
1.2977453956e+00 -2.1893908427e+00 -1.3044712135e+01
0 0 0
0 0 0
0 0 0
0 0 0
0 0 0
1.9299998715e+03 -2.0340081755e-02 4.5042945071e-02
8.5941293144e-01 2.1375266637e-01 -4.6445582232e-01
-1.5372464451e-02 9.1880605225e-01 3.9440984482e-01
5.1105097652e-01 -3.3182109031e-01 7.9291970806e-01
1.0954685325e+00 -4.1990366672e-01 -1.3238510173e+01
2.1539885667e+03 2.9005462888e-02 -2.8252813052e-03
8.3803673511e-01 2.1909822970e-01 -4.9969030044e-01
1.4834806361e-02 9.0634306399e-01 4.2228210818e-01
5.4541210028e-01 -3.6130072808e-01 7.5629850242e-01
9.3623958499e-01 -1.0550898533e+00 -1.3823609809e+01
0 0 0
0 0 0
0 0 0
0 0 0
0 0 0
1.8862782299e+03 -1.1056855555e-02 2.3506984031e-02
8.6495455093e-01 2.0523244978e-01 -4.5796644679e-01
-4.5897167675e-02 9.4108186313e-01 3.3504981256e-01
4.9974701082e-01 -2.6878349736e-01 8.2341262847e-01
9.5458634133e-01 5.1522424826e-01 -1.3245967238e+01
0 0 0
0 0 0
0 0 0
0 0 0
0 0 0
0 0 0
0 0 0
0 0 0
0 0 0
0 0 0
2.1464644524e+03 -6.0745007489e-02 9.2489107341e-03
8.3840749018e-01 2.1911159765e-01 -4.9906210854e-01
-3.8142741138e-01 8.8993357183e-01 -2.5006272728e-01
3.8934048113e-01 4.0001043175e-01 8.2970214188e-01
5.0406206823e-01 8.7549148635e+00 -1.0021198150e+01
1.2323121309e+03 -4.0456416387e-02 -1.9837449378e-01
7.4773320797e-01 1.8967258599e-01 -6.3633274301e-01
-1.3059105418e-01 9.8162405673e-01 1.3914089195e-01
6.5103074142e-01 -2.0940901782e-02 7.5876244791e-01
1.0182196410e+00 4.0308631691e+00 -6.5361810285e+00
0 0 0
0 0 0
0 0 0
0 0 0
0 0 0
0 0 0
0 0 0
0 0 0
0 0 0
0 0 0
0 0 0
0 0 0
0 0 0
0 0 0
0 0 0
0 0 0
0 0 0
0 0 0
0 0 0
0 0 0
1.9554927856e+03 1.6892727784e-01 3.1161363362e-01
8.4629568190e-01 2.1667761732e-01 -4.8665637667e-01
-1.1476908911e-01 9.6625005651e-01 2.3062715467e-01
5.2020349382e-01 -1.3932565607e-01 8.4260114323e-01
8.7045057314e-01 2.0759777152e+00 -1.2715826300e+01
0 0 0
0 0 0
0 0 0
0 0 0
0 0 0
0 0 0
0 0 0
0 0 0
0 0 0
0 0 0
8.1359144590e+02 8.7688886940e-02 -1.3100179397e-01
9.7933753240e-01 1.1362219903e-01 -1.6729612521e-01
3.7331215471e-02 7.1145972339e-01 7.0173459538e-01
1.9875708283e-01 -6.9348039474e-01 6.9251755511e-01
8.9258526908e-01 7.5245929487e-02 -5.3087433968e+00
9.9288445991e+02 3.8711955808e-02 -3.5846066310e-01
8.7346848081e-01 2.5146257435e-01 -4.1691652251e-01
1.8393352763e-01 6.2241930756e-01 7.6076452533e-01
4.5080069926e-01 -7.4118876090e-01 4.9741124863e-01
8.5628333386e-01 -1.9661844196e+00 -7.2342749474e+00
0 0 0
0 0 0
0 0 0
0 0 0
0 0 0
0 0 0
0 0 0
0 0 0
0 0 0
0 0 0
2.3859771458e+03 -5.3348144453e-02 9.5185825006e-02
8.7132205150e-01 2.1177935419e-01 -4.4265944891e-01
-1.9967466301e-01 9.7703348300e-01 7.4401626649e-02
4.4824983160e-01 2.3560098322e-02 8.9359778997e-01
5.2216600921e-01 4.6101566694e+00 -8.5142278275e+00
0 0 0
0 0 0
0 0 0
0 0 0
0 0 0
-1.8321675690e+03 6.0815759239e-02 -1.3142525924e-01
9.0876209514e-01 3.4316260998e-02 4.1590124870e-01
1.6865103851e-01 8.8140157430e-01 -4.4123473575e-01
-3.8171754171e-01 4.7111958042e-01 7.9519686826e-01
-2.0285588263e-01 1.0146984495e+00 3.8811136969e+00
0 0 0
0 0 0
0 0 0
0 0 0
0 0 0
0 0 0
0 0 0
0 0 0
0 0 0
0 0 0
0 0 0
0 0 0
0 0 0
0 0 0
0 0 0
0 0 0
0 0 0
0 0 0
0 0 0
0 0 0
1.8557465914e+03 -2.8575471710e-02 1.0940982180e-01
7.7996125181e-01 2.0430548444e-01 -5.9154012096e-01
-1.1419892119e-01 9.7580513655e-01 1.8644822844e-01
6.1532028414e-01 -7.7869149997e-02 7.8442166174e-01
9.3794291297e-01 2.9668322483e+00 -9.7169980340e+00
0 0 0
0 0 0
0 0 0
0 0 0
0 0 0
0 0 0
0 0 0
0 0 0
0 0 0
0 0 0
2.5662447142e+03 1.3477479635e-01 -5.1068683504e-01
8.6349568735e-01 2.1649714290e-01 -4.5552627262e-01
-6.2219562456e-02 9.4201073423e-01 3.2976431377e-01
5.0050367030e-01 -2.5640741741e-01 8.2689256395e-01
1.1414895439e+00 2.4481287785e+00 -8.4057030809e+00
0 0 0
0 0 0
0 0 0
0 0 0
0 0 0
1.1125239052e+03 -8.2118919513e-02 3.7819773813e-01
8.4959562910e-01 1.7208888340e-01 -4.9857064016e-01
1.1686083326e-01 8.6036248390e-01 4.9610476912e-01
5.1432559013e-01 -4.7975182387e-01 7.1084975545e-01
1.3570226588e+00 -2.5733940934e+00 -1.2968434560e+01
0 0 0
0 0 0
0 0 0
0 0 0
0 0 0
2.1011877554e+03 5.9450122090e-02 -2.3353060341e-01
8.2359756729e-01 2.0937385387e-01 -5.2711444343e-01
-5.8184831293e-02 9.5565543544e-01 2.8868185625e-01
5.6418221575e-01 -2.0708760956e-01 7.9925787416e-01
1.0462876905e+00 8.8277831335e-01 -1.3915413109e+01
0 0 0
0 0 0
0 0 0
0 0 0
0 0 0
-6.8361510555e+01 1.5284213360e-04 -2.5196993524e-06
9.5828990646e-01 -2.8310206385e-01 3.9162183467e-02
2.7151998128e-01 9.4459714621e-01 1.8442649252e-01
-8.9204007404e-02 -1.6610073095e-01 9.8206577796e-01
8.4554092394e-01 1.1440553517e-01 -1.1105035315e+00
0 0 0
0 0 0
0 0 0
0 0 0
0 0 0
0 0 0
0 0 0
0 0 0
0 0 0
0 0 0
0 0 0
0 0 0
0 0 0
0 0 0
0 0 0
0 0 0
0 0 0
0 0 0
0 0 0
0 0 0
0 0 0
0 0 0
0 0 0
0 0 0
0 0 0
0 0 0
0 0 0
0 0 0
0 0 0
0 0 0
0 0 0
0 0 0
0 0 0
0 0 0
0 0 0
0 0 0
0 0 0
0 0 0
0 0 0
0 0 0
1.6815949783e+03 -6.9395557846e-02 -2.8016835244e-01
4.3338341273e-02 8.8070191529e-01 4.7168413645e-01
-8.5962507060e-01 -2.0770665995e-01 4.6680047281e-01
5.0908400699e-01 -4.2570186729e-01 7.4807178400e-01
-1.7862445789e+00 -1.0947930910e+00 -1.3123445146e+01
0 0 0
0 0 0
0 0 0
0 0 0
0 0 0
0 0 0
0 0 0
0 0 0
0 0 0
0 0 0
0 0 0
0 0 0
0 0 0
0 0 0
0 0 0
0 0 0
0 0 0
0 0 0
0 0 0
0 0 0
0 0 0
0 0 0
0 0 0
0 0 0
0 0 0
0 0 0
0 0 0
0 0 0
0 0 0
0 0 0
0 0 0
0 0 0
0 0 0
0 0 0
0 0 0
1.1446660085e+03 -4.7510415360e-03 2.9060915117e-01
8.3940969354e-01 2.2263241677e-01 -4.9580860560e-01
3.3448611545e-02 8.8936215201e-01 4.5597823737e-01
5.4246894544e-01 -3.9933666195e-01 7.3909246624e-01
1.5998095080e+00 -1.5167890252e+00 -1.3106580089e+01
2.4464770180e+03 -3.5375062442e-02 -6.6395540695e-02
8.2918841436e-01 2.1241305201e-01 -5.1703700915e-01
-5.7983207367e-02 9.5267886929e-01 2.9839725145e-01
5.5595370415e-01 -2.1744807966e-01 8.0226667106e-01
5.4291463408e-01 8.7674179384e-02 -1.5875034611e+01
0 0 0
0 0 0
0 0 0
0 0 0
0 0 0
0 0 0
0 0 0
0 0 0
0 0 0
0 0 0
8.2165312469e+02 -8.0620842035e-02 -4.0508591314e-02
8.1408565614e-01 2.0122766216e-01 -5.4476781518e-01
4.3008373700e-02 9.1458426191e-01 4.0210186229e-01
5.7915008786e-01 -3.5077493617e-01 7.3589545446e-01
1.5535954358e+00 -2.3462165710e+00 -1.7620489110e+01
0 0 0
0 0 0
0 0 0
0 0 0
0 0 0
0 0 0
0 0 0
0 0 0
0 0 0
0 0 0
0 0 0
0 0 0
0 0 0
0 0 0
0 0 0
0 0 0
0 0 0
0 0 0
0 0 0
0 0 0
0 0 0
0 0 0
0 0 0
0 0 0
0 0 0
0 0 0
0 0 0
0 0 0
0 0 0
0 0 0
2.1727342114e+03 -2.0410104495e-01 4.6049777392e-01
8.0859780683e-01 2.1442499986e-01 -5.4789735008e-01
1.8238790526e-01 7.9400070512e-01 5.7991165904e-01
5.5937843970e-01 -5.6884514563e-01 6.0291870222e-01
6.7510622178e-01 -3.9280821545e+00 -1.0908395852e+01
0 0 0
0 0 0
0 0 0
0 0 0
0 0 0
0 0 0
0 0 0
0 0 0
0 0 0
0 0 0
1.8801377558e+03 -7.3334854566e-02 6.8699982321e-02
8.1292449290e-01 1.8874996649e-01 -5.5093304401e-01
-7.6129985867e-02 9.7234494286e-01 2.2079297393e-01
5.7737162564e-01 -1.3754549152e-01 8.0481255189e-01
4.0740658634e-01 9.7806866147e-01 -1.5641730863e+01
0 0 0
0 0 0
0 0 0
0 0 0
0 0 0
0 0 0
0 0 0
0 0 0
0 0 0
0 0 0
0 0 0
0 0 0
0 0 0
0 0 0
0 0 0
0 0 0
0 0 0
0 0 0
0 0 0
0 0 0
1.9638693330e+03 1.2338078941e-01 -3.0007113810e-01
9.5268739951e-01 1.9459789895e-01 -2.3349170551e-01
9.2472046782e-02 5.4621059405e-01 8.3252802206e-01
2.8954384708e-01 -8.1473041227e-01 5.0237308441e-01
9.8016378829e-01 -1.3347298598e+00 -6.0218440802e+00
0 0 0
0 0 0
0 0 0
0 0 0
0 0 0
0 0 0
0 0 0
0 0 0
0 0 0
0 0 0
0 0 0
0 0 0
0 0 0
0 0 0
0 0 0
0 0 0
0 0 0
0 0 0
0 0 0
0 0 0
1.7611149594e+03 -1.0173553625e-01 -7.5285391768e-02
8.1307988355e-01 2.4567885971e-01 -5.2777173177e-01
-6.6391615826e-03 9.1044163070e-01 4.1358428237e-01
5.8211427100e-01 -3.3277309834e-01 7.4189287672e-01
2.5902801350e+00 -2.4100967797e+00 -1.8367189486e+01
0 0 0
0 0 0
0 0 0
0 0 0
0 0 0
0 0 0
0 0 0
0 0 0
0 0 0
0 0 0
0 0 0
0 0 0
0 0 0
0 0 0
0 0 0
0 0 0
0 0 0
0 0 0
0 0 0
0 0 0
1.0225474550e+03 -9.3539319555e-02 -6.2169434906e-02
8.4175116540e-01 2.1501874141e-01 -4.9519886549e-01
1.5237999098e-02 9.0743487329e-01 4.1991636563e-01
5.3965060820e-01 -3.6101093001e-01 7.6055790673e-01
6.7648799914e-01 -2.3777193007e+00 -1.7207100255e+01
0 0 0
0 0 0
0 0 0
0 0 0
0 0 0
0 0 0
0 0 0
0 0 0
0 0 0
0 0 0
0 0 0
0 0 0
0 0 0
0 0 0
0 0 0
1.6681220548e+03 -1.4512160205e-01 -2.6340288162e-02
8.5612650178e-01 2.1914478075e-01 -4.6799890815e-01
-1.0841989464e-02 9.1304744959e-01 4.0770921752e-01
5.1665255658e-01 -3.4397662691e-01 7.8406008438e-01
1.1885550180e-01 -2.3355569999e+00 -1.8175500087e+01
1.3509919815e+00 1.2618198041e+00 1.8612599602e+00
99 99 89
4 25 3516 623.6600 520.8000 39 3187 332.3600 353.2200 75 2887 720.7600 361.2400 20 3746 235.7400 70.1200
5.1180244686e-01 -6.6120274867e-01 1.4675082183e+00
121 120 107
2 25 1894 344.7100 -48.8100 39 1940 272.6801 -24.6700
1.9276163905e+00 -1.1888619315e-01 1.6220069780e+00
169 174 167
3 25 2078 932.9199 214.9299 39 2136 576.5900 170.3900 20 2381 336.7100 -74.8600
4.4294023549e-02 -1.9775192079e+00 1.0883298330e+00
168 173 175
15 25 2509 108.1200 -581.2300 39 2448 360.3000 -372.6100 19 2225 138.9200 -145.0700 33 4261 91.6000 341.8800 7 9070 16.0800 -155.6500 16 17222 -11.7500 68.3400 30 7509 -13.6300 263.1900 2 5120 68.6300 -595.6500 10 11494 -93.2800 1415.8101 23 2379 -106.3600 860.5000 37 21490 12.4200 -113.6801 48 5868 -439.6700 -33.3800 57 15091 -70.7300 -244.2400 4 10938 35.2700 -297.3000 70 13515 -69.6400 -88.1899
2.0963959221e+00 -2.0479025280e-01 1.6154534014e+00
169 172 165
3 25 2059 1020.0100 200.8301 39 2134 626.4700 165.9200 20 2359 368.5700 -81.1500
-1.5336076945e+00 5.1767951442e-01 1.3845234567e+00
94 91 82
2 25 3178 -313.2800 195.0400 39 2912 -166.9800 93.5200
1.7476790389e-01 -2.0524752543e+00 1.0826151618e+00
76 68 45
6 25 2502 166.1100 -614.6000 39 1706 400.0800 -387.6900 33 4258 129.8700 316.9000 11 3194 21.1400 466.7800 30 16217 8.3600 248.9900 10 48904 -71.2600 1398.2700
1.6389022951e+00 -2.0461277237e-01 1.5874403581e+00
107 98 81
4 25 3143 806.7300 170.7700 39 2967 513.8900 136.8800 75 2550 925.9800 4.7400 20 3334 287.1100 -95.0400
-8.2523372257e-02 -2.0107158022e+00 1.0736258154e+00
82 76 56
4 25 115 48.2600 -598.9000 39 107 327.4301 -388.1700 19 86 105.6500 -156.2700 33 348 54.0200 332.8500
3.0942729992e-01 -2.0357410985e+00 1.0945499634e+00
154 155 155
3 25 114 231.2100 -607.2400 39 108 437.7300 -376.9400 19 142 209.7600 -158.1600
6.0617271286e-01 -1.4008270787e+00 1.2482617193e+00
159 160 152
4 25 328 377.7700 -309.3400 39 548 436.3199 -188.9400 75 271 484.1600 -489.5601 19 405 272.8800 -3.6700
-3.9346569242e-02 -2.1107454659e+00 1.0587010646e+00
138 140 135
3 25 450 66.9500 -646.5900 39 742 342.1300 -414.5400 19 593 116.3800 -182.5500
3.7943021488e-01 -1.3468646791e+00 1.2431952692e+00
135 135 130
4 25 790 274.4700 -295.5800 39 829 375.0400 -186.4000 75 447 372.0601 -473.9399 19 652 217.1800 2.1000
6.3247800937e-01 4.8698899463e-01 1.6569714479e+00
141 148 140
3 25 1003 385.9700 291.1400 39 1049 244.4600 193.2000 19 740 240.7400 294.8800
7.8457620730e-02 -2.0208749488e+00 1.0822926847e+00
76 68 47
3 25 1146 122.3700 -602.6600 39 1192 372.2500 -383.8400 19 919 146.3600 -156.2300
-1.9483968532e-01 -1.9174792930e+00 1.0833977438e+00
148 151 149
5 25 1160 1.5300 -556.4301 39 1200 295.3199 -366.0400 19 926 77.4600 -132.3400 30 3617 -54.2700 271.2900 35 2372 30.9100 -359.6300
2.0687731997e-02 -1.9109278560e+00 1.1001358823e+00
141 142 132
4 25 708 99.5900 -548.1500 39 1202 349.5200 -353.2000 19 927 131.9300 -128.0500 33 2056 86.2500 366.1300
1.2941130462e+00 -8.6501342443e-01 1.4011517735e+00
150 153 153
3 25 1339 685.4301 -68.1000 39 1350 555.3300 -23.2500 19 1053 436.0800 122.3200
1.5332782759e+00 2.1155547257e+00 2.0575553850e+00
135 141 140
5 25 1091 658.2400 691.9000 39 1130 290.5200 471.3700 75 932 751.8101 530.1799 19 1196 372.5000 500.9299 20 1084 266.4600 171.9700
4.7520363288e-01 -2.4357107071e+00 1.0258999517e+00
45 43 31
3 25 1682 321.1700 -820.9700 39 1665 517.6500 -496.3101 19 1432 263.4200 -269.6100
3.3051948634e-01 -2.1090191657e+00 1.0812422929e+00
65 59 44
3 25 1142 242.3400 -644.2500 39 1704 450.2400 -398.6700 19 1456 215.2100 -176.3600
9.1676194810e-03 -1.9979624386e+00 1.0825900260e+00
83 75 59
3 25 1147 91.2600 -592.5000 39 1707 351.3400 -379.7700 19 1461 127.7500 -151.2200
-2.4310982971e+00 1.6790866053e+00 1.6743515349e+00
93 95 88
4 25 1509 -443.2000 361.7500 39 1517 -271.3200 196.3400 75 1204 -382.6900 201.9100 19 1740 -220.6000 333.9600
1.7021763278e-01 -2.0268939854e+00 1.0875651978e+00
159 165 161
4 25 2506 166.0800 -602.0800 39 2437 397.9500 -380.0400 19 2217 171.2100 -154.4700 33 4259 129.9900 325.5801
-8.6573224509e-02 -1.9648081778e+00 1.0819330048e+00
73 62 44
3 25 2512 48.4200 -577.9800 39 2443 324.4200 -375.4000 19 2226 103.7900 -144.3300
-4.1628247313e+00 1.0134595763e+00 1.3530722768e+00
72 68 50
5 25 2018 -884.5400 154.7400 39 1410 -549.7300 32.3800 75 1138 -838.2100 -9.7000 19 2476 -466.9200 216.3300 20 3314 -331.4700 -105.4600
-3.9935652119e+00 1.1639348953e+00 1.4061653818e+00
161 162 153
5 25 2050 -832.5800 192.2900 39 2019 -515.4200 60.6200 75 1682 -784.7600 28.9100 19 2512 -438.2600 237.3700 20 2335 -313.7200 -91.7000
1.5794241617e+00 1.9697204255e+00 2.0299871965e+00
165 182 189
4 25 3655 679.9700 670.8500 39 3250 306.1600 459.6700 75 2997 775.1100 509.1000 19 2780 385.6600 489.0900
9.9209783331e-02 -2.2221906523e+00 1.0444371839e+00
131 132 125
3 25 2477 128.8500 -703.6400 39 3385 391.8300 -443.1700 19 3233 152.7400 -209.0200
4.1598627495e-01 -2.1392556503e+00 1.0806217641e+00
68 64 50
3 25 2491 285.1500 -659.4100 39 3439 477.7200 -404.2100 19 3240 239.9500 -183.3000
-1.2279014960e-02 -1.8882143322e+00 1.1017993023e+00
145 148 139
4 25 2548 84.4600 -540.9200 39 3544 338.8600 -350.0300 75 2081 172.4500 -732.9000 19 3278 123.6600 -123.8400
5.9466237365e-01 -1.5687654273e-01 1.5142209255e+00
139 138 127
4 25 3099 372.2800 125.5900 39 2888 297.1300 71.3600 75 2518 464.6300 -40.7300 19 3654 238.5600 207.2600
-4.1613291655e+00 1.1915744988e+00 1.3979111780e+00
88 82 71
5 25 3163 -864.7600 189.6799 39 2869 -538.6800 57.8500 75 2574 -817.1100 26.4200 19 3696 -456.4700 235.9900 20 4874 -324.6900 -92.1700
-4.5420509110e-01 5.4453304378e-01 1.6547960042e+00
71 67 51
2 25 4768 32.2700 217.4700 39 4243 41.6900 128.3400
6.1342181565e-01 1.1403533143e+00 1.7855993219e+00
56 56 48
5 25 5015 374.6700 439.8300 39 4438 198.8200 290.5400 75 4098 461.5800 278.9000 19 3873 228.9100 372.1000 20 5256 137.9700 30.9400
-4.0318941166e+00 2.9375787680e+00 1.7945661684e+00
168 173 169
4 25 3469 -675.2700 480.5200 39 3135 -495.0000 272.4500 75 2831 -618.0600 317.9500 19 3896 -362.3700 390.7700
2.3767165492e-01 -2.0869759213e+00 1.0796425956e+00
119 120 108
3 25 5557 197.0000 -633.7400 39 4919 421.6600 -396.4500 19 4779 189.5400 -171.4000
-1.4174735826e+00 -1.8731507960e+00 1.0008886165e+00
150 156 151
3 25 3883 -484.4900 -560.8600 39 3436 8.9400 -409.8600 19 4805 -195.5400 -139.2300
-1.9588571201e+00 -1.8025916839e+00 9.7311491176e-01
53 50 39
4 25 5648 -666.7800 -541.5800 39 3433 -108.4900 -413.8000 75 3146 -626.6500 -727.4900 19 4844 -298.5100 -130.2600
-1.6498373985e+00 -1.8117992729e+00 9.9515572473e-01
72 68 56
4 25 5657 -561.8200 -539.4200 39 4900 -43.7700 -403.4800 75 3154 -515.2500 -725.9301 19 4853 -240.0500 -128.7000
-4.6117694882e-01 -1.8702755303e+00 1.0730848891e+00
143 149 141
4 25 3930 -110.5800 -540.9301 39 3513 227.7100 -365.5700 75 3138 -36.7200 -731.3199 19 4864 14.0600 -125.4900
-3.0131035812e+00 -8.5625196218e-01 1.0977644678e+00
60 59 48
4 25 4211 -851.8400 -242.9600 39 3699 -312.4600 -239.1900 75 3437 -813.6000 -411.2500 19 5150 -417.2500 24.2800
-1.8894594275e+00 -8.8203316633e-01 1.1744854256e+00
136 137 120
3 25 6129 -530.2600 -213.7700 39 5275 -122.8200 -195.0800 19 5175 -238.4300 40.2200
-1.5495138134e+00 -8.9161493246e-01 1.1984247837e+00
133 126 110
6 25 4250 -423.9200 -201.8900 39 3793 -58.3600 -179.8100 75 3468 -367.7600 -370.7300 19 5195 -178.9800 46.9200 20 4206 -182.8000 -293.5800 33 6391 -302.5200 682.9500
-2.4936542498e+00 -7.1317944623e-01 1.1718979141e+00
80 72 49
4 25 6191 -689.5700 -182.6000 39 3779 -224.9100 -187.1300 75 3497 -643.6100 -349.0800 19 5221 -328.6100 56.3900
2.1385874552e-01 -2.7580766178e-01 1.5506988452e+00
143 139 119
2 25 6492 234.6801 46.8000 39 5672 185.2500 29.5800
5.7932878242e-01 1.0848885579e+00 1.7727876414e+00
49 49 42
4 25 10180 365.0601 425.4500 39 6094 192.9500 281.4700 75 5790 451.5800 264.2400 19 5722 223.5200 363.6000
5.9918470464e-01 1.1004757595e+00 1.7773306913e+00
125 127 119
5 25 7132 370.2000 429.8900 39 6098 197.0400 283.9400 75 5797 457.3000 269.0800 19 5729 226.6900 366.3200 20 7886 136.4600 27.6300
5.9918470464e-01 1.1004757595e+00 1.7773306913e+00
125 127 119
5 25 7133 370.2000 429.8900 39 6099 197.0400 283.9400 75 5798 457.3000 269.0800 19 5730 226.6900 366.3200 20 7887 136.4600 27.6300
1.0998519846e+00 2.7844826283e+00 2.1624951669e+00
111 111 110
4 25 7726 506.3300 767.8700 39 6349 189.8400 517.2700 75 6335 592.5601 605.2300 19 6047 288.2200 540.8800
7.9534707068e-01 -2.4509225757e+00 1.0404111956e+00
76 73 65
3 25 7851 499.0400 -833.6300 39 6495 623.5699 -487.4100 19 6761 363.1400 -272.9000
-6.9684913557e-02 -1.9531973144e+00 1.0856987656e+00
144 147 143
4 25 5591 57.3600 -570.5300 39 4965 328.7000 -370.0900 19 6904 108.9200 -139.5500 33 8631 56.8300 351.2000
6.0664786172e-02 -1.8589715003e+00 1.1116685107e+00
56 49 41
4 25 5723 118.4301 -526.3101 39 5031 356.5500 -339.4300 75 4583 209.2400 -717.7100 19 7015 141.7100 -115.3700
1.1794482166e+00 -1.5964340945e+00 1.2448702004e+00
59 55 45
4 25 8371 667.1500 -374.6500 39 7090 618.2000 -209.6000 75 4776 798.6899 -562.7900 19 7224 438.9200 -34.9200
5.0694793193e-01 -1.0946528244e+00 1.2971527828e+00
148 134 117
4 25 6172 331.6100 -194.3800 39 5401 388.2600 -122.7100 75 3474 431.1801 -366.8500 19 7450 243.8900 55.3000
5.0694793193e-01 -1.0946528244e+00 1.2971527828e+00
148 134 117
4 25 6173 331.6100 -194.3800 39 5402 388.2600 -122.7100 75 3475 431.1801 -366.8500 19 7451 243.8900 55.3000
2.1385874552e-01 -2.7580766178e-01 1.5506988452e+00
143 139 119
2 25 6491 234.6801 46.8000 39 5671 185.2500 29.5800
3.0039042717e-01 1.1298464055e+00 1.7611668684e+00
166 175 177
4 25 10165 274.7700 415.6200 39 8069 140.9900 270.8300 75 8015 357.9700 254.2900 19 8223 173.4000 358.6800
-3.3075027200e+00 2.4592607600e+00 1.7498282858e+00
140 143 132
4 25 7172 -571.7100 446.4000 39 6047 -411.5300 252.8300 75 5817 -513.5400 284.2300 19 8265 -301.6100 372.5400
4.9408256301e-03 1.3844644876e+00 1.7904422864e+00
169 181 178
4 25 7174 186.7200 447.4700 39 6110 78.7300 288.3000 75 5822 265.9200 286.4100 19 8273 123.0100 375.1700
-4.1073674987e+00 3.1468393344e+00 1.8358494139e+00
168 171 165
4 25 7341 -673.2500 505.4500 39 4440 -498.8000 290.3900 75 5958 -615.3500 342.7200 19 8405 -361.3200 404.2100
-4.1073674987e+00 3.1468393344e+00 1.8358494139e+00
168 171 165
4 25 7342 -673.2500 505.4500 39 4441 -498.8000 290.3900 75 5959 -615.3500 342.7200 19 8406 -361.3200 404.2100
-1.7746974353e-01 1.7485557896e+00 1.8522559107e+00
176 176 163
4 25 10476 138.9000 504.3101 39 6189 37.7500 324.6800 75 5960 216.0400 344.4299 19 8414 94.7600 405.5701
9.6412058566e-01 2.3671619892e+00 2.0674672889e+00
130 140 142
5 25 7606 476.2900 690.2300 39 6328 177.8900 466.3101 75 6194 561.8500 527.3900 19 8577 271.5700 498.7900 20 8705 195.0400 169.8000
-7.8310674195e-01 -2.2656171491e+00 9.6869694609e-01
44 47 35
3 25 11469 -275.7700 -732.5000 39 8662 174.2000 -494.9301 19 9888 -71.0200 -226.0600
-1.1133513120e-01 -1.9682745734e+00 1.0792343076e+00
130 130 114
3 25 8015 36.6700 -580.3101 39 8960 319.0500 -377.5600 19 10025 97.8400 -144.9500
2.3012754465e-01 -1.6608734443e+00 1.1669451050e+00
152 151 139
5 25 12072 203.4900 -431.2900 39 9322 373.1400 -276.4200 75 6711 298.5000 -618.3101 19 10420 183.1700 -68.4600 33 33312 164.8500 468.7500
8.6632208586e-01 -1.7023789232e+00 1.2046322172e+00
63 54 47
4 25 12067 510.2100 -432.8500 39 9445 540.2500 -254.1000 75 9344 629.3700 -622.7600 19 10427 353.2100 -67.1200
9.9424772743e-01 4.4853974358e-02 1.5757518754e+00
175 191 194
4 25 9625 522.5601 202.4600 39 7841 374.7300 139.1800 75 7617 623.5699 41.0100 19 11611 327.1000 256.4100
-3.1994332926e+00 1.1728244493e+00 1.4702766259e+00
53 54 46
4 25 14102 -658.3000 231.0300 39 7737 -406.1000 97.9500 75 10649 -605.6000 68.2600 19 11632 -340.7900 259.3600
7.1805667410e-01 2.8103562150e-01 1.6225359685e+00
76 73 61
4 25 14154 417.4200 247.3301 39 10721 271.2200 166.5000 75 10692 509.8500 84.4800 19 11682 261.2100 271.3500
1.4302765665e+00 9.7472530742e-01 1.8092800917e+00
112 112 103
3 25 14976 664.2600 464.9700 39 11256 364.8900 319.0500 19 12245 389.1500 386.0100
-5.0020254847e+00 3.4259792029e+00 1.8247109341e+00
77 78 70
3 25 10453 -804.2800 498.5400 39 8089 -590.4500 279.4300 19 12370 -435.8400 400.0300
1.7193739510e+00 1.0832196123e+00 1.8504886058e+00
169 171 168
3 25 10512 765.5200 512.4000 39 8273 416.1200 353.0100 19 12455 443.8800 412.5100
-4.0531289626e+00 5.2559553220e+00 2.2855776043e+00
151 157 151
3 25 16336 -520.1400 750.3600 39 11679 -485.1800 475.9399 19 12868 -288.2300 530.6500
-3.7504783232e+00 5.3002818538e+00 2.3236572148e+00
68 67 72
3 25 11089 -469.5200 768.9800 39 8448 -451.1800 490.4600 19 12934 -260.0900 540.9900
-4.4328057376e+00 2.8036522612e+00 1.7277489983e+00
46 52 51
4 25 424 -760.4100 443.9399 39 271 -547.8700 241.4500 75 356 -707.1000 278.6700 20 416 -285.0000 28.6100
-2.4527772991e+00 -3.8320381321e-01 1.2386534778e+00
156 158 151
3 25 1329 -634.6000 -86.4200 39 1274 -234.2300 -119.6500 20 1346 -253.0700 -241.8200
-5.2847956239e+00 1.1501762936e+00 1.2945862996e+00
83 83 75
3 25 975 -1089.3800 132.6600 39 967 -689.8600 3.4300 20 1536 -405.8500 -116.0800
-2.7199916718e-01 1.3155582185e-01 1.6604984490e+00
104 97 78
2 25 965 83.6500 117.5500 39 1007 79.8500 67.0400
-4.8402480949e+00 1.0890761005e+00 1.3134408305e+00
149 159 152
4 25 979 -1013.4200 139.3300 39 979 -641.1000 14.6400 75 821 -969.8700 -26.1100 20 1560 -377.8800 -110.6600
2.0002906977e+00 -4.2327964842e-01 1.5677911642e+00
31 28 24
2 25 1420 997.3101 125.1800 39 1476 622.9301 118.8800
-5.1787994997e+00 1.2038310997e+00 1.3139501261e+00
87 88 76
3 25 1435 -1063.5900 147.3100 39 980 -676.5000 15.3300 20 1562 -397.2300 -109.5400
-5.6090682337e+00 1.3827612605e+00 1.3226280847e+00
87 82 68
3 25 1442 -1118.4800 162.6000 39 984 -715.4400 22.7300 20 1593 -415.9100 -104.0900
-4.2131638058e+00 1.2711598623e+00 1.4106485653e+00
167 173 168
4 25 2060 -867.8800 202.3101 39 2024 -545.0100 65.4400 75 1691 -819.8400 38.6300 20 2341 -326.3700 -87.1900
1.7732758481e+00 -1.2542751766e-01 1.6114189219e+00
167 170 163
4 25 3195 861.6300 204.0500 39 3003 538.2000 160.3700 75 1689 983.1000 39.1900 20 2365 309.3200 -79.8800
-2.7484718369e+00 -5.9297443903e-01 1.1841002813e+00
142 145 134
3 25 2878 -743.8100 -156.1500 39 2611 -263.3600 -174.1100 75 2352 -699.1600 -321.0000
-2.3451998272e+00 -3.7548580004e-01 1.2480161445e+00
143 160 164
3 25 1874 -604.7700 -79.9700 39 1875 -216.6900 -113.5400 20 3011 -241.8400 -238.5300
6.5371736167e-01 9.4990524124e-02 1.5942403411e+00
95 96 88
3 25 4708 390.8500 184.4600 39 4229 270.0900 124.5200 20 3351 132.6400 -90.1900
-4.5390271889e+00 1.7079167439e+00 1.4831304994e+00
92 92 90
4 25 3260 -885.4800 266.3900 39 2083 -574.5700 109.9000 75 2659 -837.4600 103.1200 20 3426 -331.9100 -58.0800
-4.0022923710e+00 1.5745921109e+00 1.4959748458e+00
68 69 64
4 25 3264 -792.7700 267.0100 39 2091 -510.3800 115.6200 75 2657 -742.1400 104.3100 20 3427 -298.8100 -57.4400
-4.2407736578e+00 3.3595604582e+00 1.8717920540e+00
63 64 49
4 25 3536 -682.2300 528.8400 39 3152 -509.2100 306.1500 75 2897 -623.8900 366.0300 20 3725 -255.1500 65.2700
1.3042635963e+00 1.2905504106e+00 1.8636124635e+00
90 91 84
4 25 3520 606.2600 523.1600 39 3189 321.8000 354.3700 75 2893 702.3500 363.8700 20 3751 229.2200 70.7300
-5.6561947811e+00 5.2607919505e+00 2.1352447111e+00
147 157 162
4 25 2342 -769.4600 678.9900 39 2262 -651.5700 416.9400 75 1971 -709.2800 511.3700 20 3908 -283.3500 154.3700
1.9885927905e+00 -8.3208090558e-01 1.4810822901e+00
171 176 179
2 25 4520 1033.8601 -17.8900 39 5673 676.0900 32.2600
-4.8250074507e+00 1.4809014560e+00 1.4081432779e+00
156 158 145
3 25 4759 -965.7100 214.1400 39 2882 -617.6900 67.9500 20 4932 -360.9600 -81.6500
-4.8300863260e+00 1.4831655478e+00 1.4088097546e+00
156 158 145
4 25 4760 -965.7100 214.1400 39 2883 -617.6900 67.9500 75 3861 -919.9200 50.7800 20 4933 -360.9600 -81.6500
-4.7399873449e+00 1.4717352028e+00 1.4140357002e+00
157 155 147
4 25 4766 -949.4900 216.0601 39 2887 -606.1900 70.4600 75 3869 -903.9900 52.4100 20 4935 -355.3200 -80.8400
1.6906653724e+00 1.0966537679e+00 1.8496403084e+00
171 173 166
3 25 5115 755.2300 514.7300 39 4516 410.2000 354.3200 20 5477 286.2700 68.2400
1.5648202801e+00 1.1552964775e+00 1.8548828995e+00
159 163 158
4 25 5118 704.8000 514.5701 39 4513 380.5800 352.2800 75 2882 806.4200 355.2200 20 5480 267.0900 67.7900
1.7413656450e+00 1.0822844576e+00 1.8501167847e+00
168 170 164
3 25 5120 775.1600 515.8101 39 4522 421.6400 355.6700 20 5488 294.1000 68.7700
1.8351456714e+00 1.0539241815e+00 1.8506527270e+00
164 169 163
3 25 5125 812.7500 517.1899 39 4528 443.0400 358.0900 20 5492 308.5300 69.6700
1.9879820449e+00 1.0154889175e+00 1.8528616495e+00
119 120 121
3 25 5140 874.6500 521.8500 39 6248 478.5400 362.5500 20 5503 332.3100 72.1500
-2.2159402947e+00 -4.6415102380e-01 1.2325776101e+00
154 159 154
3 25 4406 -578.1600 -101.3600 39 3869 -199.3200 -125.0600 20 6397 -232.3800 -245.5000
-4.9628075714e+00 8.5893298561e-01 1.2534620528e+00
153 160 154
3 25 9308 -1065.8199 87.7100 39 5570 -663.9300 -25.7500 20 6978 -397.1700 -133.7100
-1.8598623603e+00 3.5097470873e-01 1.3395015484e+00
47 47 39
2 25 6614 -417.9100 130.2100 39 4140 -215.5900 43.5500
-3.5276622476e+00 8.6033172491e-01 1.3736170622e+00
97 94 80
4 25 6649 -765.3100 151.4600 39 5688 -457.4100 37.1000 75 5394 -716.4500 -12.3800 20 7097 -289.9900 -110.1600
-3.8197754774e+00 3.1250387238e+00 1.8542787623e+00
140 139 129
4 25 7378 -622.4800 517.6500 39 6139 -466.3900 300.7900 75 5987 -563.8500 355.0200 20 8154 -233.5000 61.2200
2.0101794856e+00 9.9502081634e-01 1.8505021145e+00
171 179 171
3 25 5127 884.8500 518.5601 39 4531 484.3199 361.3000 20 8241 336.3300 70.7000
-7.8088965874e-01 -1.7346447906e+00 1.0750684688e+00
61 66 74
3 25 5807 -231.7200 -489.1600 39 5013 150.6000 -344.5600 75 4672 -164.9700 -673.5900
6.3304586081e-01 5.4814426689e-03 1.5747267388e+00
156 162 158
2 25 9477 385.9000 159.8000 39 7760 273.0900 108.5900
9.7202204662e-03 1.4183130919e+00 1.7993561572e+00
116 117 111
3 25 14884 188.0300 453.5100 39 11111 78.6700 292.3400 75 11256 267.5200 292.1600
-3.8441657341e+00 3.2084063595e+00 1.8763495992e+00
64 61 51
2 25 23384 -618.5200 524.0300 39 11188 -464.2800 305.6900
-3.8441657341e+00 3.2084063595e+00 1.8763495992e+00
64 61 51
2 25 23385 -618.5200 524.0300 39 11189 -464.2800 305.6900
3.0440165786e-01 -2.2613991970e+00 1.0499743128e+00
122 124 113
2 25 108 229.7900 -723.4200 39 103 452.9301 -447.4000
7.1928908258e-01 -2.2074418204e+00 1.0867402624e+00
170 186 202
2 25 109 445.1500 -692.9000 39 106 572.4100 -410.6700
7.6864313676e-01 -2.0281231776e+00 1.1279583237e+00
165 175 177
2 25 179 467.6600 -596.3400 39 182 561.9200 -353.1300
-2.5091685125e+00 -9.3933009435e-01 1.1215941842e+00
47 38 29
2 25 205 -717.0000 -251.7900 39 205 -226.3900 -233.1100
-8.2646074422e-01 -1.0715027907e+00 1.2078490355e+00
119 116 106
3 25 209 -194.0800 -237.3700 39 222 91.1700 -185.4900 75 176 -125.4900 -408.6801
7.0865048297e-01 -1.2126935881e+00 1.2890510738e+00
136 139 130
3 25 218 423.1000 -229.5200 39 231 448.1899 -139.1400 75 92 530.3400 -406.0100
-2.3618621869e+00 -8.4892191542e-01 1.1537014093e+00
111 113 108
2 25 222 -664.7900 -217.2500 39 213 -199.3300 -208.8300
-2.3618621869e+00 -8.4892191542e-01 1.1537014093e+00
111 113 108
2 25 223 -664.7900 -217.2500 39 214 -199.3300 -208.8300
4.5702601395e-01 -1.2765990141e+00 1.2613712520e+00
45 41 30
3 25 345 309.7800 -264.9000 39 562 388.4500 -166.6500 75 282 409.8000 -441.1899
7.6584351934e-01 -2.3357827853e+00 1.0617665926e+00
71 72 64
2 25 447 474.3300 -764.9600 39 460 604.3800 -451.0000
-4.8361747704e+00 1.6722315051e+00 1.4491997860e+00
168 179 174
3 25 624 -946.4000 248.1300 39 400 -614.2500 92.9000 75 546 -898.8300 84.9400
2.1853677947e+00 6.8952240362e-01 1.8011243131e+00
136 139 132
2 25 660 979.7200 459.6600 39 691 548.8300 328.0300
8.3482314519e-01 -2.3750228938e+00 1.0582556493e+00
88 85 71
2 25 696 514.5900 -788.1100 39 1171 629.5699 -458.9500
8.6785255595e-01 -2.3577909316e+00 1.0633343633e+00
162 164 178
2 25 697 532.5601 -778.1801 39 1173 639.1100 -452.0400
9.5036861702e-01 -2.4156371126e+00 1.0552656586e+00
160 166 177
2 25 1116 583.1600 -812.6700 39 1680 673.2200 -467.5800
5.2323219315e-01 -2.4124980102e+00 1.0331625337e+00
143 145 144
2 25 1118 343.8500 -808.2200 39 1669 532.7500 -485.3600
4.8340690816e-01 -2.1779043319e+00 1.0774848499e+00
82 77 64
2 25 1138 319.5400 -678.5300 39 1183 500.4700 -412.4900
-7.1725379364e-01 -2.1460163916e+00 9.9741165596e-01
164 168 169
2 25 1139 -238.0500 -673.3199 39 1172 186.4900 -456.7200
4.4838205067e-01 -2.1263203689e+00 1.0856122613e+00
168 179 181
2 25 1140 301.4000 -651.6300 39 1703 485.0699 -398.3700
-1.2183253030e-01 -1.9140392709e+00 1.0887766653e+00
144 146 143
2 25 1162 34.5200 -554.9700 39 1714 313.1801 -362.8800
-1.2183253030e-01 -1.9140392709e+00 1.0887766653e+00
144 146 143
2 25 1163 34.5200 -554.9700 39 1715 313.1801 -362.8800
1.1361413718e+00 -1.3810525695e+00 1.2885216095e+00
57 59 46
3 25 1247 633.4800 -280.9500 39 1832 572.8101 -154.2800 75 1009 759.2700 -461.2600
-2.5552198036e+00 -9.5132165736e-01 1.1107448501e+00
46 42 31
3 25 1250 -735.5600 -257.2200 39 1229 -237.4400 -238.8100 75 1015 -692.7100 -427.6000
-2.3122050515e+00 -4.6708818393e-01 1.2272161430e+00
138 140 135
3 25 1306 -605.5400 -108.1700 39 1266 -213.8000 -131.2400 75 1045 -556.1500 -273.4200
1.8897430911e+00 -7.3197938978e-01 1.4973697482e+00
81 82 71
2 25 1371 972.5500 11.8700 39 1428 634.4500 47.4100
1.8509675859e+00 -6.9927027641e-01 1.5018370613e+00
80 80 68
2 25 1374 949.8201 21.0000 39 1431 620.3101 51.7500
1.4269617486e-01 -4.9180495226e-02 1.5865043097e+00
151 145 133
2 25 1407 211.7300 104.6500 39 1441 163.3100 65.8900
1.4269617486e-01 -4.9180495226e-02 1.5865043097e+00
151 145 133
2 25 1408 211.7300 104.6500 39 1442 163.3100 65.8900
-4.8565285239e+00 9.9978595458e-01 1.2911042190e+00
34 32 19
3 25 1419 -1028.0000 123.2800 39 1378 -647.6000 2.4400 75 1123 -984.7300 -41.8100
-4.5673127215e+00 1.0545319553e+00 1.3269780222e+00
156 158 155
3 25 1433 -964.0200 146.3800 39 1400 -607.0600 21.8000 75 1134 -919.8400 -18.4900
3.7467533859e-01 2.0077804463e-01 1.6026586200e+00
160 171 164
2 25 1458 292.0300 193.7100 39 1479 207.7700 125.7400
-3.3053249893e+00 1.1267916100e+00 1.4487290082e+00
157 158 151
3 25 1469 -687.8500 216.6799 39 1458 -424.4100 87.0300 75 1161 -635.3600 53.2300
-1.0327977730e-01 5.0382860916e-01 1.6416560581e+00
163 168 156
2 25 1477 137.0000 235.8401 39 1490 103.6800 145.0700
-2.1074332145e-01 5.5187039304e-01 1.6476444211e+00
168 172 161
2 25 1479 104.6801 239.5100 39 1491 82.7700 145.8700
-5.9681673197e+00 3.5564887083e+00 1.7662165967e+00
153 162 163
3 25 1551 -953.1500 474.8000 39 1072 -690.2200 254.1000 75 1244 -899.3400 310.8400
8.8991605983e-01 -2.4037429257e+00 1.0543127239e+00
90 91 78
2 25 1684 547.1899 -805.3900 39 2383 652.9399 -466.7800
-6.7683571360e-01 -2.1638732563e+00 9.9663050317e-01
83 77 62
2 25 1705 -221.8700 -681.5400 39 1684 196.4400 -461.0500
-2.3679302955e+00 -3.9868584645e-01 1.2393390498e+00
61 63 51
3 25 1865 -614.4300 -90.8900 39 1870 -222.2600 -120.8400 75 1055 -563.8700 -255.8400
4.2123590818e-01 -2.9930448604e-01 1.5349838962e+00
156 155 150
2 25 1945 308.9200 54.7100 39 1417 233.3700 39.4400
-2.3027728684e+00 1.5733115005e-01 1.3638541253e+00
171 173 172
3 25 1946 -537.9600 54.4100 39 1943 -223.7600 -19.1200 75 1590 -483.5700 -107.4200
-4.4368127501e+00 7.4840338103e-01 1.2698649235e+00
138 145 140
3 25 1968 -974.1700 89.8900 39 1944 -598.2300 -17.1400 75 1607 -931.6000 -75.8300
-1.4998359190e-03 4.0507766531e-02 1.6082430555e+00
142 138 126
2 25 1982 164.9500 117.6000 39 1448 132.1500 71.8300
-1.5429937696e-01 1.2743017006e-01 1.6357544347e+00
147 143 130
2 25 1991 118.2000 127.7500 39 2039 100.9600 75.6000
8.7078360235e-02 1.1416250384e-01 1.6023622483e+00
143 143 133
2 25 2008 193.9301 146.0800 39 2059 149.4600 91.2500
1.3363495877e-02 1.6505808617e-01 1.6142036552e+00
146 143 131
2 25 2015 170.6200 153.5400 39 2062 132.9300 94.4900
-1.2672225956e-01 2.4094706824e-01 1.6312368743e+00
148 143 129
2 25 2022 127.1500 162.0300 39 2069 104.6100 97.9500
-4.3028015008e+00 1.0790523936e+00 1.3547585251e+00
68 66 53
3 25 2026 -907.0400 163.1699 39 993 -569.2700 35.8000 75 1141 -862.2700 -2.1400
2.9975702615e-01 2.5690804178e-01 1.6086703765e+00
177 182 180
2 25 2062 266.0900 203.4700 39 2111 190.9000 130.5400
-4.3600319665e+00 1.3323822897e+00 1.4127954840e+00
164 165 161
3 25 2068 -890.5900 208.3800 39 2028 -562.3300 68.1200 75 1699 -843.6000 44.9500
2.0884778309e-01 3.6785959186e-01 1.6244985860e+00
98 99 91
2 25 2087 236.1500 225.4700 39 2124 167.9700 143.2700
1.2351393654e-01 4.2268771160e-01 1.6328760532e+00
107 106 95
2 25 2096 208.6000 232.7000 39 2128 148.6600 146.4100
3.6147814302e-02 4.6945254520e-01 1.6372814541e+00
104 104 94
2 25 2097 180.6500 238.1599 39 2129 130.7700 148.6800
-2.9230300352e-01 5.8951179661e-01 1.6521909215e+00
171 175 171
2 25 2102 80.6899 242.7300 39 1492 67.3800 146.4200
9.6590816012e-01 6.9605029284e-01 1.7059699946e+00
79 73 66
2 25 2146 497.3700 373.2800 39 2175 313.0800 248.2500
2.1357764976e+00 7.2508041197e-01 1.8055213705e+00
138 139 132
2 25 2184 956.0200 464.5400 39 2224 534.1100 329.2100
-5.7127560293e+00 3.6566987587e+00 1.8100620799e+00
154 158 157
3 25 2215 -904.1700 498.0100 39 2197 -662.1000 274.1500 75 1859 -849.6000 334.5500
8.1065185862e-01 -2.4257364115e+00 1.0466853096e+00
67 61 50
2 25 2432 503.5900 -817.4500 39 2377 625.5800 -477.6600
3.7823864907e-01 -2.3685112093e+00 1.0329501566e+00
71 68 50
2 25 2449 266.8199 -782.6300 39 2378 485.0601 -477.5900
5.6505383887e-01 -2.2449699338e+00 1.0691235568e+00
126 123 108
2 25 2472 362.9600 -714.3000 39 2406 531.3101 -429.6899
5.6505383887e-01 -2.2449699338e+00 1.0691235568e+00
126 123 108
2 25 2473 362.9600 -714.3000 39 2407 531.3101 -429.6899
1.4163048594e-01 -2.2367617540e+00 1.0445508667e+00
130 134 129
2 25 2476 149.6000 -711.0500 39 2400 404.0000 -446.1600
5.5165804607e-01 -2.2020854451e+00 1.0767117115e+00
80 77 68
2 25 2483 355.0900 -691.1600 39 3422 523.6400 -416.9100
-5.2419691664e-01 -2.1739059816e+00 1.0079611157e+00
61 58 48
2 25 2486 -154.3900 -684.8600 39 3376 228.9000 -456.7300
3.3277542436e-01 -2.0835008821e+00 1.0863606640e+00
166 171 172
2 25 2496 243.5200 -630.7200 39 3461 448.5400 -391.1000
-1.9740999685e-01 -2.0401825911e+00 1.0595689237e+00
119 114 97
2 25 2500 -3.1400 -615.6000 39 3442 300.7600 -402.1200
-1.6095040142e+00 -1.8666505767e+00 9.8841435725e-01
144 145 140
2 25 2515 -550.6300 -561.5300 39 1700 -31.2200 -415.8300
-9.5449576126e-01 -1.8868743327e+00 1.0334525940e+00
150 154 152
2 25 2519 -310.2000 -557.9500 39 2427 113.2600 -393.1500
-6.2604119027e-01 -1.8297326529e+00 1.0687794310e+00
132 134 123
3 25 2557 -175.9200 -526.3000 39 2462 187.0800 -362.3500 75 2092 -105.7900 -714.7000
-7.8929068604e-01 -1.8228990442e+00 1.0581728046e+00
128 128 118
3 25 2561 -241.0900 -526.6200 39 2457 148.9200 -368.1000 75 2096 -175.2700 -714.4399
-8.7731187903e-01 -1.8192107893e+00 1.0526687198e+00
129 132 124
2 25 2563 -275.3400 -526.9900 39 2451 128.5900 -370.9500
1.5971836777e+00 -1.6495186225e+00 1.2579266202e+00
146 152 148
2 25 2640 904.4299 -384.4399 39 3764 752.2800 -198.5000
8.8183182102e-01 -1.3624302053e+00 1.2754157202e+00
97 91 77
3 25 2697 508.5601 -283.0300 39 3808 502.2600 -164.2900 75 2233 622.0699 -462.2100
-1.8588507831e+00 -1.0104169431e+00 1.1504215920e+00
122 123 114
2 25 2713 -533.2300 -252.6899 39 2562 -112.1700 -220.8200
1.0210445586e+00 -1.2403738054e+00 1.3070450405e+00
141 144 142
3 25 2728 571.5800 -228.1100 39 2692 528.9900 -127.5700 75 2248 688.8500 -403.7000
-3.7503498197e+00 -6.7487568097e-01 1.0757859014e+00
71 62 44
2 25 2738 -1004.1000 -216.8300 39 2550 -438.5800 -233.8600
-3.8946809108e+00 -6.5832413316e-01 1.0684317854e+00
74 68 49
2 25 2739 -1035.5400 -216.9399 39 2543 -460.1000 -236.0400
-1.5095553527e+00 -8.9690755965e-01 1.2009028454e+00
133 129 112
3 25 2750 -410.8100 -203.2200 39 2598 -50.0500 -179.7100 75 2263 -353.7000 -372.0400
-1.5919034399e+00 -8.4321722367e-01 1.2054910969e+00
82 76 62
2 25 2764 -433.6300 -189.3101 39 2617 -67.4100 -172.3300
-1.8119236726e+00 -8.1309112550e-01 1.1979160228e+00
92 86 70
2 25 2765 -498.1400 -187.8600 39 2602 -107.9000 -176.4900
-8.8918953051e-01 -9.1299583593e-01 1.2294095760e+00
98 94 82
2 25 2772 -209.4700 -186.0200 39 2641 70.4700 -154.6300
-1.0790390619e+00 -8.9554453495e-01 1.2226320559e+00
80 74 60
2 25 2775 -273.0900 -187.2900 39 2633 31.8200 -159.6900
-1.1787668126e+00 -8.8418321908e-01 1.2194448312e+00
80 75 55
2 25 2776 -305.6100 -187.1600 39 2629 12.1200 -161.9300
-1.7075809961e+00 -8.2511482360e-01 1.2041250381e+00
92 86 71
3 25 2778 -466.3400 -187.4399 39 2612 -87.7800 -173.7500 75 2305 -412.0600 -355.3700
-1.7031144600e+00 -8.2480055235e-01 1.2025920952e+00
92 86 71
2 25 2779 -466.3400 -187.4399 39 2613 -87.7800 -173.7500
-1.4620457385e-02 -1.0089815244e+00 1.2726141304e+00
90 85 64
3 25 2795 116.2100 -185.1801 39 3854 263.3199 -131.6000 75 2279 201.2400 -355.6899
-5.3258443202e-01 -9.4946962912e-01 1.2473355469e+00
97 91 75
3 25 2798 -80.0300 -185.3500 39 2661 147.9200 -144.8200 75 2299 -5.8200 -354.8101
1.0056267555e+00 -1.1290760027e+00 1.3266965916e+00
104 96 81
2 25 2810 560.2800 -182.2300 39 2729 514.2000 -101.0000
9.4053667221e-01 -1.1216267693e+00 1.3234580230e+00
99 92 76
2 25 2811 529.0500 -182.4900 39 2727 496.9301 -102.9700
1.9348640579e+00 -1.2399573466e+00 1.3674957477e+00
96 90 74
2 25 2816 1051.9099 -180.0200 39 3970 777.2100 -69.1300
1.9635897425e+00 -1.2419434155e+00 1.3688303560e+00
145 142 134
2 25 2824 1068.2200 -179.2000 39 3973 785.4600 -67.7500
1.4380242153e+00 -1.0933989075e+00 1.3599467925e+00
96 92 83
2 25 2893 772.0100 -145.7100 39 3979 631.6000 -66.5600
1.3776692759e+00 -1.0851393725e+00 1.3571885512e+00
94 89 70
2 25 2894 740.7600 -145.6700 39 3971 614.8500 -68.3500
9.0320527777e-01 -6.7236542726e-01 1.4553604547e+00
156 161 157
2 25 2990 504.6000 -27.3200 39 1953 383.3101 -3.5200
7.2739091213e-01 -2.8290797546e-01 1.5266230156e+00
143 144 136
2 25 3062 425.0000 83.2600 39 2874 310.7900 61.6800
5.5571876890e-01 -1.4812640867e-01 1.5498375512e+00
131 130 125
2 25 3086 357.8900 109.8900 39 2896 262.1400 75.9200
-4.7743973255e+00 9.9750929996e-01 1.2976927772e+00
129 131 118
3 25 3100 -1011.6100 126.1500 39 1962 -636.3500 5.7300 75 2521 -969.1800 -38.8800
-1.4861929842e+00 2.3712729560e-01 1.2840265327e+00
75 75 66
2 25 3103 -332.7300 131.5100 39 2854 -167.3100 50.2100
-1.4308740607e+00 2.5630713209e-01 1.2849036756e+00
76 76 66
2 25 3115 -316.3300 142.4900 39 2872 -158.5900 59.2900
-1.4308740607e+00 2.5630713209e-01 1.2849036756e+00
76 76 66
2 25 3116 -316.3300 142.4900 39 2873 -158.5900 59.2900
4.6139048527e-01 2.7362756277e-03 1.5724539885e+00
69 66 54
2 25 3118 322.5699 146.3100 39 2915 234.9900 96.5100
3.3859605830e-01 1.0718311015e-01 1.5901427599e+00
70 70 62
2 25 3138 279.1700 165.1699 39 2921 203.2100 106.9200
2.0726797712e-01 1.6190500850e-01 1.6012375768e+00
137 136 122
2 25 3142 234.4000 169.3900 39 2924 173.1100 107.3700
-4.3935958733e+00 1.2381125046e+00 1.3874273419e+00
93 88 75
