# Bundle file v0.3
90 17581
0 0 0
0 0 0
0 0 0
0 0 0
0 0 0
0 0 0
0 0 0
0 0 0
0 0 0
0 0 0
2.0273269576e+03 4.0553959845e-02 6.2636456236e-02
8.5079230229e-01 2.3651665092e-01 -4.6926786827e-01
3.7969503207e-02 8.6298790864e-01 5.0379577843e-01
5.2412858650e-01 -4.4644343805e-01 7.2524304991e-01
1.2970931370e+00 -2.1895936995e+00 -1.3041117760e+01
0 0 0
0 0 0
0 0 0
0 0 0
0 0 0
1.9298656819e+03 -2.0921812178e-02 4.4871634544e-02
8.5945503265e-01 2.1392737810e-01 -4.6429745180e-01
-1.5600136763e-02 9.1878226302e-01 3.9445632064e-01
5.1097326993e-01 -3.3177436619e-01 7.9298933622e-01
1.0954561920e+00 -4.2020348144e-01 -1.3234988976e+01
2.1543146443e+03 2.8991442597e-02 -2.8259790663e-03
8.3771410026e-01 2.1902134975e-01 -5.0026466454e-01
1.4881108848e-02 9.0655753313e-01 4.2181985696e-01
5.4590625462e-01 -3.6080893487e-01 7.5617674765e-01
9.3625318533e-01 -1.0551054002e+00 -1.3823956894e+01
0 0 0
0 0 0
0 0 0
0 0 0
0 0 0
1.8856458486e+03 -1.1044862022e-02 2.3318716178e-02
8.6500679054e-01 2.0516184781e-01 -4.5789940874e-01
-4.5904602505e-02 9.4111695728e-01 3.3495020554e-01
4.9965590138e-01 -2.6871451194e-01 8.2349043181e-01
9.5454369357e-01 5.1529388447e-01 -1.3242479563e+01
0 0 0
0 0 0
0 0 0
0 0 0
0 0 0
0 0 0
0 0 0
0 0 0
0 0 0
0 0 0
2.1468021046e+03 -6.0709427370e-02 9.1129823667e-03
8.3845345620e-01 2.1904811050e-01 -4.9901275241e-01
-3.8138934034e-01 8.8991719879e-01 -2.5017903663e-01
3.8927878553e-01 4.0008162240e-01 8.2969676543e-01
5.0382016988e-01 8.7547134196e+00 -1.0022242255e+01
1.2321352188e+03 -4.0435092959e-02 -1.9836999713e-01
7.4771847716e-01 1.8946803310e-01 -6.3641098619e-01
-1.3045218169e-01 9.8166439767e-01 1.3898646923e-01
6.5107550039e-01 -2.0901549521e-02 7.5872512679e-01
1.0173633117e+00 4.0312510028e+00 -6.5359867724e+00
0 0 0
0 0 0
0 0 0
0 0 0
0 0 0
1.5771846146e+03 -1.2643765375e-01 -7.4596672172e-02
7.6488301716e-01 1.1607546543e-01 -6.3362485462e-01
2.0151231498e-01 8.9114749571e-01 4.0650821370e-01
6.1183883252e-01 -4.3861444027e-01 6.5823294950e-01
6.9233186304e-01 -3.4062693445e+00 -1.3067549678e+01
1.5761467174e+03 2.3476012700e-01 -5.1803118961e-01
9.4037481204e-01 2.3557490542e-01 -2.4535622433e-01
-1.5348570075e-01 9.3761225132e-01 3.1197020023e-01
3.0354135229e-01 -2.5571024638e-01 9.1786432404e-01
1.2241197076e+00 -3.2404858028e-01 -1.2860259390e+01
6.2572712500e+02 -1.8137982667e-01 2.0006685495e-01
7.9003552512e-01 2.1655740213e-01 -5.7353880481e-01
-8.7335454366e-02 9.6574727973e-01 2.4434547285e-01
6.0680836139e-01 -1.4295133184e-01 7.8188779839e-01
2.1249623191e+00 -2.3394192674e-01 -2.0824457292e+01
1.9595158733e+03 1.6566007936e-01 3.1015865043e-01
8.4623981368e-01 2.1670600310e-01 -4.8674088175e-01
-1.1479770258e-01 9.6625135583e-01 2.3060746916e-01
5.2028805985e-01 -1.3927248676e-01 8.4255771862e-01
8.7068133281e-01 2.0760518153e+00 -1.2738078036e+01
0 0 0
0 0 0
0 0 0
0 0 0
0 0 0
0 0 0
0 0 0
0 0 0
0 0 0
0 0 0
8.1424636215e+02 8.7634484622e-02 -1.3094574155e-01
9.7933125003e-01 1.1348793425e-01 -1.6742398719e-01
3.7584556534e-02 7.1123059268e-01 7.0195330695e-01
1.9874029239e-01 -6.9373736588e-01 6.9226495171e-01
8.9253827772e-01 7.5014253076e-02 -5.3115582930e+00
9.9322326103e+02 3.8703081937e-02 -3.5847387587e-01
8.7348143083e-01 2.5150931981e-01 -4.1686119038e-01
1.8387098073e-01 6.2239798329e-01 7.6079709045e-01
4.5080112293e-01 -7.4119080704e-01 4.9740781570e-01
8.5649938810e-01 -1.9659485525e+00 -7.2345113118e+00
1.2095519424e+03 -8.4796393859e-02 -2.3776083930e-01
8.7060166425e-01 2.2891718208e-01 -4.3548784823e-01
-3.1036323908e-02 9.0894943492e-01 4.1574952960e-01
4.9100864433e-01 -3.4843629046e-01 7.9843763857e-01
1.3490850457e+00 -3.1232730367e+00 -2.0642685520e+01
0 0 0
0 0 0
0 0 0
0 0 0
0 0 0
2.3856032466e+03 -5.3236117405e-02 9.5205181368e-02
8.7129219728e-01 2.1194249363e-01 -4.4264013187e-01
-1.9980146037e-01 9.7699911948e-01 7.4512394744e-02
4.4825136184e-01 2.3518076625e-02 8.9359812930e-01
5.2239460555e-01 4.6100313343e+00 -8.5141816273e+00
0 0 0
0 0 0
0 0 0
0 0 0
0 0 0
-1.8321692488e+03 6.0820347341e-02 -1.3141546847e-01
9.0876041818e-01 3.4312120371e-02 4.1590525453e-01
1.6865308959e-01 8.8140563137e-01 -4.4122584734e-01
-3.8172062785e-01 4.7111229169e-01 7.9519970504e-01
-2.0287565076e-01 1.0146872089e+00 3.8811630658e+00
0 0 0
0 0 0
0 0 0
0 0 0
0 0 0
1.4772163323e+03 1.5450477359e-02 -1.3242343153e-01
8.1154285379e-01 1.7188140973e-01 -5.5843977066e-01
1.0894480548e-01 8.9447954278e-01 4.3363276733e-01
5.7404636209e-01 -4.1275068568e-01 7.0718289405e-01
7.3735395891e-01 -5.8037403854e+00 -2.3726290270e+01
0 0 0
0 0 0
0 0 0
0 0 0
0 0 0
0 0 0
0 0 0
0 0 0
0 0 0
0 0 0
1.8566020592e+03 -2.8539639740e-02 1.0938463685e-01
7.7955484947e-01 2.0443188411e-01 -5.9203195980e-01
-1.1428298904e-01 9.7579211456e-01 1.8646486956e-01
6.1581948255e-01 -7.7700411345e-02 7.8404656175e-01
9.3842592268e-01 2.9665151205e+00 -9.7190978609e+00
0 0 0
0 0 0
0 0 0
0 0 0
0 0 0
7.1856664567e+02 -5.4586637615e-02 -4.5641729657e-03
7.9523439777e-01 1.7454859828e-01 -5.8063330893e-01
4.2178918365e-03 9.5604748840e-01 2.9318152962e-01
6.0628744172e-01 -2.3559708564e-01 7.5954562157e-01
1.6098051569e+00 -6.6047991825e-01 -1.8171861733e+01
2.5661389117e+03 1.3471242992e-01 -5.1070106385e-01
8.6351453967e-01 2.1661817200e-01 -4.5543298885e-01
-6.2418732937e-02 9.4201814228e-01 3.2970550709e-01
5.0044634233e-01 -2.5627794908e-01 8.2696739432e-01
1.1419341514e+00 2.4480427905e+00 -8.4055356574e+00
3.1491665881e+03 1.3977656022e-01 -3.6966376571e-01
7.9286035296e-01 2.3843209755e-01 -5.6082314108e-01
2.8698642699e-03 9.1881123833e-01 3.9468680266e-01
6.0939660697e-01 -3.1454100396e-01 7.2780473497e-01
1.0288599252e+00 2.8557361004e+00 -5.8714612834e+00
1.1115068892e+03 -8.2172863025e-02 3.7824132728e-01
8.4965732122e-01 1.7183701367e-01 -4.9855238163e-01
1.1711790714e-01 8.6031596181e-01 4.9612482470e-01
5.1416518000e-01 -4.7992550108e-01 7.1084856411e-01
1.3566329704e+00 -2.5755644967e+00 -1.2964378850e+01
6.9982854263e+02 -1.9979970353e-01 3.1055020286e-01
7.0506750204e-01 2.1132668000e-01 -6.7692012223e-01
8.7085989965e-03 9.5191231697e-01 3.0624679771e-01
7.0908672098e-01 -2.2181969057e-01 6.6932208017e-01
3.5868731154e+00 -1.2524616608e+00 -1.8920462536e+01
2.1014493013e+03 6.0182909718e-02 -2.3305866870e-01
8.2355021397e-01 2.0942027817e-01 -5.2716998412e-01
-5.8135035575e-02 9.5562124744e-01 2.8880503645e-01
5.6425646891e-01 -2.0719840378e-01 7.9917673813e-01
1.0458622624e+00 8.8205694141e-01 -1.3916572640e+01
7.2886842280e+02 -9.9720308719e-02 -1.0832235436e-01
8.5285130819e-01 2.0338682198e-01 -4.8091417816e-01
-9.6867358023e-02 9.6666027801e-01 2.3703295524e-01
5.1309001263e-01 -1.5556898009e-01 8.4411902678e-01
1.4144163459e+00 3.4787125971e+00 -6.5459793685e+00
-6.8361346998e+01 1.5174546607e-04 -2.5159593030e-06
9.5828954860e-01 -2.8310384663e-01 3.9158052477e-02
2.7152119303e-01 9.4459414472e-01 1.8444008106e-01
-8.9204163509e-02 -1.6611476089e-01 9.8206339074e-01
8.4552766151e-01 1.1438994214e-01 -1.1104994568e+00
0 0 0
0 0 0
0 0 0
0 0 0
0 0 0
0 0 0
0 0 0
0 0 0
0 0 0
0 0 0
2.5133551476e+03 -1.4489698738e-01 -1.5102754842e-01
8.3596944564e-01 1.7717849417e-01 -5.1938701096e-01
1.8998348719e-01 7.9448176285e-01 5.7680586256e-01
5.1484110223e-01 -5.8086703271e-01 6.3050149069e-01
-1.3767852207e-01 -3.3881128275e+00 -1.0633930306e+01
1.8002495706e+03 -5.4178226917e-02 -2.3720446309e-01
8.6347101186e-01 1.9435390498e-01 -4.6545071843e-01
-6.2362668196e-04 9.2319442335e-01 3.8433275659e-01
5.0439807966e-01 -3.3156992674e-01 7.9727282716e-01
9.1153002322e-01 -1.4208266730e+00 -1.6876247947e+01
1.9312471890e+03 -2.6845580477e-01 4.1879637008e-01
8.4582026803e-01 1.7188654291e-01 -5.0501791112e-01
5.0370236232e-02 9.1670806025e-01 3.9636999329e-01
5.3108465755e-01 -3.6069564545e-01 7.6671229146e-01
-8.2579964059e-01 -4.8459780691e+00 -2.3654009732e+01
0 0 0
0 0 0
0 0 0
0 0 0
0 0 0
0 0 0
0 0 0
0 0 0
0 0 0
0 0 0
1.2137567921e+03 -1.3410022392e-01 2.6224604682e-02
8.4351675760e-01 2.0334583504e-01 -4.9712166621e-01
-2.3135185097e-01 9.7285524361e-01 5.3847958448e-03
4.8472239549e-01 1.1046785211e-01 8.6766413603e-01
-1.8003834062e-01 5.5214080410e+00 -1.6067426428e+01
1.6821684145e+03 -7.0660118077e-02 -2.8034262580e-01
4.3025603193e-02 8.8068321730e-01 4.7174767433e-01
-8.5968643542e-01 -2.0793257402e-01 4.6658683802e-01
5.0900690587e-01 -4.2563025671e-01 7.4816499140e-01
-1.7858490747e+00 -1.0942740190e+00 -1.3120171530e+01
3.3665721607e+02 -1.8866898859e-02 -1.1807068702e-02
7.5990806071e-01 1.5553426093e-01 -6.3114881997e-01
3.6274158262e-02 9.5929302639e-01 2.8007333855e-01
6.4901766133e-01 -2.3572437973e-01 7.2333262894e-01
-6.9868357634e-02 -6.3406494881e-01 -1.4581666155e+01
1.5679374205e+03 -2.6428397217e-02 -1.6802099359e-01
8.9282161811e-01 1.7874217122e-01 -4.1342568192e-01
-8.2966886917e-02 9.6744480490e-01 2.3909630934e-01
4.4270312165e-01 -1.7916971199e-01 8.7858531765e-01
-2.6409925709e+00 -4.1868329422e-01 -2.0588641229e+01
1.5389018446e+03 -4.4849062899e-01 -1.8203727236e-01
9.1963607461e-01 1.9364457982e-01 -3.4171811041e-01
-1.7637497944e-01 9.8096559533e-01 8.1230335548e-02
3.5094352381e-01 -1.4431822226e-02 9.3628540820e-01
-1.8353076413e+00 4.3184911867e+00 -7.5111773573e+00
2.0940279447e+03 -3.1289340670e-01 1.7617973981e+00
6.9400500365e-01 6.0614846750e-02 -7.1741403336e-01
3.2702303762e-01 8.6118847551e-01 3.8911481920e-01
6.4141483283e-01 -5.0465854794e-01 5.7784665978e-01
3.2663150225e-01 -3.4938584672e+00 -1.1242858648e+01
2.6902440264e+03 -2.9309838839e-01 7.0659689059e-01
8.2717092367e-01 2.3550970839e-01 -5.1021901209e-01
1.2710762454e-01 8.0600063733e-01 5.7810606674e-01
5.4738644012e-01 -5.4304525582e-01 6.3676521207e-01
1.2292160963e+00 -2.8235690123e+00 -1.1443250152e+01
0 0 0
0 0 0
0 0 0
0 0 0
0 0 0
2.6960129046e+03 -6.5128541428e-02 -3.5455385307e-01
8.4623649882e-01 2.5031141171e-01 -4.7034879104e-01
-2.8410962859e-01 9.5879137083e-01 -9.0893358040e-04
4.5073884568e-01 1.3439979310e-01 8.8248013497e-01
3.6065592882e+00 5.2328899993e+00 -1.3946635772e+01
1.1441254639e+03 -4.7233520747e-03 2.9058872666e-01
8.3945224935e-01 2.2257712617e-01 -4.9576137806e-01
3.3463091235e-02 8.8937352885e-01 4.5595498431e-01
5.4240219634e-01 -3.9934214540e-01 7.3913849062e-01
1.5999154679e+00 -1.5172119184e+00 -1.3102913532e+01
2.4469218207e+03 -3.4501839223e-02 -6.6105382558e-02
8.2915838092e-01 2.1235220633e-01 -5.1711016217e-01
-5.7856647899e-02 9.5267125743e-01 2.9844611499e-01
5.5601167941e-01 -2.1754083692e-01 8.0220134419e-01
5.4294172655e-01 8.7497941902e-02 -1.5877445087e+01
0 0 0
0 0 0
0 0 0
0 0 0
0 0 0
0 0 0
0 0 0
0 0 0
0 0 0
0 0 0
8.2196707006e+02 -8.0523855213e-02 -4.0486931107e-02
8.1412097239e-01 2.0142984301e-01 -5.4464030392e-01
4.2735543154e-02 9.1458444020e-01 4.0213054483e-01
5.7912063999e-01 -3.5065840940e-01 7.3597416004e-01
1.5528644052e+00 -2.3450943536e+00 -1.7620931934e+01
0 0 0
0 0 0
0 0 0
0 0 0
0 0 0
0 0 0
0 0 0
0 0 0
0 0 0
0 0 0
1.6068343124e+03 1.0320352278e-01 -8.0465279343e-01
8.5306449394e-01 2.2174492530e-01 -4.7234537923e-01
1.3855180197e-03 9.0424775368e-01 4.2700594880e-01
5.2180365035e-01 -3.6491805666e-01 7.7107442080e-01
2.2411179923e+00 -3.0672647578e+00 -1.9472004862e+01
0 0 0
0 0 0
0 0 0
0 0 0
0 0 0
0 0 0
0 0 0
0 0 0
0 0 0
0 0 0
0 0 0
0 0 0
0 0 0
0 0 0
0 0 0
2.1755842610e+03 -2.0297444811e-01 4.6072896155e-01
8.0843009787e-01 2.1439133911e-01 -5.4815794309e-01
1.8272750379e-01 7.9387145250e-01 5.7998170338e-01
5.5950999653e-01 -5.6903819785e-01 6.0261438181e-01
6.7326753077e-01 -3.9260131570e+00 -1.0916273676e+01
0 0 0
0 0 0
0 0 0
0 0 0
0 0 0
3.8745068989e+03 -1.5819851021e-01 -8.8383651859e-02
9.4640261681e-01 1.8426639133e-01 -2.6526964380e-01
-1.4927204642e-01 9.7785376794e-01 1.4669650533e-01
2.8642615637e-01 -9.9236613941e-02 9.5294918616e-01
-3.4881679521e+00 2.9422311385e+00 -1.6236578861e+01
1.8816457770e+03 -7.3158457462e-02 6.8316207184e-02
8.1274018919e-01 1.8881227257e-01 -5.5118355437e-01
-7.5678788352e-02 9.7222985974e-01 2.2145387966e-01
5.7769032004e-01 -1.3827156449e-01 8.0445936416e-01
4.0885201165e-01 9.7604647045e-01 -1.5644264480e+01
0 0 0
0 0 0
0 0 0
0 0 0
0 0 0
0 0 0
0 0 0
0 0 0
0 0 0
0 0 0
0 0 0
0 0 0
0 0 0
0 0 0
0 0 0
0 0 0
0 0 0
0 0 0
0 0 0
0 0 0
1.9638789466e+03 1.2340390854e-01 -3.0006202344e-01
9.5268691457e-01 1.9459764499e-01 -2.3349389577e-01
9.2474405983e-02 5.4620972639e-01 8.3252832927e-01
2.8954468919e-01 -8.1473105462e-01 5.0237155732e-01
9.8014048311e-01 -1.3347163438e+00 -6.0219444754e+00
0 0 0
0 0 0
0 0 0
0 0 0
0 0 0
0 0 0
0 0 0
0 0 0
0 0 0
0 0 0
0 0 0
0 0 0
0 0 0
0 0 0
0 0 0
0 0 0
0 0 0
0 0 0
0 0 0
0 0 0
1.7611473285e+03 -1.0128031576e-01 -7.5320761747e-02
8.1300687982e-01 2.4558200632e-01 -5.2792924861e-01
-6.7299747251e-03 9.1060203095e-01 4.1322953509e-01
5.8221518428e-01 -3.3240550448e-01 7.4197847664e-01
2.5903242395e+00 -2.4103551087e+00 -1.8371386607e+01
0 0 0
0 0 0
0 0 0
0 0 0
0 0 0
1.8407764050e+03 -1.7346988273e-01 1.8683193021e-01
7.5736968413e-01 2.2873406557e-01 -6.1161416662e-01
-2.6352967743e-02 9.4658532103e-01 3.2137478293e-01
6.5245435293e-01 -2.2728166943e-01 7.2294284704e-01
2.2428979765e+00 -1.2606321017e+00 -1.8673648973e+01
0 0 0
0 0 0
0 0 0
0 0 0
0 0 0
5.7883288497e+02 -1.6548330933e-01 4.8517801550e-02
8.9303419805e-01 1.3607110686e-01 -4.2892257458e-01
4.2072073482e-02 9.2376187871e-01 3.8064935581e-01
4.4801770249e-01 -3.5797855429e-01 8.1922615494e-01
-2.4378812115e+00 -2.2928887327e+00 -1.7470383911e+01
1.0230842795e+03 -9.3136846985e-02 -6.2030546163e-02
8.4183812139e-01 2.1511150308e-01 -4.9501072577e-01
1.4958551860e-02 9.0749379940e-01 4.1979905405e-01
5.3952276978e-01 -3.6080749063e-01 7.6074511868e-01
6.7625086272e-01 -2.3759500798e+00 -1.7208278226e+01
0 0 0
0 0 0
0 0 0
0 0 0
0 0 0
5.9656361327e+02 -9.1708565044e-02 9.1234186882e-02
8.2400811482e-01 2.0279224265e-01 -5.2904246808e-01
-3.7386093262e-02 9.5117678884e-01 3.0637394862e-01
5.6534317608e-01 -2.3267578878e-01 7.9135900233e-01
9.8585533097e-01 -4.9271929123e-01 -1.8089410805e+01
0 0 0
0 0 0
0 0 0
0 0 0
0 0 0
1.6699644268e+03 -1.4393092563e-01 -2.5984790437e-02
8.5617374624e-01 2.1936600149e-01 -4.6780880029e-01
-1.1334172807e-02 9.1315487424e-01 4.0745516585e-01
5.1656369672e-01 -3.4355018999e-01 7.8430556175e-01
1.1865114735e-01 -2.3341990172e+00 -1.8181758927e+01
1.3510021505e+00 1.2617948821e+00 1.8612546354e+00
99 99 89
4 25 3516 623.6600 520.8000 39 3187 332.3600 353.2200 75 2887 720.7600 361.2400 20 3746 235.7400 70.1200
5.1182592797e-01 -6.6120804672e-01 1.4674929442e+00
121 120 107
2 25 1894 344.7100 -48.8100 39 1940 272.6801 -24.6700
1.9276040568e+00 -1.1890403452e-01 1.6219771014e+00
169 174 167
3 25 2078 932.9199 214.9299 39 2136 576.5900 170.3900 20 2381 336.7100 -74.8600
4.4097985518e-02 -1.9773206053e+00 1.0883181649e+00
168 173 175
17 25 2509 108.1200 -581.2300 39 2448 360.3000 -372.6100 19 2225 138.9200 -145.0700 33 4261 91.6000 341.8800 7 9070 16.0800 -155.6500 16 17222 -11.7500 68.3400 30 7509 -13.6300 263.1900 2 5120 68.6300 -595.6500 10 11494 -93.2800 1415.8101 23 2379 -106.3600 860.5000 37 21490 12.4200 -113.6801 48 5868 -439.6700 -33.3800 57 15091 -70.7300 -244.2400 4 10938 35.2700 -297.3000 70 13515 -69.6400 -88.1899 14 31752 73.1000 -257.7200 55 6242 528.2300 671.4900
2.0963803048e+00 -2.0480832915e-01 1.6154195654e+00
169 172 165
3 25 2059 1020.0100 200.8301 39 2134 626.4700 165.9200 20 2359 368.5700 -81.1500
-1.5335909830e+00 5.1767443840e-01 1.3845260887e+00
94 91 82
2 25 3178 -313.2800 195.0400 39 2912 -166.9800 93.5200
1.7476285351e-01 -2.0524141288e+00 1.0825738655e+00
76 68 45
6 25 2502 166.1100 -614.6000 39 1706 400.0800 -387.6900 33 4258 129.8700 316.9000 11 3194 21.1400 466.7800 30 16217 8.3600 248.9900 10 48904 -71.2600 1398.2700
1.6389169977e+00 -2.0463602835e-01 1.5874182911e+00
107 98 81
4 25 3143 806.7300 170.7700 39 2967 513.8900 136.8800 75 2550 925.9800 4.7400 20 3334 287.1100 -95.0400
-8.2527345404e-02 -2.0107570684e+00 1.0735843594e+00
82 76 56
4 25 115 48.2600 -598.9000 39 107 327.4301 -388.1700 19 86 105.6500 -156.2700 33 348 54.0200 332.8500
3.0948348868e-01 -2.0358403051e+00 1.0944966696e+00
154 155 155
3 25 114 231.2100 -607.2400 39 108 437.7300 -376.9400 19 142 209.7600 -158.1600
6.0622939601e-01 -1.4008770718e+00 1.2482270324e+00
159 160 152
4 25 328 377.7700 -309.3400 39 548 436.3199 -188.9400 75 271 484.1600 -489.5601 19 405 272.8800 -3.6700
-3.9308509694e-02 -2.1108384207e+00 1.0586475229e+00
138 140 135
3 25 450 66.9500 -646.5900 39 742 342.1300 -414.5400 19 593 116.3800 -182.5500
3.7947928166e-01 -1.3469090118e+00 1.2431631599e+00
135 135 130
4 25 790 274.4700 -295.5800 39 829 375.0400 -186.4000 75 447 372.0601 -473.9399 19 652 217.1800 2.1000
6.3255319916e-01 4.8700256003e-01 1.6569935302e+00
141 148 140
3 25 1003 385.9700 291.1400 39 1049 244.4600 193.2000 19 740 240.7400 294.8800
7.8501863931e-02 -2.0209660509e+00 1.0822413352e+00
76 68 47
3 25 1146 122.3700 -602.6600 39 1192 372.2500 -383.8400 19 919 146.3600 -156.2300
-1.9481737102e-01 -1.9175192916e+00 1.0833519680e+00
148 151 149
5 25 1160 1.5300 -556.4301 39 1200 295.3199 -366.0400 19 926 77.4600 -132.3400 30 3617 -54.2700 271.2900 35 2372 30.9100 -359.6300
2.0686113578e-02 -1.9109654787e+00 1.1000977317e+00
141 142 132
4 25 708 99.5900 -548.1500 39 1202 349.5200 -353.2000 19 927 131.9300 -128.0500 33 2056 86.2500 366.1300
1.2942159625e+00 -8.6506796641e-01 1.4011275085e+00
150 153 153
3 25 1339 685.4301 -68.1000 39 1350 555.3300 -23.2500 19 1053 436.0800 122.3200
1.5332922851e+00 2.1155249965e+00 2.0575510755e+00
135 141 140
5 25 1091 658.2400 691.9000 39 1130 290.5200 471.3700 75 932 751.8101 530.1799 19 1196 372.5000 500.9299 20 1084 266.4600 171.9700
4.7527175899e-01 -2.4358458606e+00 1.0258323776e+00
45 43 31
3 25 1682 321.1700 -820.9700 39 1665 517.6500 -496.3101 19 1432 263.4200 -269.6100
3.3057777033e-01 -2.1091247932e+00 1.0811866044e+00
65 59 44
3 25 1142 242.3400 -644.2500 39 1704 450.2400 -398.6700 19 1456 215.2100 -176.3600
9.2083818368e-03 -1.9980499179e+00 1.0825398254e+00
83 75 59
3 25 1147 91.2600 -592.5000 39 1707 351.3400 -379.7700 19 1461 127.7500 -151.2200
-2.4310678311e+00 1.6790942843e+00 1.6743670360e+00
93 95 88
4 25 1509 -443.2000 361.7500 39 1517 -271.3200 196.3400 75 1204 -382.6900 201.9100 19 1740 -220.6000 333.9600
1.7022337217e-01 -2.0269373598e+00 1.0875213415e+00
159 165 161
4 25 2506 166.0800 -602.0800 39 2437 397.9500 -380.0400 19 2217 171.2100 -154.4700 33 4259 129.9900 325.5801
-8.6537316251e-02 -1.9648906466e+00 1.0818843688e+00
73 62 44
3 25 2512 48.4200 -577.9800 39 2443 324.4200 -375.4000 19 2226 103.7900 -144.3300
-4.1627537545e+00 1.0134665039e+00 1.3530583775e+00
72 68 50
5 25 2018 -884.5400 154.7400 39 1410 -549.7300 32.3800 75 1138 -838.2100 -9.7000 19 2476 -466.9200 216.3300 20 3314 -331.4700 -105.4600
-3.9934986578e+00 1.1639386021e+00 1.4061543601e+00
161 162 153
5 25 2050 -832.5800 192.2900 39 2019 -515.4200 60.6200 75 1682 -784.7600 28.9100 19 2512 -438.2600 237.3700 20 2335 -313.7200 -91.7000
1.5794637925e+00 1.9696861928e+00 2.0299853978e+00
165 182 189
4 25 3655 679.9700 670.8500 39 3250 306.1600 459.6700 75 2997 775.1100 509.1000 19 2780 385.6600 489.0900
9.9255974005e-02 -2.2222968260e+00 1.0443792816e+00
131 132 125
3 25 2477 128.8500 -703.6400 39 3385 391.8300 -443.1700 19 3233 152.7400 -209.0200
4.1604956110e-01 -2.1393665969e+00 1.0805645369e+00
68 64 50
3 25 2491 285.1500 -659.4100 39 3439 477.7200 -404.2100 19 3240 239.9500 -183.3000
-1.2243155363e-02 -1.8882680620e+00 1.1017553282e+00
145 148 139
4 25 2548 84.4600 -540.9200 39 3544 338.8600 -350.0300 75 2081 172.4500 -732.9000 19 3278 123.6600 -123.8400
5.9472236259e-01 -1.5689429952e-01 1.5142177613e+00
139 138 127
4 25 3099 372.2800 125.5900 39 2888 297.1300 71.3600 75 2518 464.6300 -40.7300 19 3654 238.5600 207.2600
-4.1612581550e+00 1.1915794639e+00 1.3978988588e+00
88 82 71
5 25 3163 -864.7600 189.6799 39 2869 -538.6800 57.8500 75 2574 -817.1100 26.4200 19 3696 -456.4700 235.9900 20 4874 -324.6900 -92.1700
-4.5418841702e-01 5.4452608670e-01 1.6547967565e+00
71 67 51
2 25 4768 32.2700 217.4700 39 4243 41.6900 128.3400
6.1346220366e-01 1.1403411309e+00 1.7856093278e+00
56 56 48
5 25 5015 374.6700 439.8300 39 4438 198.8200 290.5400 75 4098 461.5800 278.9000 19 3873 228.9100 372.1000 20 5256 137.9700 30.9400
-4.0318441423e+00 2.9375870839e+00 1.7945766414e+00
168 173 169
4 25 3469 -675.2700 480.5200 39 3135 -495.0000 272.4500 75 2831 -618.0600 317.9500 19 3896 -362.3700 390.7700
2.3772464988e-01 -2.0870768262e+00 1.0795881885e+00
119 120 108
3 25 5557 197.0000 -633.7400 39 4919 421.6600 -396.4500 19 4779 189.5400 -171.4000
-1.4174880841e+00 -1.8732052040e+00 1.0008496146e+00
150 156 151
3 25 3883 -484.4900 -560.8600 39 3436 8.9400 -409.8600 19 4805 -195.5400 -139.2300
-1.9588615581e+00 -1.8026129773e+00 9.7307802004e-01
53 50 39
4 25 5648 -666.7800 -541.5800 39 3433 -108.4900 -413.8000 75 3146 -626.6500 -727.4900 19 4844 -298.5100 -130.2600
-1.6498376470e+00 -1.8118260772e+00 9.9511939253e-01
72 68 56
4 25 5657 -561.8200 -539.4200 39 4900 -43.7700 -403.4800 75 3154 -515.2500 -725.9301 19 4853 -240.0500 -128.7000
-4.6115306638e-01 -1.8703212300e+00 1.0730439464e+00
143 149 141
4 25 3930 -110.5800 -540.9301 39 3513 227.7100 -365.5700 75 3138 -36.7200 -731.3199 19 4864 14.0600 -125.4900
-3.0131003433e+00 -8.5624434172e-01 1.0977432936e+00
60 59 48
4 25 4211 -851.8400 -242.9600 39 3699 -312.4600 -239.1900 75 3437 -813.6000 -411.2500 19 5150 -417.2500 24.2800
-1.8894806155e+00 -8.8204419609e-01 1.1744807489e+00
136 137 120
3 25 6129 -530.2600 -213.7700 39 5275 -122.8200 -195.0800 19 5175 -238.4300 40.2200
-1.5495317366e+00 -8.9164348558e-01 1.1984250598e+00
133 126 110
6 25 4250 -423.9200 -201.8900 39 3793 -58.3600 -179.8100 75 3468 -367.7600 -370.7300 19 5195 -178.9800 46.9200 20 4206 -182.8000 -293.5800 33 6391 -302.5200 682.9500
-2.4936532249e+00 -7.1317819223e-01 1.1718856729e+00
80 72 49
4 25 6191 -689.5700 -182.6000 39 3779 -224.9100 -187.1300 75 3497 -643.6100 -349.0800 19 5221 -328.6100 56.3900
2.1387913164e-01 -2.7581131828e-01 1.5506929137e+00
143 139 119
2 25 6492 234.6801 46.8000 39 5672 185.2500 29.5800
5.7938623424e-01 1.0848859332e+00 1.7728031301e+00
49 49 42
4 25 10180 365.0601 425.4500 39 6094 192.9500 281.4700 75 5790 451.5800 264.2400 19 5722 223.5200 363.6000
5.9922539031e-01 1.1004634269e+00 1.7773407431e+00
125 127 119
5 25 7132 370.2000 429.8900 39 6098 197.0400 283.9400 75 5797 457.3000 269.0800 19 5729 226.6900 366.3200 20 7886 136.4600 27.6300
5.9922539031e-01 1.1004634269e+00 1.7773407431e+00
125 127 119
5 25 7133 370.2000 429.8900 39 6099 197.0400 283.9400 75 5798 457.3000 269.0800 19 5730 226.6900 366.3200 20 7887 136.4600 27.6300
1.0998892214e+00 2.7844476284e+00 2.1625021896e+00
111 111 110
4 25 7726 506.3300 767.8700 39 6349 189.8400 517.2700 75 6335 592.5601 605.2300 19 6047 288.2200 540.8800
7.9543094339e-01 -2.4510688074e+00 1.0403404490e+00
76 73 65
3 25 7851 499.0400 -833.6300 39 6495 623.5699 -487.4100 19 6761 363.1400 -272.9000
-6.9732676599e-02 -1.9532452940e+00 1.0856716206e+00
144 147 143
5 25 5591 57.3600 -570.5300 39 4965 328.7000 -370.0900 19 6904 108.9200 -139.5500 33 8631 56.8300 351.2000 55 17354 509.7100 678.3800
6.0702997637e-02 -1.8590257948e+00 1.1116249240e+00
56 49 41
4 25 5723 118.4301 -526.3101 39 5031 356.5500 -339.4300 75 4583 209.2400 -717.7100 19 7015 141.7100 -115.3700
1.1795210208e+00 -1.5964994854e+00 1.2448255041e+00
59 55 45
4 25 8371 667.1500 -374.6500 39 7090 618.2000 -209.6000 75 4776 798.6899 -562.7900 19 7224 438.9200 -34.9200
5.0700157321e-01 -1.0946924313e+00 1.2971262996e+00
148 134 117
4 25 6172 331.6100 -194.3800 39 5401 388.2600 -122.7100 75 3474 431.1801 -366.8500 19 7450 243.8900 55.3000
5.0700157321e-01 -1.0946924313e+00 1.2971262996e+00
148 134 117
4 25 6173 331.6100 -194.3800 39 5402 388.2600 -122.7100 75 3475 431.1801 -366.8500 19 7451 243.8900 55.3000
2.1387913164e-01 -2.7581131828e-01 1.5506929137e+00
143 139 119
2 25 6491 234.6801 46.8000 39 5671 185.2500 29.5800
3.0044340632e-01 1.1298465361e+00 1.7611851359e+00
166 175 177
4 25 10165 274.7700 415.6200 39 8069 140.9900 270.8300 75 8015 357.9700 254.2900 19 8223 173.4000 358.6800
-3.3074616852e+00 2.4592674082e+00 1.7498413992e+00
140 143 132
4 25 7172 -571.7100 446.4000 39 6047 -411.5300 252.8300 75 5817 -513.5400 284.2300 19 8265 -301.6100 372.5400
4.9889900291e-03 1.3844666197e+00 1.7904635795e+00
169 181 178
4 25 7174 186.7200 447.4700 39 6110 78.7300 288.3000 75 5822 265.9200 286.4100 19 8273 123.0100 375.1700
-4.1073159238e+00 3.1468472816e+00 1.8358606957e+00
168 171 165
4 25 7341 -673.2500 505.4500 39 4440 -498.8000 290.3900 75 5958 -615.3500 342.7200 19 8405 -361.3200 404.2100
-4.1073159238e+00 3.1468472816e+00 1.8358606957e+00
168 171 165
4 25 7342 -673.2500 505.4500 39 4441 -498.8000 290.3900 75 5959 -615.3500 342.7200 19 8406 -361.3200 404.2100
-1.7742368407e-01 1.7485572725e+00 1.8522789831e+00
176 176 163
4 25 10476 138.9000 504.3101 39 6189 37.7500 324.6800 75 5960 216.0400 344.4299 19 8414 94.7600 405.5701
9.6414461821e-01 2.3671405572e+00 2.0674740766e+00
130 140 142
5 25 7606 476.2900 690.2300 39 6328 177.8900 466.3101 75 6194 561.8500 527.3900 19 8577 271.5700 498.7900 20 8705 195.0400 169.8000
-7.8310104055e-01 -2.2657040758e+00 9.6864257340e-01
44 47 35
3 25 11469 -275.7700 -732.5000 39 8662 174.2000 -494.9301 19 9888 -71.0200 -226.0600
-1.1130036154e-01 -1.9683568241e+00 1.0791857174e+00
130 130 114
3 25 8015 36.6700 -580.3101 39 8960 319.0500 -377.5600 19 10025 97.8400 -144.9500
2.3012871799e-01 -1.6608943949e+00 1.1669155415e+00
152 151 139
5 25 12072 203.4900 -431.2900 39 9322 373.1400 -276.4200 75 6711 298.5000 -618.3101 19 10420 183.1700 -68.4600 33 33312 164.8500 468.7500
8.6638656599e-01 -1.7024427809e+00 1.2045875364e+00
63 54 47
4 25 12067 510.2100 -432.8500 39 9445 540.2500 -254.1000 75 9344 629.3700 -622.7600 19 10427 353.2100 -67.1200
9.9431589458e-01 4.4835860605e-02 1.5757480798e+00
175 191 194
4 25 9625 522.5601 202.4600 39 7841 374.7300 139.1800 75 7617 623.5699 41.0100 19 11611 327.1000 256.4100
-3.1994056700e+00 1.1728377557e+00 1.4702809047e+00
53 54 46
4 25 14102 -658.3000 231.0300 39 7737 -406.1000 97.9500 75 10649 -605.6000 68.2600 19 11632 -340.7900 259.3600
7.1811948983e-01 2.8102455618e-01 1.6225407603e+00
76 73 61
4 25 14154 417.4200 247.3301 39 10721 271.2200 166.5000 75 10692 509.8500 84.4800 19 11682 261.2100 271.3500
1.4303547656e+00 9.7472252378e-01 1.8092888071e+00
112 112 103
3 25 14976 664.2600 464.9700 39 11256 364.8900 319.0500 19 12245 389.1500 386.0100
-5.0019551295e+00 3.4259995072e+00 1.8247181974e+00
77 78 70
3 25 10453 -804.2800 498.5400 39 8089 -590.4500 279.4300 19 12370 -435.8400 400.0300
1.7194394936e+00 1.0832039641e+00 1.8504876387e+00
169 171 168
3 25 10512 765.5200 512.4000 39 8273 416.1200 353.0100 19 12455 443.8800 412.5100
-4.0530798232e+00 5.2559705055e+00 2.2856046134e+00
151 157 151
3 25 16336 -520.1400 750.3600 39 11679 -485.1800 475.9399 19 12868 -288.2300 530.6500
-3.7504307994e+00 5.3002930703e+00 2.3236854439e+00
68 67 72
3 25 11089 -469.5200 768.9800 39 8448 -451.1800 490.4600 19 12934 -260.0900 540.9900
-4.4327936182e+00 2.8036462479e+00 1.7277500757e+00
46 52 51
4 25 424 -760.4100 443.9399 39 271 -547.8700 241.4500 75 356 -707.1000 278.6700 20 416 -285.0000 28.6100
-2.4527188708e+00 -3.8321811921e-01 1.2386235391e+00
156 158 151
3 25 1329 -634.6000 -86.4200 39 1274 -234.2300 -119.6500 20 1346 -253.0700 -241.8200
-5.2847592101e+00 1.1501696238e+00 1.2945611575e+00
83 83 75
3 25 975 -1089.3800 132.6600 39 967 -689.8600 3.4300 20 1536 -405.8500 -116.0800
-2.7198176804e-01 1.3155029486e-01 1.6604964047e+00
104 97 78
2 25 965 83.6500 117.5500 39 1007 79.8500 67.0400
-4.8402186551e+00 1.0890697948e+00 1.3134203062e+00
149 159 152
4 25 979 -1013.4200 139.3300 39 979 -641.1000 14.6400 75 821 -969.8700 -26.1100 20 1560 -377.8800 -110.6600
2.0003133230e+00 -4.2329519834e-01 1.5677610088e+00
31 28 24
2 25 1420 997.3101 125.1800 39 1476 622.9301 118.8800
-5.1787638893e+00 1.2038236780e+00 1.3139265852e+00
87 88 76
3 25 1435 -1063.5900 147.3100 39 980 -676.5000 15.3300 20 1562 -397.2300 -109.5400
-5.6090369205e+00 1.3827563339e+00 1.3226029558e+00
87 82 68
3 25 1442 -1118.4800 162.6000 39 984 -715.4400 22.7300 20 1593 -415.9100 -104.0900
-4.2131346133e+00 1.2711480833e+00 1.4106352218e+00
167 173 168
4 25 2060 -867.8800 202.3101 39 2024 -545.0100 65.4400 75 1691 -819.8400 38.6300 20 2341 -326.3700 -87.1900
1.7732882603e+00 -1.2545051530e-01 1.6113957960e+00
167 170 163
4 25 3195 861.6300 204.0500 39 3003 538.2000 160.3700 75 1689 983.1000 39.1900 20 2365 309.3200 -79.8800
-2.7484635829e+00 -5.9298143762e-01 1.1840813134e+00
142 145 134
3 25 2878 -743.8100 -156.1500 39 2611 -263.3600 -174.1100 75 2352 -699.1600 -321.0000
-2.3451421817e+00 -3.7550046065e-01 1.2479859696e+00
143 160 164
3 25 1874 -604.7700 -79.9700 39 1875 -216.6900 -113.5400 20 3011 -241.8400 -238.5300
6.5372193560e-01 9.4972815707e-02 1.5942298391e+00
95 96 88
3 25 4708 390.8500 184.4600 39 4229 270.0900 124.5200 20 3351 132.6400 -90.1900
-4.5390033981e+00 1.7079075677e+00 1.4831194809e+00
92 92 90
4 25 3260 -885.4800 266.3900 39 2083 -574.5700 109.9000 75 2659 -837.4600 103.1200 20 3426 -331.9100 -58.0800
-4.0022656602e+00 1.5745787224e+00 1.4959662772e+00
68 69 64
4 25 3264 -792.7700 267.0100 39 2091 -510.3800 115.6200 75 2657 -742.1400 104.3100 20 3427 -298.8100 -57.4400
-4.2407664712e+00 3.3595566527e+00 1.8717996758e+00
63 64 49
4 25 3536 -682.2300 528.8400 39 3152 -509.2100 306.1500 75 2897 -623.8900 366.0300 20 3725 -255.1500 65.2700
1.3042740288e+00 1.2905254226e+00 1.8636077578e+00
90 91 84
4 25 3520 606.2600 523.1600 39 3189 321.8000 354.3700 75 2893 702.3500 363.8700 20 3751 229.2200 70.7300
-5.6562193245e+00 5.2608212285e+00 2.1352629434e+00
147 157 162
4 25 2342 -769.4600 678.9900 39 2262 -651.5700 416.9400 75 1971 -709.2800 511.3700 20 3908 -283.3500 154.3700
1.9886164345e+00 -8.3209611858e-01 1.4810452676e+00
171 176 179
2 25 4520 1033.8601 -17.8900 39 5673 676.0900 32.2600
-4.8249762504e+00 1.4808917330e+00 1.4081261854e+00
156 158 145
3 25 4759 -965.7100 214.1400 39 2882 -617.6900 67.9500 20 4932 -360.9600 -81.6500
-4.8300609959e+00 1.4831585026e+00 1.4087939100e+00
156 158 145
4 25 4760 -965.7100 214.1400 39 2883 -617.6900 67.9500 75 3861 -919.9200 50.7800 20 4933 -360.9600 -81.6500
-4.7399616224e+00 1.4717274416e+00 1.4140204703e+00
157 155 147
4 25 4766 -949.4900 216.0601 39 2887 -606.1900 70.4600 75 3869 -903.9900 52.4100 20 4935 -355.3200 -80.8400
1.6906533675e+00 1.0966413848e+00 1.8496288470e+00
171 173 166
3 25 5115 755.2300 514.7300 39 4516 410.2000 354.3200 20 5477 286.2700 68.2400
1.5648289347e+00 1.1552719846e+00 1.8548746874e+00
159 163 158
4 25 5118 704.8000 514.5701 39 4513 380.5800 352.2800 75 2882 806.4200 355.2200 20 5480 267.0900 67.7900
1.7413530636e+00 1.0822721784e+00 1.8501045711e+00
168 170 164
3 25 5120 775.1600 515.8101 39 4522 421.6400 355.6700 20 5488 294.1000 68.7700
1.8351319518e+00 1.0539120677e+00 1.8506390675e+00
164 169 163
3 25 5125 812.7500 517.1899 39 4528 443.0400 358.0900 20 5492 308.5300 69.6700
1.9879663230e+00 1.0154771088e+00 1.8528456515e+00
119 120 121
3 25 5140 874.6500 521.8500 39 6248 478.5400 362.5500 20 5503 332.3100 72.1500
-2.2158837525e+00 -4.6416405883e-01 1.2325473560e+00
154 159 154
3 25 4406 -578.1600 -101.3600 39 3869 -199.3200 -125.0600 20 6397 -232.3800 -245.5000
-4.9627654898e+00 8.5892527004e-01 1.2534361711e+00
153 160 154
3 25 9308 -1065.8199 87.7100 39 5570 -663.9300 -25.7500 20 6978 -397.1700 -133.7100
-1.8598498570e+00 3.5097391602e-01 1.3395032664e+00
47 47 39
2 25 6614 -417.9100 130.2100 39 4140 -215.5900 43.5500
-3.5276280852e+00 8.6031549575e-01 1.3736039833e+00
97 94 80
4 25 6649 -765.3100 151.4600 39 5688 -457.4100 37.1000 75 5394 -716.4500 -12.3800 20 7097 -289.9900 -110.1600
-3.8197641460e+00 3.1250302758e+00 1.8542865000e+00
140 139 129
4 25 7378 -622.4800 517.6500 39 6139 -466.3900 300.7900 75 5987 -563.8500 355.0200 20 8154 -233.5000 61.2200
2.0101634994e+00 9.9500899073e-01 1.8504856078e+00
171 179 171
3 25 5127 884.8500 518.5601 39 4531 484.3199 361.3000 20 8241 336.3300 70.7000
-7.8086509549e-01 -1.7346586062e+00 1.0750332734e+00
61 66 74
3 25 5807 -231.7200 -489.1600 39 5013 150.6000 -344.5600 75 4672 -164.9700 -673.5900
6.3306782236e-01 5.4759298134e-03 1.5747198375e+00
156 162 158
2 25 9477 385.9000 159.8000 39 7760 273.0900 108.5900
9.7493145622e-03 1.4182930760e+00 1.7993624494e+00
116 117 111
3 25 14884 188.0300 453.5100 39 11111 78.6700 292.3400 75 11256 267.5200 292.1600
-3.8441674939e+00 3.2084181119e+00 1.8763687394e+00
64 61 51
2 25 23384 -618.5200 524.0300 39 11188 -464.2800 305.6900
-3.8441674939e+00 3.2084181119e+00 1.8763687394e+00
64 61 51
2 25 23385 -618.5200 524.0300 39 11189 -464.2800 305.6900
3.0443299184e-01 -2.2614097126e+00 1.0499226351e+00
122 124 113
2 25 108 229.7900 -723.4200 39 103 452.9301 -447.4000
7.1932082613e-01 -2.2074533689e+00 1.0866869778e+00
170 186 202
2 25 109 445.1500 -692.9000 39 106 572.4100 -410.6700
7.6867409065e-01 -2.0281347017e+00 1.1279090697e+00
165 175 177
2 25 179 467.6600 -596.3400 39 182 561.9200 -353.1300
-2.5091605255e+00 -9.3933059661e-01 1.1215714906e+00
47 38 29
2 25 205 -717.0000 -251.7900 39 205 -226.3900 -233.1100
-8.2643703490e-01 -1.0715139202e+00 1.2078270121e+00
119 116 106
3 25 209 -194.0800 -237.3700 39 222 91.1700 -185.4900 75 176 -125.4900 -408.6801
7.0868882911e-01 -1.2127083259e+00 1.2890226975e+00
136 139 130
3 25 218 423.1000 -229.5200 39 231 448.1899 -139.1400 75 92 530.3400 -406.0100
-2.3618545252e+00 -8.4892232035e-01 1.1536819967e+00
111 113 108
2 25 222 -664.7900 -217.2500 39 213 -199.3300 -208.8300
-2.3618545252e+00 -8.4892232035e-01 1.1536819967e+00
111 113 108
2 25 223 -664.7900 -217.2500 39 214 -199.3300 -208.8300
4.5706231057e-01 -1.2766137338e+00 1.2613432527e+00
45 41 30
3 25 345 309.7800 -264.9000 39 562 388.4500 -166.6500 75 282 409.8000 -441.1899
7.6587580548e-01 -2.3357942665e+00 1.0617097739e+00
71 72 64
2 25 447 474.3300 -764.9600 39 460 604.3800 -451.0000
-4.8361808081e+00 1.6722376876e+00 1.4491924852e+00
168 179 174
3 25 624 -946.4000 248.1300 39 400 -614.2500 92.9000 75 546 -898.8300 84.9400
2.1853856159e+00 6.8950217005e-01 1.8011062205e+00
136 139 132
2 25 660 979.7200 459.6600 39 691 548.8300 328.0300
8.3485547936e-01 -2.3750343357e+00 1.0581973816e+00
88 85 71
2 25 696 514.5900 -788.1100 39 1171 629.5699 -458.9500
8.6788478020e-01 -2.3578024542e+00 1.0632762409e+00
162 164 178
2 25 697 532.5601 -778.1801 39 1173 639.1100 -452.0400
9.5040077864e-01 -2.4156484135e+00 1.0552055491e+00
160 166 177
2 25 1116 583.1600 -812.6700 39 1680 673.2200 -467.5800
5.2326482168e-01 -2.4125089567e+00 1.0331056373e+00
143 145 144
2 25 1118 343.8500 -808.2200 39 1669 532.7500 -485.3600
4.8343816242e-01 -2.1779152684e+00 1.0774340554e+00
82 77 64
2 25 1138 319.5400 -678.5300 39 1183 500.4700 -412.4900
-7.1722744005e-01 -2.1460232901e+00 9.9736629651e-01
164 168 169
2 25 1139 -238.0500 -673.3199 39 1172 186.4900 -456.7200
4.4841290962e-01 -2.1263311171e+00 1.0855630043e+00
168 179 181
2 25 1140 301.4000 -651.6300 39 1703 485.0699 -398.3700
-1.2180549309e-01 -1.9140472900e+00 1.0887358902e+00
144 146 143
2 25 1162 34.5200 -554.9700 39 1714 313.1801 -362.8800
-1.2180549309e-01 -1.9140472900e+00 1.0887358902e+00
144 146 143
2 25 1163 34.5200 -554.9700 39 1715 313.1801 -362.8800
1.1361826027e+00 -1.3810668276e+00 1.2884859826e+00
57 59 46
3 25 1247 633.4800 -280.9500 39 1832 572.8101 -154.2800 75 1009 759.2700 -461.2600
-2.5552105635e+00 -9.5132953821e-01 1.1107205356e+00
46 42 31
3 25 1250 -735.5600 -257.2200 39 1229 -237.4400 -238.8100 75 1015 -692.7100 -427.6000
-2.3121928075e+00 -4.6709613590e-01 1.2272013536e+00
138 140 135
3 25 1306 -605.5400 -108.1700 39 1266 -213.8000 -131.2400 75 1045 -556.1500 -273.4200
1.8897673409e+00 -7.3199397876e-01 1.4973360042e+00
81 82 71
2 25 1371 972.5500 11.8700 39 1428 634.4500 47.4100
1.8509920220e+00 -6.9928459109e-01 1.5018044589e+00
80 80 68
2 25 1374 949.8201 21.0000 39 1431 620.3101 51.7500
1.4271554786e-01 -4.9184372885e-02 1.5865012863e+00
151 145 133
2 25 1407 211.7300 104.6500 39 1441 163.3100 65.8900
1.4271554786e-01 -4.9184372885e-02 1.5865012863e+00
151 145 133
2 25 1408 211.7300 104.6500 39 1442 163.3100 65.8900
-4.8565338428e+00 9.9979103429e-01 1.2910876171e+00
34 32 19
3 25 1419 -1028.0000 123.2800 39 1378 -647.6000 2.4400 75 1123 -984.7300 -41.8100
-4.5673161625e+00 1.0545356468e+00 1.3269650986e+00
156 158 155
3 25 1433 -964.0200 146.3800 39 1400 -607.0600 21.8000 75 1134 -919.8400 -18.4900
3.7469554571e-01 2.0077330287e-01 1.6026561746e+00
160 171 164
2 25 1458 292.0300 193.7100 39 1479 207.7700 125.7400
-3.3053176834e+00 1.1267885931e+00 1.4487281756e+00
157 158 151
3 25 1469 -687.8500 216.6799 39 1458 -424.4100 87.0300 75 1161 -635.3600 53.2300
-1.0326241425e-01 5.0382280779e-01 1.6416580342e+00
163 168 156
2 25 1477 137.0000 235.8401 39 1490 103.6800 145.0700
-2.1072632952e-01 5.5186407567e-01 1.6476465720e+00
168 172 161
2 25 1479 104.6801 239.5100 39 1491 82.7700 145.8700
-5.9681893241e+00 3.5565118225e+00 1.7662218770e+00
153 162 163
3 25 1551 -953.1500 474.8000 39 1072 -690.2200 254.1000 75 1244 -899.3400 310.8400
8.8994836634e-01 -2.4037542820e+00 1.0542533357e+00
90 91 78
2 25 1684 547.1899 -805.3900 39 2383 652.9399 -466.7800
-6.7680901364e-01 -2.1638803308e+00 9.9658465535e-01
83 77 62
2 25 1705 -221.8700 -681.5400 39 1684 196.4400 -461.0500
-2.3679183101e+00 -3.9869364842e-01 1.2393250415e+00
61 63 51
3 25 1865 -614.4300 -90.8900 39 1870 -222.2600 -120.8400 75 1055 -563.8700 -255.8400
4.2125770266e-01 -2.9930883033e-01 1.5349753221e+00
156 155 150
2 25 1945 308.9200 54.7100 39 1417 233.3700 39.4400
-2.3027579769e+00 1.5732290605e-01 1.3638473086e+00
171 173 172
3 25 1946 -537.9600 54.4100 39 1943 -223.7600 -19.1200 75 1590 -483.5700 -107.4200
-4.4368152004e+00 7.4840608675e-01 1.2698491188e+00
138 145 140
3 25 1968 -974.1700 89.8900 39 1944 -598.2300 -17.1400 75 1607 -931.6000 -75.8300
-1.4814652783e-03 4.0503549400e-02 1.6082413450e+00
142 138 126
2 25 1982 164.9500 117.6000 39 1448 132.1500 71.8300
-1.5428173516e-01 1.2742520352e-01 1.6357530529e+00
147 143 130
2 25 1991 118.2000 127.7500 39 2039 100.9600 75.6000
8.7097118865e-02 1.1415835345e-01 1.6023608767e+00
143 143 133
2 25 2008 193.9301 146.0800 39 2059 149.4600 91.2500
1.3381767262e-02 1.6505364009e-01 1.6142028686e+00
146 143 131
2 25 2015 170.6200 153.5400 39 2062 132.9300 94.4900
-1.2670467879e-01 2.4094201930e-01 1.6312365061e+00
148 143 129
2 25 2022 127.1500 162.0300 39 2069 104.6100 97.9500
-4.3028029916e+00 1.0790547676e+00 1.3547485592e+00
68 66 53
3 25 2026 -907.0400 163.1699 39 993 -569.2700 35.8000 75 1141 -862.2700 -2.1400
2.9977672294e-01 2.5690336903e-01 1.6086690091e+00
177 182 180
2 25 2062 266.0900 203.4700 39 2111 190.9000 130.5400
-4.3600339303e+00 1.3323852302e+00 1.4127884248e+00
164 165 161
3 25 2068 -890.5900 208.3800 39 2028 -562.3300 68.1200 75 1699 -843.6000 44.9500
2.0886676781e-01 3.6785464112e-01 1.6244987653e+00
98 99 91
2 25 2087 236.1500 225.4700 39 2124 167.9700 143.2700
1.2353238931e-01 4.2268253793e-01 1.6328770649e+00
107 106 95
2 25 2096 208.6000 232.7000 39 2128 148.6600 146.4100
3.6165790543e-02 4.6944714590e-01 1.6372830945e+00
104 104 94
2 25 2097 180.6500 238.1599 39 2129 130.7700 148.6800
-2.9228620991e-01 5.8950505238e-01 1.6521931101e+00
171 175 171
2 25 2102 80.6899 242.7300 39 1492 67.3800 146.4200
9.6592929604e-01 6.9604054875e-01 1.7059671854e+00
79 73 66
2 25 2146 497.3700 373.2800 39 2175 313.0800 248.2500
2.1357946482e+00 7.2506048570e-01 1.8055044110e+00
138 139 132
2 25 2184 956.0200 464.5400 39 2224 534.1100 329.2100
-5.7127757881e+00 3.6567212302e+00 1.8100705502e+00
154 158 157
3 25 2215 -904.1700 498.0100 39 2197 -662.1000 274.1500 75 1859 -849.6000 334.5500
8.1068439827e-01 -2.4257476434e+00 1.0466260300e+00
67 61 50
2 25 2432 503.5900 -817.4500 39 2377 625.5800 -477.6600
3.7827084656e-01 -2.3685219274e+00 1.0328953028e+00
71 68 50
