# Bundle file v0.3
90 13730
0 0 0
0 0 0
0 0 0
0 0 0
0 0 0
0 0 0
0 0 0
0 0 0
0 0 0
0 0 0
2.0278214875e+03 4.0661472566e-02 6.2642547054e-02
8.5074471196e-01 2.3644566489e-01 -4.6938990470e-01
3.8082982221e-02 8.6301096015e-01 5.0374772370e-01
5.2419759781e-01 -4.4643647949e-01 7.2519745465e-01
1.2975997174e+00 -2.1892077259e+00 -1.3044523510e+01
0 0 0
0 0 0
0 0 0
0 0 0
0 0 0
1.9299763070e+03 -2.0477186135e-02 4.4996393713e-02
8.5942354408e-01 2.1377181487e-01 -4.6442737112e-01
-1.5399576318e-02 9.1880154288e-01 3.9441929193e-01
5.1103231300e-01 -3.3182124098e-01 7.9293167367e-01
1.0955324178e+00 -4.1999868883e-01 -1.3238273608e+01
2.1540805637e+03 2.9002880195e-02 -2.8254193270e-03
8.3795567401e-01 2.1902403932e-01 -4.9985873865e-01
1.4897549436e-02 9.0640953960e-01 4.2213719279e-01
5.4553492228e-01 -3.6117892618e-01 7.5626809523e-01
9.3644045118e-01 -1.0548815845e+00 -1.3823699941e+01
0 0 0
0 0 0
0 0 0
0 0 0
0 0 0
1.8862960564e+03 -1.1022226086e-02 2.3477330210e-02
8.6497198661e-01 2.0523346159e-01 -4.5793306129e-01
-4.5911849533e-02 9.4108215847e-01 3.3504697147e-01
4.9971548350e-01 -2.6878169071e-01 8.2343235198e-01
9.5448236577e-01 5.1519992675e-01 -1.3245750469e+01
0 0 0
0 0 0
0 0 0
0 0 0
0 0 0
0 0 0
0 0 0
0 0 0
0 0 0
0 0 0
2.1465935035e+03 -6.0734813910e-02 9.2259825320e-03
8.3841664463e-01 2.1910754289e-01 -4.9904850932e-01
-3.8142296418e-01 8.8993139624e-01 -2.5007725283e-01
3.8932512429e-01 4.0001749291e-01 8.2970594367e-01
5.0410383129e-01 8.7546478551e+00 -1.0021547157e+01
1.2323302154e+03 -4.0456683409e-02 -1.9837423976e-01
7.4773504571e-01 1.8968858180e-01 -6.3632581541e-01
-1.3059163768e-01 9.8162056460e-01 1.3916497877e-01
6.5102851365e-01 -2.0959701433e-02 7.5876384029e-01
1.0182481213e+00 4.0307891641e+00 -6.5362548765e+00
0 0 0
0 0 0
0 0 0
0 0 0
0 0 0
0 0 0
0 0 0
0 0 0
0 0 0
0 0 0
0 0 0
0 0 0
0 0 0
0 0 0
0 0 0
0 0 0
0 0 0
0 0 0
0 0 0
0 0 0
1.9562664438e+03 1.6830066580e-01 3.1133209138e-01
8.4629351013e-01 2.1668187283e-01 -4.8665825864e-01
-1.1478679210e-01 9.6625305644e-01 2.3060577459e-01
5.2020312097e-01 -1.3929823007e-01 8.4260590790e-01
8.7051786421e-01 2.0759321123e+00 -1.2720140228e+01
0 0 0
0 0 0
0 0 0
0 0 0
0 0 0
0 0 0
0 0 0
0 0 0
0 0 0
0 0 0
8.1371740863e+02 8.7690422059e-02 -1.3097879847e-01
9.7933727453e-01 1.1362294886e-01 -1.6729712554e-01
3.7340919321e-02 7.1142649393e-01 7.0176776749e-01
1.9875653062e-01 -6.9351436123e-01 6.9248369822e-01
8.9259201840e-01 7.5155029643e-02 -5.3093673075e+00
9.9288826204e+02 3.8710365309e-02 -3.5846315549e-01
8.7347645326e-01 2.5145698919e-01 -4.1690318802e-01
1.8393100144e-01 6.2240973304e-01 7.6077296938e-01
4.5078628230e-01 -7.4119869590e-01 4.9740951025e-01
8.5628027624e-01 -1.9661848700e+00 -7.2342964455e+00
0 0 0
0 0 0
0 0 0
0 0 0
0 0 0
0 0 0
0 0 0
0 0 0
0 0 0
0 0 0
2.3859825187e+03 -5.3345267365e-02 9.5185117028e-02
8.7132242905e-01 2.1177923988e-01 -4.4265876044e-01
-1.9967176634e-01 9.7703365778e-01 7.4407105131e-02
4.4825038802e-01 2.3553877000e-02 8.9359767486e-01
5.2216130218e-01 4.6101102748e+00 -8.5142386552e+00
0 0 0
0 0 0
0 0 0
0 0 0
0 0 0
-1.8321676746e+03 6.0816665065e-02 -1.3142327305e-01
9.0876171229e-01 3.4315554114e-02 4.1590214356e-01
1.6865135956e-01 8.8140242928e-01 -4.4123290513e-01
-3.8171831131e-01 4.7111803234e-01 7.9519741600e-01
-2.0286059497e-01 1.0146958662e+00 3.8811226925e+00
0 0 0
0 0 0
0 0 0
0 0 0
0 0 0
0 0 0
0 0 0
0 0 0
0 0 0
0 0 0
0 0 0
0 0 0
0 0 0
0 0 0
0 0 0
0 0 0
0 0 0
0 0 0
0 0 0
0 0 0
1.8558285501e+03 -2.8574242826e-02 1.0940909485e-01
7.7995141113e-01 2.0428850124e-01 -5.9155896117e-01
-1.1421327989e-01 9.7581269755e-01 1.8639985512e-01
6.1533009269e-01 -7.7818940836e-02 7.8441895023e-01
9.3785221285e-01 2.9667540290e+00 -9.7171029601e+00
0 0 0
0 0 0
0 0 0
0 0 0
0 0 0
0 0 0
0 0 0
0 0 0
0 0 0
0 0 0
2.5662554792e+03 1.3477047719e-01 -5.1068928614e-01
8.6349793566e-01 2.1649736183e-01 -4.5552190664e-01
-6.2221052146e-02 9.4201050509e-01 3.2976468726e-01
5.0049960617e-01 -2.5640807440e-01 8.2689482016e-01
1.1414818550e+00 2.4481089894e+00 -8.4056862248e+00
0 0 0
0 0 0
0 0 0
0 0 0
0 0 0
1.1122613992e+03 -8.2124901941e-02 3.7820779066e-01
8.4961593923e-01 1.7210188638e-01 -4.9853154013e-01
1.1685913938e-01 8.6033226971e-01 4.9615756292e-01
5.1429242397e-01 -4.7980134056e-01 7.1084033105e-01
1.3568862995e+00 -2.5741603789e+00 -1.2968057128e+01
0 0 0
0 0 0
0 0 0
0 0 0
0 0 0
2.1012444782e+03 5.9606964939e-02 -2.3343064907e-01
8.2358306255e-01 2.0938554706e-01 -5.2713246130e-01
-5.8163647435e-02 9.5564417103e-01 2.8872341174e-01
5.6420557352e-01 -2.0712776504e-01 7.9923098023e-01
1.0461124770e+00 8.8267920960e-01 -1.3915478001e+01
0 0 0
0 0 0
0 0 0
0 0 0
0 0 0
-6.8361487949e+01 1.5262668273e-04 -2.5189591471e-06
9.5828988541e-01 -2.8310224383e-01 3.9161397617e-02
2.7152003092e-01 9.4459657569e-01 1.8442934147e-01
-8.9204082486e-02 -1.6610366861e-01 9.8206527428e-01
8.4553752513e-01 1.1440214840e-01 -1.1105024058e+00
0 0 0
0 0 0
0 0 0
0 0 0
0 0 0
0 0 0
0 0 0
0 0 0
0 0 0
0 0 0
0 0 0
0 0 0
0 0 0
0 0 0
0 0 0
0 0 0
0 0 0
0 0 0
0 0 0
0 0 0
0 0 0
0 0 0
0 0 0
0 0 0
0 0 0
0 0 0
0 0 0
0 0 0
0 0 0
0 0 0
0 0 0
0 0 0
0 0 0
0 0 0
0 0 0
0 0 0
0 0 0
0 0 0
0 0 0
0 0 0
1.6817696719e+03 -6.9623971017e-02 -2.8018784851e-01
4.3397017035e-02 8.8072227805e-01 4.7164071904e-01
-8.5965098615e-01 -2.0761627366e-01 4.6679295723e-01
5.0903524526e-01 -4.2570383115e-01 7.4810384789e-01
-1.7861138039e+00 -1.0945393463e+00 -1.3123269262e+01
0 0 0
0 0 0
0 0 0
0 0 0
0 0 0
0 0 0
0 0 0
0 0 0
0 0 0
0 0 0
0 0 0
0 0 0
0 0 0
0 0 0
0 0 0
0 0 0
0 0 0
0 0 0
0 0 0
0 0 0
0 0 0
0 0 0
0 0 0
0 0 0
0 0 0
0 0 0
0 0 0
0 0 0
0 0 0
0 0 0
0 0 0
0 0 0
0 0 0
0 0 0
0 0 0
1.1444899240e+03 -4.7441321311e-03 2.9060497195e-01
8.3942678831e-01 2.2270028333e-01 -4.9574918142e-01
3.3392504952e-02 8.8932945881e-01 4.5604610984e-01
5.4244594909e-01 -3.9937162830e-01 7.3909045104e-01
1.5996857957e+00 -1.5174595158e+00 -1.3106282529e+01
2.4466458498e+03 -3.5197268685e-02 -6.6342924333e-02
8.2918745302e-01 2.1241171801e-01 -5.1703909891e-01
-5.7961047774e-02 9.5267118838e-01 2.9842607757e-01
5.5595744863e-01 -2.1748303127e-01 8.0225460200e-01
5.4296858297e-01 8.7597999214e-02 -1.5875590950e+01
0 0 0
0 0 0
0 0 0
0 0 0
0 0 0
0 0 0
0 0 0
0 0 0
0 0 0
0 0 0
8.2168592258e+02 -8.0600683176e-02 -4.0504098238e-02
8.1408976675e-01 2.0127891904e-01 -5.4474273599e-01
4.2943539532e-02 9.1458385617e-01 4.0210971445e-01
5.7914912076e-01 -3.5074658486e-01 7.3590972893e-01
1.5535547669e+00 -2.3459378835e+00 -1.7620579092e+01
0 0 0
0 0 0
0 0 0
0 0 0
0 0 0
0 0 0
0 0 0
0 0 0
0 0 0
0 0 0
0 0 0
0 0 0
0 0 0
0 0 0
0 0 0
0 0 0
0 0 0
0 0 0
0 0 0
0 0 0
0 0 0
0 0 0
0 0 0
0 0 0
0 0 0
0 0 0
0 0 0
0 0 0
0 0 0
0 0 0
2.1735368019e+03 -2.0381380402e-01 4.6055764540e-01
8.0846806153e-01 2.1434030794e-01 -5.4812190787e-01
1.8257093935e-01 7.9404380098e-01 5.7979504502e-01
5.5950625162e-01 -5.6881690772e-01 6.0282674119e-01
6.7485202304e-01 -3.9269251727e+00 -1.0909541685e+01
0 0 0
0 0 0
0 0 0
0 0 0
0 0 0
0 0 0
0 0 0
0 0 0
0 0 0
0 0 0
1.8810586433e+03 -7.3281717730e-02 6.8621705571e-02
8.1282586379e-01 1.8880727983e-01 -5.5105891358e-01
-7.5983673195e-02 9.7229650717e-01 2.2105651666e-01
5.7752973652e-01 -1.3780897370e-01 8.0465401895e-01
4.0912903195e-01 9.7611336270e-01 -1.5642198346e+01
0 0 0
0 0 0
0 0 0
0 0 0
0 0 0
0 0 0
0 0 0
0 0 0
0 0 0
0 0 0
0 0 0
0 0 0
0 0 0
0 0 0
0 0 0
0 0 0
0 0 0
0 0 0
0 0 0
0 0 0
1.9638713906e+03 1.2338533368e-01 -3.0006933338e-01
9.5268723353e-01 1.9459841703e-01 -2.3349195094e-01
9.2472146701e-02 5.4621013086e-01 8.3252831485e-01
2.8954436128e-01 -8.1473059905e-01 5.0237248513e-01
9.8015730598e-01 -1.3347278021e+00 -6.0218638014e+00
0 0 0
0 0 0
0 0 0
0 0 0
0 0 0
0 0 0
0 0 0
0 0 0
0 0 0
0 0 0
0 0 0
0 0 0
0 0 0
0 0 0
0 0 0
0 0 0
0 0 0
0 0 0
0 0 0
0 0 0
1.7611151168e+03 -1.0166766097e-01 -7.5305002284e-02
8.1308120216e-01 2.4553386045e-01 -5.2783717382e-01
-6.5527441736e-03 9.1050524497e-01 4.1344559548e-01
5.8211340840e-01 -3.3270605983e-01 7.4192361973e-01
2.5902968308e+00 -2.4100072821e+00 -1.8368046276e+01
0 0 0
0 0 0
0 0 0
0 0 0
0 0 0
1.8409952658e+03 -1.7598013283e-01 1.8631675539e-01
7.5741677537e-01 2.2861891853e-01 -6.1159890327e-01
-2.6112723933e-02 9.4655347336e-01 3.2148817665e-01
6.5240934545e-01 -2.2753002476e-01 7.2290534221e-01
2.2428886879e+00 -1.2608203385e+00 -1.8670777889e+01
0 0 0
0 0 0
0 0 0
0 0 0
0 0 0
5.7886429043e+02 -1.6530516264e-01 4.8615639376e-02
8.9309273351e-01 1.3585153391e-01 -4.2887029519e-01
4.2292538202e-02 9.2373901370e-01 3.8068041160e-01
4.4788024133e-01 -3.5812092273e-01 8.1923909461e-01
-2.4401778357e+00 -2.2945015481e+00 -1.7469160300e+01
1.0228958656e+03 -9.3438910445e-02 -6.2131924689e-02
8.4177935792e-01 2.1514723723e-01 -4.9509512105e-01
1.5059126878e-02 9.0742955855e-01 4.1993430316e-01
5.3961165228e-01 -3.6094772833e-01 7.6061554161e-01
6.7609825378e-01 -2.3769806043e+00 -1.7207480504e+01
0 0 0
0 0 0
0 0 0
0 0 0
0 0 0
5.9646968897e+02 -9.1750239375e-02 9.1225869809e-02
8.2403432623e-01 2.0290121178e-01 -5.2895985429e-01
-3.7429420776e-02 9.5112524891e-01 3.0652862729e-01
5.6530210300e-01 -2.3279144990e-01 7.9135432848e-01
9.8497272540e-01 -4.9453423218e-01 -1.8089297875e+01
0 0 0
0 0 0
0 0 0
0 0 0
0 0 0
1.6688668027e+03 -1.4491958896e-01 -2.6284360482e-02
8.5613736190e-01 2.1912847978e-01 -4.6798667385e-01
-1.0893617557e-02 9.1308972007e-01 4.0761316491e-01
5.1663347418e-01 -3.4387479183e-01 7.8411732597e-01
1.1897150194e-01 -2.3347279070e+00 -1.8176693475e+01
1.3509965344e+00 1.2618159491e+00 1.8612595651e+00
99 99 89
4 25 3516 623.6600 520.8000 39 3187 332.3600 353.2200 75 2887 720.7600 361.2400 20 3746 235.7400 70.1200
5.1180720287e-01 -6.6120369739e-01 1.4675050411e+00
121 120 107
2 25 1894 344.7100 -48.8100 39 1940 272.6801 -24.6700
1.9276175444e+00 -1.1888914080e-01 1.6220012828e+00
169 174 167
3 25 2078 932.9199 214.9299 39 2136 576.5900 170.3900 20 2381 336.7100 -74.8600
4.4293816026e-02 -1.9774792161e+00 1.0883253254e+00
168 173 175
15 25 2509 108.1200 -581.2300 39 2448 360.3000 -372.6100 19 2225 138.9200 -145.0700 33 4261 91.6000 341.8800 7 9070 16.0800 -155.6500 16 17222 -11.7500 68.3400 30 7509 -13.6300 263.1900 2 5120 68.6300 -595.6500 10 11494 -93.2800 1415.8101 23 2379 -106.3600 860.5000 37 21490 12.4200 -113.6801 48 5868 -439.6700 -33.3800 57 15091 -70.7300 -244.2400 4 10938 35.2700 -297.3000 70 13515 -69.6400 -88.1899
2.0963967641e+00 -2.0479331435e-01 1.6154469815e+00
169 172 165
3 25 2059 1020.0100 200.8301 39 2134 626.4700 165.9200 20 2359 368.5700 -81.1500
-1.5336042402e+00 5.1767845710e-01 1.3845240202e+00
94 91 82
2 25 3178 -313.2800 195.0400 39 2912 -166.9800 93.5200
1.7477087998e-01 -2.0524608480e+00 1.0826071357e+00
76 68 45
6 25 2502 166.1100 -614.6000 39 1706 400.0800 -387.6900 33 4258 129.8700 316.9000 11 3194 21.1400 466.7800 30 16217 8.3600 248.9900 10 48904 -71.2600 1398.2700
1.6389082050e+00 -2.0461707356e-01 1.5874359429e+00
107 98 81
4 25 3143 806.7300 170.7700 39 2967 513.8900 136.8800 75 2550 925.9800 4.7400 20 3334 287.1100 -95.0400
-8.2515910836e-02 -2.0107227362e+00 1.0736168761e+00
82 76 56
4 25 115 48.2600 -598.9000 39 107 327.4301 -388.1700 19 86 105.6500 -156.2700 33 348 54.0200 332.8500
3.0944082628e-01 -2.0357596261e+00 1.0945398151e+00
154 155 155
3 25 114 231.2100 -607.2400 39 108 437.7300 -376.9400 19 142 209.7600 -158.1600
6.0618568739e-01 -1.4008353356e+00 1.2482558844e+00
159 160 152
4 25 328 377.7700 -309.3400 39 548 436.3199 -188.9400 75 271 484.1600 -489.5601 19 405 272.8800 -3.6700
-3.9337274916e-02 -2.1107633821e+00 1.0586905733e+00
138 140 135
3 25 450 66.9500 -646.5900 39 742 342.1300 -414.5400 19 593 116.3800 -182.5500
3.7944122399e-01 -1.3468721042e+00 1.2431898383e+00
135 135 130
4 25 790 274.4700 -295.5800 39 829 375.0400 -186.4000 75 447 372.0601 -473.9399 19 652 217.1800 2.1000
6.3249262815e-01 4.8699281729e-01 1.6569776761e+00
141 148 140
3 25 1003 385.9700 291.1400 39 1049 244.4600 193.2000 19 740 240.7400 294.8800
7.8468219720e-02 -2.0208922561e+00 1.0822827528e+00
76 68 47
3 25 1146 122.3700 -602.6600 39 1192 372.2500 -383.8400 19 919 146.3600 -156.2300
-1.9483346792e-01 -1.9174853781e+00 1.0833885720e+00
148 151 149
5 25 1160 1.5300 -556.4301 39 1200 295.3199 -366.0400 19 926 77.4600 -132.3400 30 3617 -54.2700 271.2900 35 2372 30.9100 -359.6300
2.0695935749e-02 -1.9109344618e+00 1.1001275762e+00
141 142 132
4 25 708 99.5900 -548.1500 39 1202 349.5200 -353.2000 19 927 131.9300 -128.0500 33 2056 86.2500 366.1300
1.2941354666e+00 -8.6502175278e-01 1.4011486745e+00
150 153 153
3 25 1339 685.4301 -68.1000 39 1350 555.3300 -23.2500 19 1053 436.0800 122.3200
1.5332822349e+00 2.1155512492e+00 2.0575566639e+00
135 141 140
5 25 1091 658.2400 691.9000 39 1130 290.5200 471.3700 75 932 751.8101 530.1799 19 1196 372.5000 500.9299 20 1084 266.4600 171.9700
4.7522104402e-01 -2.4357363869e+00 1.0258869472e+00
45 43 31
3 25 1682 321.1700 -820.9700 39 1665 517.6500 -496.3101 19 1432 263.4200 -269.6100
3.3053365048e-01 -2.1090389873e+00 1.0812316427e+00
65 59 44
3 25 1142 242.3400 -644.2500 39 1704 450.2400 -398.6700 19 1456 215.2100 -176.3600
9.1773396921e-03 -1.9979791302e+00 1.0825802882e+00
83 75 59
3 25 1147 91.2600 -592.5000 39 1707 351.3400 -379.7700 19 1461 127.7500 -151.2200
-2.4310940404e+00 1.6790871703e+00 1.6743545625e+00
93 95 88
4 25 1509 -443.2000 361.7500 39 1517 -271.3200 196.3400 75 1204 -382.6900 201.9100 19 1740 -220.6000 333.9600
1.7022734730e-01 -2.0269022556e+00 1.0875560773e+00
159 165 161
4 25 2506 166.0800 -602.0800 39 2437 397.9500 -380.0400 19 2217 171.2100 -154.4700 33 4259 129.9900 325.5801
-8.6564723582e-02 -1.9648240111e+00 1.0819235294e+00
73 62 44
3 25 2512 48.4200 -577.9800 39 2443 324.4200 -375.4000 19 2226 103.7900 -144.3300
-4.1628130553e+00 1.0134582968e+00 1.3530688245e+00
72 68 50
5 25 2018 -884.5400 154.7400 39 1410 -549.7300 32.3800 75 1138 -838.2100 -9.7000 19 2476 -466.9200 216.3300 20 3314 -331.4700 -105.4600
-3.9935543945e+00 1.1639332403e+00 1.4061626034e+00
161 162 153
5 25 2050 -832.5800 192.2900 39 2019 -515.4200 60.6200 75 1682 -784.7600 28.9100 19 2512 -438.2600 237.3700 20 2335 -313.7200 -91.7000
1.5794307856e+00 1.9697146337e+00 2.0299880531e+00
165 182 189
4 25 3655 679.9700 670.8500 39 3250 306.1600 459.6700 75 2997 775.1100 509.1000 19 2780 385.6600 489.0900
9.9221230599e-02 -2.2222110609e+00 1.0444258536e+00
131 132 125
3 25 2477 128.8500 -703.6400 39 3385 391.8300 -443.1700 19 3233 152.7400 -209.0200
4.1600171913e-01 -2.1392764015e+00 1.0806108634e+00
68 64 50
3 25 2491 285.1500 -659.4100 39 3439 477.7200 -404.2100 19 3240 239.9500 -183.3000
-1.2270436488e-02 -1.8882241603e+00 1.1017908348e+00
145 148 139
4 25 2548 84.4600 -540.9200 39 3544 338.8600 -350.0300 75 2081 172.4500 -732.9000 19 3278 123.6600 -123.8400
5.9467450090e-01 -1.5687884302e-01 1.5142220176e+00
139 138 127
4 25 3099 372.2800 125.5900 39 2888 297.1300 71.3600 75 2518 464.6300 -40.7300 19 3654 238.5600 207.2600
-4.1613175002e+00 1.1915729943e+00 1.3979080977e+00
88 82 71
5 25 3163 -864.7600 189.6799 39 2869 -538.6800 57.8500 75 2574 -817.1100 26.4200 19 3696 -456.4700 235.9900 20 4874 -324.6900 -92.1700
-4.5420169869e-01 5.4453162220e-01 1.6547961457e+00
71 67 51
2 25 4768 32.2700 217.4700 39 4243 41.6900 128.3400
6.1343055877e-01 1.1403526335e+00 1.7856031515e+00
56 56 48
5 25 5015 374.6700 439.8300 39 4438 198.8200 290.5400 75 4098 461.5800 278.9000 19 3873 228.9100 372.1000 20 5256 137.9700 30.9400
-4.0318862066e+00 2.9375790921e+00 1.7945677641e+00
168 173 169
4 25 3469 -675.2700 480.5200 39 3135 -495.0000 272.4500 75 2831 -618.0600 317.9500 19 3896 -362.3700 390.7700
2.3768448939e-01 -2.0869949478e+00 1.0796321375e+00
119 120 108
3 25 5557 197.0000 -633.7400 39 4919 421.6600 -396.4500 19 4779 189.5400 -171.4000
-1.4174772407e+00 -1.8731633054e+00 1.0008804807e+00
150 156 151
3 25 3883 -484.4900 -560.8600 39 3436 8.9400 -409.8600 19 4805 -195.5400 -139.2300
-1.9588588555e+00 -1.8025979848e+00 9.7310705503e-01
53 50 39
4 25 5648 -666.7800 -541.5800 39 3433 -108.4900 -413.8000 75 3146 -626.6500 -727.4900 19 4844 -298.5100 -130.2600
-1.6498380419e+00 -1.8118062136e+00 9.9514806238e-01
72 68 56
4 25 5657 -561.8200 -539.4200 39 4900 -43.7700 -403.4800 75 3154 -515.2500 -725.9301 19 4853 -240.0500 -128.7000
-4.6117144630e-01 -1.8702844303e+00 1.0730767547e+00
143 149 141
4 25 3930 -110.5800 -540.9301 39 3513 227.7100 -365.5700 75 3138 -36.7200 -731.3199 19 4864 14.0600 -125.4900
-3.0131046355e+00 -8.5625287235e-01 1.0977597245e+00
60 59 48
4 25 4211 -851.8400 -242.9600 39 3699 -312.4600 -239.1900 75 3437 -813.6000 -411.2500 19 5150 -417.2500 24.2800
-1.8894652562e+00 -8.8203681795e-01 1.1744844516e+00
136 137 120
3 25 6129 -530.2600 -213.7700 39 5275 -122.8200 -195.0800 19 5175 -238.4300 40.2200
-1.5495086604e+00 -8.9161616962e-01 1.1984197040e+00
133 126 110
6 25 4250 -423.9200 -201.8900 39 3793 -58.3600 -179.8100 75 3468 -367.7600 -370.7300 19 5195 -178.9800 46.9200 20 4206 -182.8000 -293.5800 33 6391 -302.5200 682.9500
-2.4936556445e+00 -7.1318101051e-01 1.1718952036e+00
80 72 49
4 25 6191 -689.5700 -182.6000 39 3779 -224.9100 -187.1300 75 3497 -643.6100 -349.0800 19 5221 -328.6100 56.3900
2.1386287206e-01 -2.7580834054e-01 1.5506976244e+00
143 139 119
2 25 6492 234.6801 46.8000 39 5672 185.2500 29.5800
5.7933944576e-01 1.0848888211e+00 1.7727922030e+00
49 49 42
4 25 10180 365.0601 425.4500 39 6094 192.9500 281.4700 75 5790 451.5800 264.2400 19 5722 223.5200 363.6000
5.9919350672e-01 1.1004750236e+00 1.7773345200e+00
125 127 119
5 25 7132 370.2000 429.8900 39 6098 197.0400 283.9400 75 5797 457.3000 269.0800 19 5729 226.6900 366.3200 20 7886 136.4600 27.6300
5.9919350672e-01 1.1004750236e+00 1.7773345200e+00
125 127 119
5 25 7133 370.2000 429.8900 39 6099 197.0400 283.9400 75 5798 457.3000 269.0800 19 5730 226.6900 366.3200 20 7887 136.4600 27.6300
1.0998578338e+00 2.7844762426e+00 2.1624974750e+00
111 111 110
4 25 7726 506.3300 767.8700 39 6349 189.8400 517.2700 75 6335 592.5601 605.2300 19 6047 288.2200 540.8800
7.9536864468e-01 -2.4509498760e+00 1.0403979038e+00
76 73 65
3 25 7851 499.0400 -833.6300 39 6495 623.5699 -487.4100 19 6761 363.1400 -272.9000
-6.9677374710e-02 -1.9532039433e+00 1.0856902120e+00
144 147 143
4 25 5591 57.3600 -570.5300 39 4965 328.7000 -370.0900 19 6904 108.9200 -139.5500 33 8631 56.8300 351.2000
6.0673905451e-02 -1.8589813337e+00 1.1116601798e+00
56 49 41
4 25 5723 118.4301 -526.3101 39 5031 356.5500 -339.4300 75 4583 209.2400 -717.7100 19 7015 141.7100 -115.3700
1.1794657345e+00 -1.5964445184e+00 1.2448625983e+00
59 55 45
4 25 8371 667.1500 -374.6500 39 7090 618.2000 -209.6000 75 4776 798.6899 -562.7900 19 7224 438.9200 -34.9200
5.0695968867e-01 -1.0946592219e+00 1.2971486763e+00
148 134 117
4 25 6172 331.6100 -194.3800 39 5401 388.2600 -122.7100 75 3474 431.1801 -366.8500 19 7450 243.8900 55.3000
5.0695968867e-01 -1.0946592219e+00 1.2971486763e+00
148 134 117
4 25 6173 331.6100 -194.3800 39 5402 388.2600 -122.7100 75 3475 431.1801 -366.8500 19 7451 243.8900 55.3000
2.1386287206e-01 -2.7580834054e-01 1.5506976244e+00
143 139 119
2 25 6491 234.6801 46.8000 39 5671 185.2500 29.5800
3.0040007950e-01 1.1298470336e+00 1.7611718331e+00
166 175 177
4 25 10165 274.7700 415.6200 39 8069 140.9900 270.8300 75 8015 357.9700 254.2900 19 8223 173.4000 358.6800
-3.3074965014e+00 2.4592608923e+00 1.7498305586e+00
140 143 132
4 25 7172 -571.7100 446.4000 39 6047 -411.5300 252.8300 75 5817 -513.5400 284.2300 19 8265 -301.6100 372.5400
4.9493100271e-03 1.3844652767e+00 1.7904476140e+00
169 181 178
4 25 7174 186.7200 447.4700 39 6110 78.7300 288.3000 75 5822 265.9200 286.4100 19 8273 123.0100 375.1700
-4.1073592826e+00 3.1468396179e+00 1.8358511694e+00
168 171 165
4 25 7341 -673.2500 505.4500 39 4440 -498.8000 290.3900 75 5958 -615.3500 342.7200 19 8405 -361.3200 404.2100
-4.1073592826e+00 3.1468396179e+00 1.8358511694e+00
168 171 165
4 25 7342 -673.2500 505.4500 39 4441 -498.8000 290.3900 75 5959 -615.3500 342.7200 19 8406 -361.3200 404.2100
-1.7746185945e-01 1.7485562793e+00 1.8522613987e+00
176 176 163
4 25 10476 138.9000 504.3101 39 6189 37.7500 324.6800 75 5960 216.0400 344.4299 19 8414 94.7600 405.5701
9.6412588337e-01 2.3671597125e+00 2.0674705966e+00
130 140 142
5 25 7606 476.2900 690.2300 39 6328 177.8900 466.3101 75 6194 561.8500 527.3900 19 8577 271.5700 498.7900 20 8705 195.0400 169.8000
-7.8310508821e-01 -2.2656354622e+00 9.6868573501e-01
44 47 35
3 25 11469 -275.7700 -732.5000 39 8662 174.2000 -494.9301 19 9888 -71.0200 -226.0600
-1.1132690578e-01 -1.9682904088e+00 1.0792248194e+00
130 130 114
3 25 8015 36.6700 -580.3101 39 8960 319.0500 -377.5600 19 10025 97.8400 -144.9500
2.3013640377e-01 -1.6608774284e+00 1.1669383851e+00
152 151 139
5 25 12072 203.4900 -431.2900 39 9322 373.1400 -276.4200 75 6711 298.5000 -618.3101 19 10420 183.1700 -68.4600 33 33312 164.8500 468.7500
8.6633764374e-01 -1.7023894841e+00 1.2046243859e+00
63 54 47
4 25 12067 510.2100 -432.8500 39 9445 540.2500 -254.1000 75 9344 629.3700 -622.7600 19 10427 353.2100 -67.1200
9.9426153810e-01 4.4851921949e-02 1.5757529500e+00
175 191 194
4 25 9625 522.5601 202.4600 39 7841 374.7300 139.1800 75 7617 623.5699 41.0100 19 11611 327.1000 256.4100
-3.1994296667e+00 1.1728256140e+00 1.4702771115e+00
53 54 46
4 25 14102 -658.3000 231.0300 39 7737 -406.1000 97.9500 75 10649 -605.6000 68.2600 19 11632 -340.7900 259.3600
7.1806904704e-01 2.8103459532e-01 1.6225387525e+00
76 73 61
4 25 14154 417.4200 247.3301 39 10721 271.2200 166.5000 75 10692 509.8500 84.4800 19 11682 261.2100 271.3500
1.4302916198e+00 9.7472624769e-01 1.8092835527e+00
112 112 103
3 25 14976 664.2600 464.9700 39 11256 364.8900 319.0500 19 12245 389.1500 386.0100
-5.0020136906e+00 3.4259817202e+00 1.8247117214e+00
77 78 70
3 25 10453 -804.2800 498.5400 39 8089 -590.4500 279.4300 19 12370 -435.8400 400.0300
1.7193863258e+00 1.0832181609e+00 1.8504900170e+00
169 171 168
3 25 10512 765.5200 512.4000 39 8273 416.1200 353.0100 19 12455 443.8800 412.5100
-4.0531212859e+00 5.2559575379e+00 2.2855826415e+00
151 157 151
3 25 16336 -520.1400 750.3600 39 11679 -485.1800 475.9399 19 12868 -288.2300 530.6500
-3.7504709450e+00 5.3002833519e+00 2.3236625367e+00
68 67 72
3 25 11089 -469.5200 768.9800 39 8448 -451.1800 490.4600 19 12934 -260.0900 540.9900
-4.4328039318e+00 2.8036509781e+00 1.7277497044e+00
46 52 51
4 25 424 -760.4100 443.9399 39 271 -547.8700 241.4500 75 356 -707.1000 278.6700 20 416 -285.0000 28.6100
-2.4527657000e+00 -3.8320747995e-01 1.2386469915e+00
156 158 151
3 25 1329 -634.6000 -86.4200 39 1274 -234.2300 -119.6500 20 1346 -253.0700 -241.8200
-5.2847892141e+00 1.1501740722e+00 1.2945812835e+00
83 83 75
3 25 975 -1089.3800 132.6600 39 967 -689.8600 3.4300 20 1536 -405.8500 -116.0800
-2.7199562767e-01 1.3155470983e-01 1.6604980233e+00
104 97 78
2 25 965 83.6500 117.5500 39 1007 79.8500 67.0400
-4.8402429682e+00 1.0890740049e+00 1.3134367030e+00
149 159 152
4 25 979 -1013.4200 139.3300 39 979 -641.1000 14.6400 75 821 -969.8700 -26.1100 20 1560 -377.8800 -110.6600
2.0002951819e+00 -4.2328266145e-01 1.5677849575e+00
31 28 24
2 25 1420 997.3101 125.1800 39 1476 622.9301 118.8800
-5.1787932305e+00 1.2038287778e+00 1.3139454449e+00
87 88 76
3 25 1435 -1063.5900 147.3100 39 980 -676.5000 15.3300 20 1562 -397.2300 -109.5400
-5.6090628876e+00 1.3827594146e+00 1.3226231321e+00
87 82 68
3 25 1442 -1118.4800 162.6000 39 984 -715.4400 22.7300 20 1593 -415.9100 -104.0900
-4.2131585838e+00 1.2711569426e+00 1.4106459618e+00
167 173 168
4 25 2060 -867.8800 202.3101 39 2024 -545.0100 65.4400 75 1691 -819.8400 38.6300 20 2341 -326.3700 -87.1900
1.7732815061e+00 -1.2543168524e-01 1.6114144178e+00
167 170 163
4 25 3195 861.6300 204.0500 39 3003 538.2000 160.3700 75 1689 983.1000 39.1900 20 2365 309.3200 -79.8800
-2.7484700500e+00 -5.9297585132e-01 1.1840963629e+00
142 145 134
3 25 2878 -743.8100 -156.1500 39 2611 -263.3600 -174.1100 75 2352 -699.1600 -321.0000
-2.3451883459e+00 -3.7548949753e-01 1.2480095956e+00
143 160 164
3 25 1874 -604.7700 -79.9700 39 1875 -216.6900 -113.5400 20 3011 -241.8400 -238.5300
6.5372005412e-01 9.4987539694e-02 1.5942379770e+00
95 96 88
3 25 4708 390.8500 184.4600 39 4229 270.0900 124.5200 20 3351 132.6400 -90.1900
-4.5390231203e+00 1.7079144392e+00 1.4831284792e+00
92 92 90
4 25 3260 -885.4800 266.3900 39 2083 -574.5700 109.9000 75 2659 -837.4600 103.1200 20 3426 -331.9100 -58.0800
-4.0022875925e+00 1.5745890575e+00 1.4959733015e+00
68 69 64
4 25 3264 -792.7700 267.0100 39 2091 -510.3800 115.6200 75 2657 -742.1400 104.3100 20 3427 -298.8100 -57.4400
-4.2407727393e+00 3.3595598313e+00 1.8717942536e+00
63 64 49
4 25 3536 -682.2300 528.8400 39 3152 -509.2100 306.1500 75 2897 -623.8900 366.0300 20 3725 -255.1500 65.2700
1.3042681451e+00 1.2905465438e+00 1.8636121929e+00
90 91 84
4 25 3520 606.2600 523.1600 39 3189 321.8000 354.3700 75 2893 702.3500 363.8700 20 3751 229.2200 70.7300
-5.6562003854e+00 5.2607979905e+00 2.1352493591e+00
147 157 162
4 25 2342 -769.4600 678.9900 39 2262 -651.5700 416.9400 75 1971 -709.2800 511.3700 20 3908 -283.3500 154.3700
1.9885974882e+00 -8.3208380775e-01 1.4810746743e+00
171 176 179
2 25 4520 1033.8601 -17.8900 39 5673 676.0900 32.2600
-4.8250019948e+00 1.4808988897e+00 1.4081399837e+00
156 158 145
3 25 4759 -965.7100 214.1400 39 2882 -617.6900 67.9500 20 4932 -360.9600 -81.6500
-4.8300820165e+00 1.4831634977e+00 1.4088066890e+00
156 158 145
4 25 4760 -965.7100 214.1400 39 2883 -617.6900 67.9500 75 3861 -919.9200 50.7800 20 4933 -360.9600 -81.6500
-4.7399829377e+00 1.4717330291e+00 1.4140327586e+00
157 155 147
4 25 4766 -949.4900 216.0601 39 2887 -606.1900 70.4600 75 3869 -903.9900 52.4100 20 4935 -355.3200 -80.8400
1.6906660394e+00 1.0966525788e+00 1.8496387911e+00
171 173 166
3 25 5115 755.2300 514.7300 39 4516 410.2000 354.3200 20 5477 286.2700 68.2400
1.5648248084e+00 1.1552927154e+00 1.8548819510e+00
159 163 158
4 25 5118 704.8000 514.5701 39 4513 380.5800 352.2800 75 2882 806.4200 355.2200 20 5480 267.0900 67.7900
1.7413662752e+00 1.0822832942e+00 1.8501151317e+00
168 170 164
3 25 5120 775.1600 515.8101 39 4522 421.6400 355.6700 20 5488 294.1000 68.7700
1.8351462244e+00 1.0539230570e+00 1.8506508115e+00
164 169 163
3 25 5125 812.7500 517.1899 39 4528 443.0400 358.0900 20 5492 308.5300 69.6700
1.9879824531e+00 1.0154878608e+00 1.8528593153e+00
119 120 121
3 25 5140 874.6500 521.8500 39 6248 478.5400 362.5500 20 5503 332.3100 72.1500
-2.2159289648e+00 -4.6415442775e-01 1.2325709704e+00
154 159 154
3 25 4406 -578.1600 -101.3600 39 3869 -199.3200 -125.0600 20 6397 -232.3800 -245.5000
-4.9627999811e+00 8.5893049426e-01 1.2534568128e+00
153 160 154
3 25 9308 -1065.8199 87.7100 39 5570 -663.9300 -25.7500 20 6978 -397.1700 -133.7100
-1.8598597498e+00 3.5097454268e-01 1.3395019313e+00
47 47 39
2 25 6614 -417.9100 130.2100 39 4140 -215.5900 43.5500
-3.5276558466e+00 8.6032791550e-01 1.3736144027e+00
97 94 80
4 25 6649 -765.3100 151.4600 39 5688 -457.4100 37.1000 75 5394 -716.4500 -12.3800 20 7097 -289.9900 -110.1600
-3.8197736418e+00 3.1250372125e+00 1.8542809553e+00
140 139 129
4 25 7378 -622.4800 517.6500 39 6139 -466.3900 300.7900 75 5987 -563.8500 355.0200 20 8154 -233.5000 61.2200
2.0101798800e+00 9.9501975272e-01 1.8504996800e+00
171 179 171
3 25 5127 884.8500 518.5601 39 4531 484.3199 361.3000 20 8241 336.3300 70.7000
-7.8088436147e-01 -1.7346474654e+00 1.0750610747e+00
61 66 74
3 25 5807 -231.7200 -489.1600 39 5013 150.6000 -344.5600 75 4672 -164.9700 -673.5900
6.3305029173e-01 5.4803913719e-03 1.5747252511e+00
156 162 158
2 25 9477 385.9000 159.8000 39 7760 273.0900 108.5900
9.7261532836e-03 1.4183089994e+00 1.7993574055e+00
116 117 111
3 25 14884 188.0300 453.5100 39 11111 78.6700 292.3400 75 11256 267.5200 292.1600
-3.8441660897e+00 3.2084087107e+00 1.8763536263e+00
64 61 51
2 25 23384 -618.5200 524.0300 39 11188 -464.2800 305.6900
-3.8441660897e+00 3.2084087107e+00 1.8763536263e+00
64 61 51
2 25 23385 -618.5200 524.0300 39 11189 -464.2800 305.6900
3.0440808221e-01 -2.2614010019e+00 1.0499635751e+00
122 124 113
2 25 108 229.7900 -723.4200 39 103 452.9301 -447.4000
7.1929555679e-01 -2.2074438327e+00 1.0867292240e+00
170 186 202
2 25 109 445.1500 -692.9000 39 106 572.4100 -410.6700
7.6864943736e-01 -2.0281252025e+00 1.1279481023e+00
165 175 177
2 25 179 467.6600 -596.3400 39 182 561.9200 -353.1300
-2.5091668464e+00 -9.3933009955e-01 1.1215895612e+00
47 38 29
2 25 205 -717.0000 -251.7900 39 205 -226.3900 -233.1100
-8.2645571318e-01 -1.0715049783e+00 1.2078444499e+00
119 116 106
3 25 209 -194.0800 -237.3700 39 222 91.1700 -185.4900 75 176 -125.4900 -408.6801
7.0865850592e-01 -1.2126964602e+00 1.2890451208e+00
136 139 130
3 25 218 423.1000 -229.5200 39 231 448.1899 -139.1400 75 92 530.3400 -406.0100
-2.3618605816e+00 -8.4892190773e-01 1.1536974775e+00
111 113 108
2 25 222 -664.7900 -217.2500 39 213 -199.3300 -208.8300
-2.3618605816e+00 -8.4892190773e-01 1.1536974775e+00
111 113 108
2 25 223 -664.7900 -217.2500 39 214 -199.3300 -208.8300
4.5703363340e-01 -1.2766018780e+00 1.2613653626e+00
45 41 30
3 25 345 309.7800 -264.9000 39 562 388.4500 -166.6500 75 282 409.8000 -441.1899
7.6585010789e-01 -2.3357847717e+00 1.0617548474e+00
71 72 64
2 25 447 474.3300 -764.9600 39 460 604.3800 -451.0000
-4.8361760722e+00 1.6722326807e+00 1.4491983659e+00
168 179 174
3 25 624 -946.4000 248.1300 39 400 -614.2500 92.9000 75 546 -898.8300 84.9400
2.1853713027e+00 6.8951835014e-01 1.8011206524e+00
136 139 132
2 25 660 979.7200 459.6600 39 691 548.8300 328.0300
8.3482974087e-01 -2.3750248688e+00 1.0582436195e+00
88 85 71
2 25 696 514.5900 -788.1100 39 1171 629.5699 -458.9500
8.6785912568e-01 -2.3577929243e+00 1.0633223659e+00
162 164 178
2 25 697 532.5601 -778.1801 39 1173 639.1100 -452.0400
9.5037517158e-01 -2.4156390558e+00 1.0552532740e+00
160 166 177
2 25 1116 583.1600 -812.6700 39 1680 673.2200 -467.5800
5.2323887405e-01 -2.4124998845e+00 1.0331507541e+00
143 145 144
2 25 1118 343.8500 -808.2200 39 1669 532.7500 -485.3600
4.8341329914e-01 -2.1779062264e+00 1.0774742997e+00
82 77 64
2 25 1138 319.5400 -678.5300 39 1183 500.4700 -412.4900
-7.1724833999e-01 -2.1460175150e+00 9.9740219815e-01
164 168 169
2 25 1139 -238.0500 -673.3199 39 1172 186.4900 -456.7200
4.4838836133e-01 -2.1263222313e+00 1.0856020206e+00
168 179 181
2 25 1140 301.4000 -651.6300 39 1703 485.0699 -398.3700
-1.2182696813e-01 -1.9140406247e+00 1.0887681431e+00
144 146 143
2 25 1162 34.5200 -554.9700 39 1714 313.1801 -362.8800
-1.2182696813e-01 -1.9140406247e+00 1.0887681431e+00
144 146 143
2 25 1163 34.5200 -554.9700 39 1715 313.1801 -362.8800
1.1361499989e+00 -1.3810553406e+00 1.2885142175e+00
57 59 46
3 25 1247 633.4800 -280.9500 39 1832 572.8101 -154.2800 75 1009 759.2700 -461.2600
-2.5552177861e+00 -9.5132323313e-01 1.1107397974e+00
46 42 31
3 25 1250 -735.5600 -257.2200 39 1229 -237.4400 -238.8100 75 1015 -692.7100 -427.6000
-2.3122024426e+00 -4.6708978044e-01 1.2272131016e+00
138 140 135
3 25 1306 -605.5400 -108.1700 39 1266 -213.8000 -131.2400 75 1045 -556.1500 -273.4200
1.8897479134e+00 -7.3198217639e-01 1.4973627874e+00
81 82 71
2 25 1371 972.5500 11.8700 39 1428 634.4500 47.4100
1.8509724471e+00 -6.9927301114e-01 1.5018303288e+00
80 80 68
2 25 1374 949.8201 21.0000 39 1431 620.3101 51.7500
1.4270009526e-01 -4.9181244419e-02 1.5865036785e+00
151 145 133
2 25 1407 211.7300 104.6500 39 1441 163.3100 65.8900
1.4270009526e-01 -4.9181244419e-02 1.5865036785e+00
151 145 133
2 25 1408 211.7300 104.6500 39 1442 163.3100 65.8900
-4.8565296718e+00 9.9978689445e-01 1.2911008526e+00
34 32 19
3 25 1419 -1028.0000 123.2800 39 1378 -647.6000 2.4400 75 1123 -984.7300 -41.8100
-4.5673134693e+00 1.0545326305e+00 1.3269754044e+00
156 158 155
3 25 1433 -964.0200 146.3800 39 1400 -607.0600 21.8000 75 1134 -919.8400 -18.4900
3.7467942001e-01 2.0077712083e-01 1.6026580679e+00
160 171 164
2 25 1458 292.0300 193.7100 39 1479 207.7700 125.7400
-3.3053234953e+00 1.1267909690e+00 1.4487288529e+00
157 158 151
3 25 1469 -687.8500 216.6799 39 1458 -424.4100 87.0300 75 1161 -635.3600 53.2300
-1.0327626109e-01 5.0382742733e-01 1.6416564354e+00
163 168 156
2 25 1477 137.0000 235.8401 39 1490 103.6800 145.0700
-2.1073987647e-01 5.5186910152e-01 1.6476448375e+00
168 172 161
2 25 1479 104.6801 239.5100 39 1491 82.7700 145.8700
-5.9681719355e+00 3.5564933079e+00 1.7662179046e+00
153 162 163
3 25 1551 -953.1500 474.8000 39 1072 -690.2200 254.1000 75 1244 -899.3400 310.8400
8.8992264756e-01 -2.4037448809e+00 1.0543004764e+00
90 91 78
2 25 1684 547.1899 -805.3900 39 2383 652.9399 -466.7800
-6.7683018922e-01 -2.1638744112e+00 9.9662094358e-01
83 77 62
2 25 1705 -221.8700 -681.5400 39 1684 196.4400 -461.0500
-2.3679277448e+00 -3.9868741589e-01 1.2393361715e+00
61 63 51
3 25 1865 -614.4300 -90.8900 39 1870 -222.2600 -120.8400 75 1055 -563.8700 -255.8400
4.2124031702e-01 -2.9930528653e-01 1.5349821062e+00
156 155 150
2 25 1945 308.9200 54.7100 39 1417 233.3700 39.4400
-2.3027697543e+00 1.5732947581e-01 1.3638527456e+00
171 173 172
3 25 1946 -537.9600 54.4100 39 1943 -223.7600 -19.1200 75 1590 -483.5700 -107.4200
-4.4368132827e+00 7.4840385993e-01 1.2698616922e+00
138 145 140
3 25 1968 -974.1700 89.8900 39 1944 -598.2300 -17.1400 75 1607 -931.6000 -75.8300
-1.4961137863e-03 4.0506933079e-02 1.6082426950e+00
142 138 126
2 25 1982 164.9500 117.6000 39 1448 132.1500 71.8300
-1.5429579526e-01 1.2742917352e-01 1.6357541415e+00
147 143 130
2 25 1991 118.2000 127.7500 39 2039 100.9600 75.6000
8.7082156635e-02 1.1416168527e-01 1.6023619498e+00
143 143 133
2 25 2008 193.9301 146.0800 39 2059 149.4600 91.2500
1.3367195779e-02 1.6505719984e-01 1.6142034776e+00
146 143 131
2 25 2015 170.6200 153.5400 39 2062 132.9300 94.4900
-1.2671869379e-01 2.4094604982e-01 1.6312367842e+00
148 143 129
2 25 2022 127.1500 162.0300 39 2069 104.6100 97.9500
-4.3028018371e+00 1.0790528143e+00 1.3547565086e+00
68 66 53
3 25 2026 -907.0400 163.1699 39 993 -569.2700 35.8000 75 1141 -862.2700 -2.1400
2.9976100557e-01 2.5690712412e-01 1.6086700501e+00
177 182 180
2 25 2062 266.0900 203.4700 39 2111 190.9000 130.5400
-4.3600324081e+00 1.3323828248e+00 1.4127940798e+00
164 165 161
3 25 2068 -890.5900 208.3800 39 2028 -562.3300 68.1200 75 1699 -843.6000 44.9500
2.0885161900e-01 3.6785860524e-01 1.6244985800e+00
98 99 91
2 25 2087 236.1500 225.4700 39 2124 167.9700 143.2700
1.2351766637e-01 4.2268667144e-01 1.6328762225e+00
107 106 95
2 25 2096 208.6000 232.7000 39 2128 148.6600 146.4100
3.6151449888e-02 4.6945145257e-01 1.6372817560e+00
104 104 94
2 25 2097 180.6500 238.1599 39 2129 130.7700 148.6800
-2.9229959560e-01 5.8951041570e-01 1.6521913478e+00
171 175 171
2 25 2102 80.6899 242.7300 39 1492 67.3800 146.4200
9.6591238899e-01 6.9604834168e-01 1.7059693455e+00
79 73 66
2 25 2146 497.3700 373.2800 39 2175 313.0800 248.2500
2.1357800727e+00 7.2507641723e-01 1.8055179357e+00
138 139 132
2 25 2184 956.0200 464.5400 39 2224 534.1100 329.2100
-5.7127601782e+00 3.6567032402e+00 1.8100640338e+00
154 158 157
3 25 2215 -904.1700 498.0100 39 2197 -662.1000 274.1500 75 1859 -849.6000 334.5500
8.1065850123e-01 -2.4257383400e+00 1.0466730749e+00
67 61 50
2 25 2432 503.5900 -817.4500 39 2377 625.5800 -477.6600
3.7824524988e-01 -2.3685130436e+00 1.0329387802e+00
71 68 50
2 25 2449 266.8199 -782.6300 39 2378 485.0601 -477.5900
5.6506033456e-01 -2.2449718737e+00 1.0691125548e+00
126 123 108
2 25 2472 362.9600 -714.3000 39 2406 531.3101 -429.6899
5.6506033456e-01 -2.2449718737e+00 1.0691125548e+00
126 123 108
2 25 2473 362.9600 -714.3000 39 2407 531.3101 -429.6899
1.4163678067e-01 -2.2367634601e+00 1.0445404429e+00
130 134 129
2 25 2476 149.6000 -711.0500 39 2400 404.0000 -446.1600
5.5166448895e-01 -2.2020873788e+00 1.0767009420e+00
80 77 68
2 25 2483 355.0900 -691.1600 39 3422 523.6400 -416.9100
-5.2419125208e-01 -2.1739072358e+00 1.0079514784e+00
61 58 48
2 25 2486 -154.3900 -684.8600 39 3376 228.9000 -456.7300
3.3278161487e-01 -2.0835026561e+00 1.0863507926e+00
166 171 172
2 25 2496 243.5200 -630.7200 39 3461 448.5400 -391.1000
-1.9740429802e-01 -2.0401839835e+00 1.0595598195e+00
119 114 97
2 25 2500 -3.1400 -615.6000 39 3442 300.7600 -402.1200
-1.6094998929e+00 -1.8666511436e+00 9.8840610766e-01
144 145 140
2 25 2515 -550.6300 -561.5300 39 1700 -31.2200 -415.8300
-9.5449105606e-01 -1.8868751778e+00 1.0334445076e+00
150 154 152
2 25 2519 -310.2000 -557.9500 39 2427 113.2600 -393.1500
-6.2603555806e-01 -1.8297354078e+00 1.0687715498e+00
132 134 123
3 25 2557 -175.9200 -526.3000 39 2462 187.0800 -362.3500 75 2092 -105.7900 -714.7000
-7.8928538373e-01 -1.8229017486e+00 1.0581649777e+00
128 128 118
3 25 2561 -241.0900 -526.6200 39 2457 148.9200 -368.1000 75 2096 -175.2700 -714.4399
-8.7730723065e-01 -1.8192116284e+00 1.0526609832e+00
129 132 124
2 25 2563 -275.3400 -526.9900 39 2451 128.5900 -370.9500
1.5971893132e+00 -1.6495210675e+00 1.2579165433e+00
146 152 148
2 25 2640 904.4299 -384.4399 39 3764 752.2800 -198.5000
8.8184016463e-01 -1.3624330632e+00 1.2754088531e+00
97 91 77
3 25 2697 508.5601 -283.0300 39 3808 502.2600 -164.2900 75 2233 622.0699 -462.2100
-1.8588486603e+00 -1.0104170696e+00 1.1504175634e+00
122 123 114
2 25 2713 -533.2300 -252.6899 39 2562 -112.1700 -220.8200
1.0210530192e+00 -1.2403766437e+00 1.3070384681e+00
141 144 142
3 25 2728 571.5800 -228.1100 39 2692 528.9900 -127.5700 75 2248 688.8500 -403.7000
-3.7503484732e+00 -6.7487539705e-01 1.0757798207e+00
71 62 44
2 25 2738 -1004.1000 -216.8300 39 2550 -438.5800 -233.8600
-3.8946795567e+00 -6.5832381419e-01 1.0684254535e+00
74 68 49
2 25 2739 -1035.5400 -216.9399 39 2543 -460.1000 -236.0400
-1.5095514942e+00 -8.9690947840e-01 1.2008987714e+00
133 129 112
3 25 2750 -410.8100 -203.2200 39 2598 -50.0500 -179.7100 75 2263 -353.7000 -372.0400
-1.5919013096e+00 -8.4321730859e-01 1.2054882528e+00
82 76 62
2 25 2764 -433.6300 -189.3101 39 2617 -67.4100 -172.3300
-1.8119217680e+00 -8.1309116108e-01 1.1979130925e+00
92 86 70
2 25 2765 -498.1400 -187.8600 39 2602 -107.9000 -176.4900
-8.8918628495e-01 -9.1299610327e-01 1.2294063504e+00
98 94 82
2 25 2772 -209.4700 -186.0200 39 2641 70.4700 -154.6300
-1.0790361733e+00 -8.9554475279e-01 1.2226290459e+00
80 74 60
2 25 2775 -273.0900 -187.2900 39 2633 31.8200 -159.6900
-1.1787641017e+00 -8.8418340936e-01 1.2194419142e+00
80 75 55
2 25 2776 -305.6100 -187.1600 39 2629 12.1200 -161.9300
-1.7075774553e+00 -8.2511670075e-01 1.2041211714e+00
92 86 71
3 25 2778 -466.3400 -187.4399 39 2612 -87.7800 -173.7500 75 2305 -412.0600 -355.3700
-1.7031124535e+00 -8.2480061025e-01 1.2025892368e+00
92 86 71
2 25 2779 -466.3400 -187.4399 39 2613 -87.7800 -173.7500
-1.4613867958e-02 -1.0089841452e+00 1.2726097606e+00
90 85 64
3 25 2795 116.2100 -185.1801 39 3854 263.3199 -131.6000 75 2279 201.2400 -355.6899
-5.3257889472e-01 -9.4947185112e-01 1.2473314053e+00
97 91 75
3 25 2798 -80.0300 -185.3500 39 2661 147.9200 -144.8200 75 2299 -5.8200 -354.8101
1.0056322972e+00 -1.1290777397e+00 1.3266900875e+00
104 96 81
2 25 2810 560.2800 -182.2300 39 2729 514.2000 -101.0000
9.4054218274e-01 -1.1216284298e+00 1.3234516874e+00
99 92 76
2 25 2811 529.0500 -182.4900 39 2727 496.9301 -102.9700
1.9348690093e+00 -1.2399600686e+00 1.3674865876e+00
96 90 74
2 25 2816 1051.9099 -180.0200 39 3970 777.2100 -69.1300
1.9635946305e+00 -1.2419461573e+00 1.3688211190e+00
145 142 134
2 25 2824 1068.2200 -179.2000 39 3973 785.4600 -67.7500
1.4380297206e+00 -1.0934011179e+00 1.3599394126e+00
96 92 83
2 25 2893 772.0100 -145.7100 39 3979 631.6000 -66.5600
1.3776747999e+00 -1.0851415104e+00 1.3571813491e+00
94 89 70
2 25 2894 740.7600 -145.6700 39 3971 614.8500 -68.3500
9.0321036379e-01 -6.7236682753e-01 1.4553562544e+00
156 161 157
2 25 2990 504.6000 -27.3200 39 1953 383.3101 -3.5200
7.2739560508e-01 -2.8290908568e-01 1.5266205268e+00
143 144 136
2 25 3062 425.0000 83.2600 39 2874 310.7900 61.6800
5.5572323036e-01 -1.4812733840e-01 1.5498358310e+00
131 130 125
2 25 3086 357.8900 109.8900 39 2896 262.1400 75.9200
-4.7743983623e+00 9.9751015943e-01 1.2976895773e+00
129 131 118
3 25 3100 -1011.6100 126.1500 39 1962 -636.3500 5.7300 75 2521 -969.1800 -38.8800
-1.4861897495e+00 2.3712689478e-01 1.2840267921e+00
75 75 66
2 25 3103 -332.7300 131.5100 39 2854 -167.3100 50.2100
