# Bundle file v0.3
90 17517
0 0 0
0 0 0
0 0 0
0 0 0
0 0 0
0 0 0
0 0 0
0 0 0
0 0 0
0 0 0
2.0273318717e+03 4.0555738222e-02 6.2636475025e-02
8.5079582764e-01 2.3654950991e-01 -4.6924491370e-01
3.7932108801e-02 8.6298125852e-01 5.0380998656e-01
5.2412557159e-01 -4.4643888361e-01 7.2524803233e-01
1.2969661332e+00 -2.1895448659e+00 -1.3041389499e+01
0 0 0
0 0 0
0 0 0
0 0 0
0 0 0
1.9297409887e+03 -2.0915710909e-02 4.4873075539e-02
8.5945882726e-01 2.1391547391e-01 -4.6429591240e-01
-1.5593145027e-02 9.1878574352e-01 3.9444849010e-01
5.1096710078e-01 -3.3177240321e-01 7.9299413263e-01
1.0953732435e+00 -4.2008996301e-01 -1.3235239970e+01
2.1543560342e+03 2.8991763484e-02 -2.8259642146e-03
8.3771851399e-01 2.1898000891e-01 -5.0027537118e-01
1.4920824553e-02 9.0656368066e-01 4.2180524167e-01
5.4589839742e-01 -3.6081858129e-01 7.5617781711e-01
9.3629546737e-01 -1.0551121675e+00 -1.3823940957e+01
0 0 0
0 0 0
0 0 0
0 0 0
0 0 0
1.8856444678e+03 -1.1041619006e-02 2.3323059255e-02
8.6500875496e-01 2.0516514116e-01 -4.5789422216e-01
-4.5909098976e-02 9.4111619360e-01 3.3495173501e-01
4.9965208742e-01 -2.6871467210e-01 8.2349269367e-01
9.5449094634e-01 5.1536861694e-01 -1.3242720366e+01
0 0 0
0 0 0
0 0 0
0 0 0
0 0 0
0 0 0
0 0 0
0 0 0
0 0 0
0 0 0
2.1468065256e+03 -6.0706548097e-02 9.1179820254e-03
8.3845210687e-01 2.1905552894e-01 -4.9901176311e-01
-3.8139387363e-01 8.8991695413e-01 -2.5017299595e-01
3.8927725035e-01 4.0007810486e-01 8.2969918185e-01
5.0384442915e-01 8.7546829083e+00 -1.0022243918e+01
1.2321336289e+03 -4.0435765562e-02 -1.9837011443e-01
7.4771979100e-01 1.8946668326e-01 -6.3640984443e-01
-1.3045103502e-01 9.8166464644e-01 1.3898578843e-01
6.5107422128e-01 -2.0902101777e-02 7.5872620920e-01
1.0173566899e+00 4.0312550789e+00 -6.5359915488e+00
0 0 0
0 0 0
0 0 0
0 0 0
0 0 0
1.5772068936e+03 -1.2643967240e-01 -7.4596932556e-02
7.6489317892e-01 1.1615772006e-01 -6.3359751334e-01
2.0144769792e-01 8.9113636797e-01 4.0656463038e-01
6.1184740732e-01 -4.3861527304e-01 6.5822442405e-01
6.9236703710e-01 -3.4063076724e+00 -1.3067536678e+01
1.5766095987e+03 2.3478169962e-01 -5.1802511427e-01
9.4036037941e-01 2.3562680917e-01 -2.4536169963e-01
-1.5353620481e-01 9.3760425762e-01 3.1196937335e-01
3.0356052223e-01 -2.5569173412e-01 9.1786314146e-01
1.2242632331e+00 -3.2386898065e-01 -1.2860197669e+01
0 0 0
0 0 0
0 0 0
0 0 0
0 0 0
1.9593093752e+03 1.6569969543e-01 3.1017717507e-01
8.4623501784e-01 2.1670411327e-01 -4.8675006099e-01
-1.1479177552e-01 9.6625127284e-01 2.3061076734e-01
5.2029716784e-01 -1.3927600308e-01 8.4255151303e-01
8.7082088475e-01 2.0760334819e+00 -1.2737745461e+01
0 0 0
0 0 0
0 0 0
0 0 0
0 0 0
0 0 0
0 0 0
0 0 0
0 0 0
0 0 0
8.1422794898e+02 8.7636023611e-02 -1.3094613699e-01
9.7933098441e-01 1.1347917396e-01 -1.6743147867e-01
3.7593649505e-02 7.1123946749e-01 7.0194382781e-01
1.9873988147e-01 -6.9372970022e-01 6.9227275155e-01
8.9253486868e-01 7.5060698623e-02 -5.3115125518e+00
9.9323625630e+02 3.8703433236e-02 -3.5847358111e-01
8.7348487105e-01 2.5150064875e-01 -4.1685921332e-01
1.8387374981e-01 6.2239893249e-01 7.6079564468e-01
4.5079332757e-01 -7.4119295228e-01 4.9741168392e-01
8.5643986236e-01 -1.9659493822e+00 -7.2345119061e+00
1.2092340153e+03 -8.4797928810e-02 -2.3776100189e-01
8.7059928884e-01 2.2870587431e-01 -4.3560360573e-01
-3.0791725383e-02 9.0897914901e-01 4.1570274994e-01
4.9102825573e-01 -3.4849753186e-01 7.9839884918e-01
1.3502452339e+00 -3.1244248082e+00 -2.0642446706e+01
0 0 0
0 0 0
0 0 0
0 0 0
0 0 0
2.3856083680e+03 -5.3238405147e-02 9.5204806969e-02
8.7129353553e-01 2.1193662083e-01 -4.4264030962e-01
-1.9979679069e-01 9.7700036489e-01 7.4508586353e-02
4.4825084203e-01 2.3519263662e-02 8.9359835880e-01
5.2237827892e-01 4.6100436703e+00 -8.5141827876e+00
0 0 0
0 0 0
0 0 0
0 0 0
0 0 0
-1.8321691997e+03 6.0820266022e-02 -1.3141563869e-01
9.0876044201e-01 3.4312210391e-02 4.1590519503e-01
1.6865304242e-01 8.8140556288e-01 -4.4122600218e-01
-3.8172059195e-01 4.7111241327e-01 7.9519965024e-01
-2.0287537606e-01 1.0146873916e+00 3.8811621103e+00
0 0 0
0 0 0
0 0 0
0 0 0
0 0 0
1.4777474363e+03 1.5453707714e-02 -1.3242310041e-01
8.1149863513e-01 1.7133579123e-01 -5.5867164938e-01
1.0938754470e-01 8.9460929451e-01 4.3325347690e-01
5.7402467738e-01 -4.1269632519e-01 7.0723221995e-01
7.3994306148e-01 -5.8017071774e+00 -2.3726678339e+01
0 0 0
0 0 0
0 0 0
0 0 0
0 0 0
0 0 0
0 0 0
0 0 0
0 0 0
0 0 0
1.8565961758e+03 -2.8541649502e-02 1.0938482434e-01
7.7955580616e-01 2.0443027126e-01 -5.9203125701e-01
-1.1428055947e-01 9.7579227797e-01 1.8646550347e-01
6.1581872236e-01 -7.7702602604e-02 7.8404694167e-01
9.3842064417e-01 2.9665133368e+00 -9.7190472024e+00
0 0 0
0 0 0
0 0 0
0 0 0
0 0 0
7.1835493248e+02 -5.4587935214e-02 -4.5645105709e-03
7.9524886625e-01 1.7458308313e-01 -5.8060312418e-01
4.1932554187e-03 9.5603680901e-01 2.9321670558e-01
6.0626863463e-01 -2.3561486988e-01 7.5955511700e-01
1.6093474943e+00 -6.6080656576e-01 -1.8171897595e+01
2.5661567957e+03 1.3471336771e-01 -5.1070079140e-01
8.6351346946e-01 2.1662680416e-01 -4.5543091219e-01
-6.2426192900e-02 9.4201611006e-01 3.2970990101e-01
5.0044725846e-01 -2.5627812256e-01 8.2696678615e-01
1.1419540034e+00 2.4480360363e+00 -8.4055374719e+00
3.1490194704e+03 1.3979159075e-01 -3.6966087529e-01
7.9286138455e-01 2.3841530412e-01 -5.6082882206e-01
2.8840308605e-03 9.1881536988e-01 3.9467708121e-01
6.0939519793e-01 -3.1454166468e-01 7.2780562922e-01
1.0288119212e+00 2.8557393258e+00 -5.8714403738e+00
1.1114272733e+03 -8.2172377071e-02 3.7824052517e-01
8.4965783156e-01 1.7182171967e-01 -4.9855678305e-01
1.1714233493e-01 8.6030790566e-01 4.9613302735e-01
5.1415877182e-01 -4.7994541784e-01 7.1083975216e-01
1.3566225021e+00 -2.5758240155e+00 -1.2964580620e+01
6.9977853074e+02 -1.9980316078e-01 3.1054931001e-01
7.0506566303e-01 2.1132671596e-01 -6.7692202648e-01
8.7060247827e-03 9.5191336623e-01 3.0624360945e-01
7.0908858117e-01 -2.2181515348e-01 6.6932161308e-01
3.5869251423e+00 -1.2523831734e+00 -1.8920460366e+01
2.1014794252e+03 6.0176997966e-02 -2.3306410851e-01
8.2355070746e-01 2.0942175785e-01 -5.2716862537e-01
-5.8137043568e-02 9.5562107488e-01 2.8880520322e-01
5.6425554176e-01 -2.0719770409e-01 7.9917757414e-01
1.0458731472e+00 8.8201895615e-01 -1.3916564186e+01
7.2887104780e+02 -9.9721484798e-02 -1.0832253424e-01
8.5284916227e-01 2.0338681081e-01 -4.8091798843e-01
-9.6867215317e-02 9.6666056093e-01 2.3703185976e-01
5.1309360648e-01 -1.5556723669e-01 8.4411716359e-01
1.4144187684e+00 3.4787172487e+00 -6.5459764234e+00
-6.8361345459e+01 1.5176501184e-04 -2.5160244961e-06
9.5828955924e-01 -2.8310380029e-01 3.9158127171e-02
2.7152115516e-01 9.4459419918e-01 1.8443985788e-01
-8.9204164466e-02 -1.6611453019e-01 9.8206342967e-01
8.4552780812e-01 1.1439017212e-01 -1.1104995203e+00
0 0 0
0 0 0
0 0 0
0 0 0
0 0 0
0 0 0
0 0 0
0 0 0
0 0 0
0 0 0
2.5135593391e+03 -1.4490501173e-01 -1.5102854050e-01
8.3597554990e-01 1.7721471317e-01 -5.1936482882e-01
1.8993992521e-01 7.9448303769e-01 5.7681845292e-01
5.1484726355e-01 -5.8085424011e-01 6.3050824495e-01
-1.3788322160e-01 -3.3880081906e+00 -1.0633871374e+01
1.8001981293e+03 -5.4185470661e-02 -2.3720596521e-01
8.6347644860e-01 1.9398583194e-01 -4.6559415774e-01
-2.7606864362e-04 9.2326680704e-01 3.8415924668e-01
5.0438908246e-01 -3.3158392607e-01 7.9727269705e-01
9.1192538508e-01 -1.4206566818e+00 -1.6876221009e+01
1.9306076502e+03 -2.6845735543e-01 4.1879683599e-01
8.4578400779e-01 1.7182737080e-01 -5.0509876937e-01
5.0518964905e-02 9.1667280913e-01 3.9643258592e-01
5.3112827674e-01 -3.6081340834e-01 7.6662666142e-01
-8.2394841692e-01 -4.8493689427e+00 -2.3653421882e+01
0 0 0
0 0 0
0 0 0
0 0 0
0 0 0
0 0 0
0 0 0
0 0 0
0 0 0
0 0 0
1.2137640045e+03 -1.3409062825e-01 2.6230927543e-02
8.4351911626e-01 2.0363826408e-01 -4.9699794557e-01
-2.3160807814e-01 9.7279364583e-01 5.4973425448e-03
4.8459591274e-01 1.1047162549e-01 8.6773430341e-01
-1.8075129797e-01 5.5219785700e+00 -1.6067221004e+01
1.6826725380e+03 -7.0633475302e-02 -2.8033914866e-01
4.2998861141e-02 8.8071482506e-01 4.7169110111e-01
-8.5970759887e-01 -2.0790573182e-01 4.6655980444e-01
5.0897342011e-01 -4.2557796419e-01 7.4821751785e-01
-1.7848990967e+00 -1.0937407820e+00 -1.3120584633e+01
3.3673464403e+02 -1.8866841413e-02 -1.1807065866e-02
7.5995961523e-01 1.5559372268e-01 -6.3107208517e-01
3.6195205834e-02 9.5928700291e-01 2.8010418263e-01
6.4896170172e-01 -2.3570965088e-01 7.2338763480e-01
-7.1018356448e-02 -6.3365831138e-01 -1.4581677200e+01
1.5667589537e+03 -2.6425991270e-02 -1.6800926745e-01
8.9284664511e-01 1.7855089600e-01 -4.1345428509e-01
-8.2650943498e-02 9.6742162377e-01 2.3929944297e-01
4.4271174579e-01 -1.7948531807e-01 8.7851655120e-01
-2.6413017494e+00 -4.2580695003e-01 -2.0588518052e+01
1.5388325997e+03 -4.4849378450e-01 -1.8203726387e-01
9.1961159348e-01 1.9368831420e-01 -3.4175920481e-01
-1.7640980760e-01 9.8095686971e-01 8.1260073561e-02
3.5099016641e-01 -1.4438030169e-02 9.3626782833e-01
-1.8350239223e+00 4.3185049647e+00 -7.5113018136e+00
2.0940584729e+03 -3.1289041568e-01 1.7617986732e+00
6.9403071901e-01 6.0683059221e-02 -7.1738338941e-01
3.2696110976e-01 8.6118922381e-01 3.8916520077e-01
6.4141857922e-01 -5.0464907323e-01 5.7785077582e-01
3.2648362666e-01 -3.4938532768e+00 -1.1242867023e+01
2.6903570023e+03 -2.9308032492e-01 7.0660282121e-01
8.2715590941e-01 2.3536056724e-01 -5.1031216418e-01
1.2724419712e-01 8.0605097705e-01 5.7800582756e-01
5.4737739798e-01 -5.4303519756e-01 6.3678156254e-01
1.2293037097e+00 -2.8230791786e+00 -1.1443123477e+01
0 0 0
0 0 0
0 0 0
0 0 0
0 0 0
2.6950750231e+03 -6.5144667795e-02 -3.5455624331e-01
8.4633433876e-01 2.4960077986e-01 -4.7055035620e-01
-2.8346624642e-01 9.5898151558e-01 -1.1575467962e-03
4.5096016917e-01 1.3436481482e-01 8.8237238305e-01
3.6060499820e+00 5.2341273152e+00 -1.3946490500e+01
1.1439015542e+03 -4.7247690022e-03 2.9058901043e-01
8.3945224979e-01 2.2265184757e-01 -4.9572782360e-01
3.3418162914e-02 8.8933787880e-01 4.5602781025e-01
5.4240496560e-01 -3.9937988445e-01 7.3911606747e-01
1.5998730789e+00 -1.5178854170e+00 -1.3103087267e+01
2.4469132658e+03 -3.4513425881e-02 -6.6108737633e-02
8.2915982715e-01 2.1235018919e-01 -5.1710867155e-01
-5.7856879914e-02 9.5267218581e-01 2.9844310652e-01
5.5600949855e-01 -2.1753874030e-01 8.0220342432e-01
5.4293623571e-01 8.7493538939e-02 -1.5877413594e+01
0 0 0
0 0 0
0 0 0
0 0 0
0 0 0
0 0 0
0 0 0
0 0 0
0 0 0
0 0 0
8.2197520808e+02 -8.0525726557e-02 -4.0487401361e-02
8.1412285636e-01 2.0143211018e-01 -5.4463664928e-01
4.2730001253e-02 9.1458527961e-01 4.0212922464e-01
5.7911840045e-01 -3.5065491770e-01 7.3597758590e-01
1.5527897653e+00 -2.3450077220e+00 -1.7620944386e+01
0 0 0
0 0 0
0 0 0
0 0 0
0 0 0
0 0 0
0 0 0
0 0 0
0 0 0
0 0 0
1.6070462489e+03 1.0320539565e-01 -8.0465257760e-01
8.5306329950e-01 2.2171427856e-01 -4.7236192239e-01
1.4067235322e-03 9.0426138284e-01 4.2697701652e-01
5.2180554632e-01 -3.6490290515e-01 7.7108030816e-01
2.2412597365e+00 -3.0668759910e+00 -1.9472034281e+01
0 0 0
0 0 0
0 0 0
0 0 0
0 0 0
0 0 0
0 0 0
0 0 0
0 0 0
0 0 0
0 0 0
0 0 0
0 0 0
0 0 0
0 0 0
2.1755811308e+03 -2.0299100429e-01 4.6072551872e-01
8.0842768928e-01 2.1441352387e-01 -5.4815281810e-01
1.8271050001e-01 7.9386786446e-01 5.7999197146e-01
5.5951902952e-01 -5.6903484477e-01 6.0260916110e-01
6.7333297525e-01 -3.9261083342e+00 -1.0916108302e+01
0 0 0
0 0 0
0 0 0
0 0 0
0 0 0
3.8745329576e+03 -1.5819918025e-01 -8.8383679203e-02
9.4644754155e-01 1.8394567580e-01 -2.6533194201e-01
-1.4897385744e-01 9.7791913993e-01 1.4656379345e-01
2.8643296057e-01 -9.9187419090e-02 9.5295226271e-01
-3.4888498293e+00 2.9418048494e+00 -1.6236480695e+01
1.8815825914e+03 -7.3165152871e-02 6.8320822715e-02
8.1274390568e-01 1.8882589345e-01 -5.5117340805e-01
-7.5694662588e-02 9.7222782917e-01 2.2145736892e-01
5.7768301155e-01 -1.3826724181e-01 8.0446535538e-01
4.0879631783e-01 9.7600659030e-01 -1.5644225532e+01
0 0 0
0 0 0
0 0 0
0 0 0
0 0 0
0 0 0
0 0 0
0 0 0
0 0 0
0 0 0
0 0 0
0 0 0
0 0 0
0 0 0
0 0 0
0 0 0
0 0 0
0 0 0
0 0 0
0 0 0
1.9638788061e+03 1.2340349025e-01 -3.0006218707e-01
9.5268691128e-01 1.9459767557e-01 -2.3349388373e-01
9.2474375080e-02 5.4620973737e-01 8.3252832550e-01
2.8954470990e-01 -8.1473103995e-01 5.0237156916e-01
9.8014090698e-01 -1.3347165536e+00 -6.0219427208e+00
0 0 0
0 0 0
0 0 0
0 0 0
0 0 0
0 0 0
0 0 0
0 0 0
0 0 0
0 0 0
0 0 0
0 0 0
0 0 0
0 0 0
0 0 0
0 0 0
0 0 0
0 0 0
0 0 0
0 0 0
1.7610446096e+03 -1.0128843180e-01 -7.5320339471e-02
8.1299528764e-01 2.4562927660e-01 -5.2792510904e-01
-6.7615475337e-03 9.1058823564e-01 4.1325941802e-01
5.8223100549e-01 -3.3240836871e-01 7.4196477859e-01
2.5906020943e+00 -2.4104929799e+00 -1.8371264865e+01
0 0 0
0 0 0
0 0 0
0 0 0
0 0 0
1.8406283869e+03 -1.7352523655e-01 1.8682062405e-01
7.5737342665e-01 2.2867968161e-01 -6.1162986832e-01
-2.6312209354e-02 9.4659901218e-01 3.2133779388e-01
6.5245165357e-01 -2.2727937292e-01 7.2294600518e-01
2.2429332745e+00 -1.2603578652e+00 -1.8673619360e+01
0 0 0
0 0 0
0 0 0
0 0 0
0 0 0
5.7877679389e+02 -1.6548012969e-01 4.8519628327e-02
8.9305629869e-01 1.3600838303e-01 -4.2889645267e-01
4.2119666600e-02 9.2376383983e-01 3.8063933310e-01
4.4796917422e-01 -3.5799732954e-01 8.1924448792e-01
-2.4387172470e+00 -2.2931961654e+00 -1.7470214095e+01
1.0230261976e+03 -9.3143313073e-02 -6.2032622101e-02
8.4183301081e-01 2.1520906361e-01 -4.9497701043e-01
1.4875295963e-02 9.0746962992e-01 4.1985425608e-01
5.3953304578e-01 -3.6081010202e-01 7.6073659225e-01
6.7617661275e-01 -2.3760740242e+00 -1.7208253131e+01
0 0 0
0 0 0
0 0 0
0 0 0
0 0 0
5.9650112146e+02 -9.1709670180e-02 9.1233970494e-02
8.2399639439e-01 2.0282405886e-01 -5.2904852630e-01
-3.7416507916e-02 9.5117367408e-01 3.0637990579e-01
5.6535824658e-01 -2.3266078931e-01 7.9135264588e-01
9.8618527130e-01 -4.9252828458e-01 -1.8089397670e+01
0 0 0
0 0 0
0 0 0
0 0 0
0 0 0
1.6698753335e+03 -1.4394985702e-01 -2.5990036349e-02
8.5617506960e-01 2.1938389394e-01 -4.6779798767e-01
-1.1349148884e-02 9.1314848332e-01 4.0746907150e-01
5.1656117451e-01 -3.4355575164e-01 7.8430478674e-01
1.1853241101e-01 -2.3341552531e+00 -1.8181663662e+01
1.3510020706e+00 1.2617953108e+00 1.8612546719e+00
99 99 89
4 25 3516 623.6600 520.8000 39 3187 332.3600 353.2200 75 2887 720.7600 361.2400 20 3746 235.7400 70.1200
5.1182552046e-01 -6.6120794176e-01 1.4674932024e+00
121 120 107
2 25 1894 344.7100 -48.8100 39 1940 272.6801 -24.6700
1.9276043584e+00 -1.1890378788e-01 1.6219775669e+00
169 174 167
3 25 2078 932.9199 214.9299 39 2136 576.5900 170.3900 20 2381 336.7100 -74.8600
4.4114265274e-02 -1.9773251789e+00 1.0883160382e+00
168 173 175
17 25 2509 108.1200 -581.2300 39 2448 360.3000 -372.6100 19 2225 138.9200 -145.0700 33 4261 91.6000 341.8800 7 9070 16.0800 -155.6500 16 17222 -11.7500 68.3400 30 7509 -13.6300 263.1900 2 5120 68.6300 -595.6500 10 11494 -93.2800 1415.8101 23 2379 -106.3600 860.5000 37 21490 12.4200 -113.6801 48 5868 -439.6700 -33.3800 57 15091 -70.7300 -244.2400 4 10938 35.2700 -297.3000 70 13515 -69.6400 -88.1899 14 31752 73.1000 -257.7200 55 6242 528.2300 671.4900
2.0963806658e+00 -2.0480808896e-01 1.6154200966e+00
169 172 165
3 25 2059 1020.0100 200.8301 39 2134 626.4700 165.9200 20 2359 368.5700 -81.1500
-1.5335912675e+00 5.1767452506e-01 1.3845260451e+00
94 91 82
2 25 3178 -313.2800 195.0400 39 2912 -166.9800 93.5200
1.7476254684e-01 -2.0524154770e+00 1.0825747007e+00
76 68 45
6 25 2502 166.1100 -614.6000 39 1706 400.0800 -387.6900 33 4258 129.8700 316.9000 11 3194 21.1400 466.7800 30 16217 8.3600 248.9900 10 48904 -71.2600 1398.2700
1.6389167935e+00 -2.0463569597e-01 1.5874186200e+00
107 98 81
4 25 3143 806.7300 170.7700 39 2967 513.8900 136.8800 75 2550 925.9800 4.7400 20 3334 287.1100 -95.0400
-8.2527375322e-02 -2.0107565952e+00 1.0735852237e+00
82 76 56
4 25 115 48.2600 -598.9000 39 107 327.4301 -388.1700 19 86 105.6500 -156.2700 33 348 54.0200 332.8500
3.0948265991e-01 -2.0358385206e+00 1.0944975818e+00
154 155 155
3 25 114 231.2100 -607.2400 39 108 437.7300 -376.9400 19 142 209.7600 -158.1600
6.0622855024e-01 -1.4008761283e+00 1.2482276377e+00
159 160 152
4 25 328 377.7700 -309.3400 39 548 436.3199 -188.9400 75 271 484.1600 -489.5601 19 405 272.8800 -3.6700
-3.9309070938e-02 -2.1108367742e+00 1.0586484359e+00
138 140 135
3 25 450 66.9500 -646.5900 39 742 342.1300 -414.5400 19 593 116.3800 -182.5500
3.7947854058e-01 -1.3469081768e+00 1.2431637230e+00
135 135 130
4 25 790 274.4700 -295.5800 39 829 375.0400 -186.4000 75 447 372.0601 -473.9399 19 652 217.1800 2.1000
6.3255191865e-01 4.8700236838e-01 1.6569931943e+00
141 148 140
3 25 1003 385.9700 291.1400 39 1049 244.4600 193.2000 19 740 240.7400 294.8800
7.8501206315e-02 -2.0209644235e+00 1.0822422114e+00
76 68 47
3 25 1146 122.3700 -602.6600 39 1192 372.2500 -383.8400 19 919 146.3600 -156.2300
-1.9481783690e-01 -1.9175185290e+00 1.0833528356e+00
148 151 149
5 25 1160 1.5300 -556.4301 39 1200 295.3199 -366.0400 19 926 77.4600 -132.3400 30 3617 -54.2700 271.2900 35 2372 30.9100 -359.6300
2.0686033647e-02 -1.9109650633e+00 1.1000985551e+00
141 142 132
4 25 708 99.5900 -548.1500 39 1202 349.5200 -353.2000 19 927 131.9300 -128.0500 33 2056 86.2500 366.1300
1.2942143420e+00 -8.6506689339e-01 1.4011279492e+00
150 153 153
3 25 1339 685.4301 -68.1000 39 1350 555.3300 -23.2500 19 1053 436.0800 122.3200
1.5332921253e+00 2.1155255654e+00 2.0575510543e+00
135 141 140
5 25 1091 658.2400 691.9000 39 1130 290.5200 471.3700 75 932 751.8101 530.1799 19 1196 372.5000 500.9299 20 1084 266.4600 171.9700
4.7527079017e-01 -2.4358434679e+00 1.0258335378e+00
45 43 31
3 25 1682 321.1700 -820.9700 39 1665 517.6500 -496.3101 19 1432 263.4200 -269.6100
3.3057691487e-01 -2.1091228997e+00 1.0811875571e+00
65 59 44
3 25 1142 242.3400 -644.2500 39 1704 450.2400 -398.6700 19 1456 215.2100 -176.3600
9.2077733763e-03 -1.9980483577e+00 1.0825406819e+00
83 75 59
3 25 1147 91.2600 -592.5000 39 1707 351.3400 -379.7700 19 1461 127.7500 -151.2200
-2.4310684395e+00 1.6790940959e+00 1.6743667330e+00
93 95 88
4 25 1509 -443.2000 361.7500 39 1517 -271.3200 196.3400 75 1204 -382.6900 201.9100 19 1740 -220.6000 333.9600
1.7022320197e-01 -2.0269368301e+00 1.0875222455e+00
159 165 161
4 25 2506 166.0800 -602.0800 39 2437 397.9500 -380.0400 19 2217 171.2100 -154.4700 33 4259 129.9900 325.5801
-8.6537855898e-02 -1.9648891793e+00 1.0818851983e+00
73 62 44
3 25 2512 48.4200 -577.9800 39 2443 324.4200 -375.4000 19 2226 103.7900 -144.3300
-4.1627550857e+00 1.0134663089e+00 1.3530585884e+00
72 68 50
5 25 2018 -884.5400 154.7400 39 1410 -549.7300 32.3800 75 1138 -838.2100 -9.7000 19 2476 -466.9200 216.3300 20 3314 -331.4700 -105.4600
-3.9934999082e+00 1.1639384719e+00 1.4061545182e+00
161 162 153
5 25 2050 -832.5800 192.2900 39 2019 -515.4200 60.6200 75 1682 -784.7600 28.9100 19 2512 -438.2600 237.3700 20 2335 -313.7200 -91.7000
1.5794630708e+00 1.9696868252e+00 2.0299854061e+00
165 182 189
4 25 3655 679.9700 670.8500 39 3250 306.1600 459.6700 75 2997 775.1100 509.1000 19 2780 385.6600 489.0900
9.9255299834e-02 -2.2222949466e+00 1.0443802684e+00
131 132 125
3 25 2477 128.8500 -703.6400 39 3385 391.8300 -443.1700 19 3233 152.7400 -209.0200
4.1604863538e-01 -2.1393646069e+00 1.0805655173e+00
68 64 50
3 25 2491 285.1500 -659.4100 39 3439 477.7200 -404.2100 19 3240 239.9500 -183.3000
-1.2243678890e-02 -1.8882670898e+00 1.1017560758e+00
145 148 139
4 25 2548 84.4600 -540.9200 39 3544 338.8600 -350.0300 75 2081 172.4500 -732.9000 19 3278 123.6600 -123.8400
5.9472138538e-01 -1.5689393535e-01 1.5142178642e+00
139 138 127
4 25 3099 372.2800 125.5900 39 2888 297.1300 71.3600 75 2518 464.6300 -40.7300 19 3654 238.5600 207.2600
-4.1612594867e+00 1.1915793087e+00 1.3978990385e+00
88 82 71
5 25 3163 -864.7600 189.6799 39 2869 -538.6800 57.8500 75 2574 -817.1100 26.4200 19 3696 -456.4700 235.9900 20 4874 -324.6900 -92.1700
-4.5418870572e-01 5.4452620715e-01 1.6547967426e+00
71 67 51
2 25 4768 32.2700 217.4700 39 4243 41.6900 128.3400
6.1346157327e-01 1.1403413743e+00 1.7856091275e+00
56 56 48
5 25 5015 374.6700 439.8300 39 4438 198.8200 290.5400 75 4098 461.5800 278.9000 19 3873 228.9100 372.1000 20 5256 137.9700 30.9400
-4.0318451198e+00 2.9375868657e+00 1.7945764065e+00
168 173 169
4 25 3469 -675.2700 480.5200 39 3135 -495.0000 272.4500 75 2831 -618.0600 317.9500 19 3896 -362.3700 390.7700
2.3772386932e-01 -2.0870750201e+00 1.0795891181e+00
119 120 108
3 25 5557 197.0000 -633.7400 39 4919 421.6600 -396.4500 19 4779 189.5400 -171.4000
-1.4174878922e+00 -1.8732043441e+00 1.0008502866e+00
150 156 151
3 25 3883 -484.4900 -560.8600 39 3436 8.9400 -409.8600 19 4805 -195.5400 -139.2300
-1.9588615322e+00 -1.8026127033e+00 9.7307865463e-01
53 50 39
4 25 5648 -666.7800 -541.5800 39 3433 -108.4900 -413.8000 75 3146 -626.6500 -727.4900 19 4844 -298.5100 -130.2600
-1.6498376772e+00 -1.8118256840e+00 9.9512001734e-01
72 68 56
4 25 5657 -561.8200 -539.4200 39 4900 -43.7700 -403.4800 75 3154 -515.2500 -725.9301 19 4853 -240.0500 -128.7000
-4.6115342746e-01 -1.8703204233e+00 1.0730446421e+00
143 149 141
4 25 3930 -110.5800 -540.9301 39 3513 227.7100 -365.5700 75 3138 -36.7200 -731.3199 19 4864 14.0600 -125.4900
-3.0131004878e+00 -8.5624459613e-01 1.0977436495e+00
60 59 48
4 25 4211 -851.8400 -242.9600 39 3699 -312.4600 -239.1900 75 3437 -813.6000 -411.2500 19 5150 -417.2500 24.2800
-1.8894803325e+00 -8.8204408333e-01 1.1744808409e+00
136 137 120
3 25 6129 -530.2600 -213.7700 39 5275 -122.8200 -195.0800 19 5175 -238.4300 40.2200
-1.5495317772e+00 -8.9164329299e-01 1.1984251642e+00
133 126 110
6 25 4250 -423.9200 -201.8900 39 3793 -58.3600 -179.8100 75 3468 -367.7600 -370.7300 19 5195 -178.9800 46.9200 20 4206 -182.8000 -293.5800 33 6391 -302.5200 682.9500
-2.4936533204e+00 -7.1317830390e-01 1.1718858836e+00
80 72 49
4 25 6191 -689.5700 -182.6000 39 3779 -224.9100 -187.1300 75 3497 -643.6100 -349.0800 19 5221 -328.6100 56.3900
2.1387877737e-01 -2.7581124802e-01 1.5506930150e+00
143 139 119
2 25 6492 234.6801 46.8000 39 5672 185.2500 29.5800
5.7938523951e-01 1.0848860063e+00 1.7728028813e+00
49 49 42
4 25 10180 365.0601 425.4500 39 6094 192.9500 281.4700 75 5790 451.5800 264.2400 19 5722 223.5200 363.6000
5.9922475491e-01 1.1004636717e+00 1.7773405437e+00
125 127 119
5 25 7132 370.2000 429.8900 39 6098 197.0400 283.9400 75 5797 457.3000 269.0800 19 5729 226.6900 366.3200 20 7886 136.4600 27.6300
5.9922475491e-01 1.1004636717e+00 1.7773405437e+00
125 127 119
5 25 7133 370.2000 429.8900 39 6099 197.0400 283.9400 75 5798 457.3000 269.0800 19 5730 226.6900 366.3200 20 7887 136.4600 27.6300
1.0998885208e+00 2.7844482566e+00 2.1625020392e+00
111 111 110
4 25 7726 506.3300 767.8700 39 6349 189.8400 517.2700 75 6335 592.5601 605.2300 19 6047 288.2200 540.8800
7.9542976156e-01 -2.4510662018e+00 1.0403416741e+00
76 73 65
3 25 7851 499.0400 -833.6300 39 6495 623.5699 -487.4100 19 6761 363.1400 -272.9000
-6.9724904987e-02 -1.9532408848e+00 1.0856711382e+00
144 147 143
5 25 5591 57.3600 -570.5300 39 4965 328.7000 -370.0900 19 6904 108.9200 -139.5500 33 8631 56.8300 351.2000 55 17354 509.7100 678.3800
6.0702439593e-02 -1.8590248084e+00 1.1116256652e+00
56 49 41
4 25 5723 118.4301 -526.3101 39 5031 356.5500 -339.4300 75 4583 209.2400 -717.7100 19 7015 141.7100 -115.3700
1.1795199643e+00 -1.5964982486e+00 1.2448262795e+00
59 55 45
4 25 8371 667.1500 -374.6500 39 7090 618.2000 -209.6000 75 4776 798.6899 -562.7900 19 7224 438.9200 -34.9200
5.0700075049e-01 -1.0946916740e+00 1.2971267717e+00
148 134 117
4 25 6172 331.6100 -194.3800 39 5401 388.2600 -122.7100 75 3474 431.1801 -366.8500 19 7450 243.8900 55.3000
5.0700075049e-01 -1.0946916740e+00 1.2971267717e+00
148 134 117
4 25 6173 331.6100 -194.3800 39 5402 388.2600 -122.7100 75 3475 431.1801 -366.8500 19 7451 243.8900 55.3000
2.1387877737e-01 -2.7581124802e-01 1.5506930150e+00
143 139 119
2 25 6491 234.6801 46.8000 39 5671 185.2500 29.5800
3.0044248051e-01 1.1298465534e+00 1.7611848374e+00
166 175 177
4 25 10165 274.7700 415.6200 39 8069 140.9900 270.8300 75 8015 357.9700 254.2900 19 8223 173.4000 358.6800
-3.3074624944e+00 2.4592672260e+00 1.7498411236e+00
140 143 132
4 25 7172 -571.7100 446.4000 39 6047 -411.5300 252.8300 75 5817 -513.5400 284.2300 19 8265 -301.6100 372.5400
4.9881326925e-03 1.3844665905e+00 1.7904632171e+00
169 181 178
4 25 7174 186.7200 447.4700 39 6110 78.7300 288.3000 75 5822 265.9200 286.4100 19 8273 123.0100 375.1700
-4.1073169311e+00 3.1468470718e+00 1.8358604456e+00
168 171 165
4 25 7341 -673.2500 505.4500 39 4440 -498.8000 290.3900 75 5958 -615.3500 342.7200 19 8405 -361.3200 404.2100
-4.1073169311e+00 3.1468470718e+00 1.8358604456e+00
168 171 165
4 25 7342 -673.2500 505.4500 39 4441 -498.8000 290.3900 75 5959 -615.3500 342.7200 19 8406 -361.3200 404.2100
-1.7742451805e-01 1.7485572457e+00 1.8522785771e+00
176 176 163
4 25 10476 138.9000 504.3101 39 6189 37.7500 324.6800 75 5960 216.0400 344.4299 19 8414 94.7600 405.5701
9.6414426786e-01 2.3671409755e+00 2.0674738778e+00
130 140 142
5 25 7606 476.2900 690.2300 39 6328 177.8900 466.3101 75 6194 561.8500 527.3900 19 8577 271.5700 498.7900 20 8705 195.0400 169.8000
-7.8310113203e-01 -2.2657026151e+00 9.6864349507e-01
44 47 35
3 25 11469 -275.7700 -732.5000 39 8662 174.2000 -494.9301 19 9888 -71.0200 -226.0600
-1.1130088501e-01 -1.9683553627e+00 1.0791865456e+00
130 130 114
3 25 8015 36.6700 -580.3101 39 8960 319.0500 -377.5600 19 10025 97.8400 -144.9500
2.3012848799e-01 -1.6608942489e+00 1.1669162662e+00
152 151 139
5 25 12072 203.4900 -431.2900 39 9322 373.1400 -276.4200 75 6711 298.5000 -618.3101 19 10420 183.1700 -68.4600 33 33312 164.8500 468.7500
8.6638563481e-01 -1.7024415871e+00 1.2045883083e+00
63 54 47
4 25 12067 510.2100 -432.8500 39 9445 540.2500 -254.1000 75 9344 629.3700 -622.7600 19 10427 353.2100 -67.1200
9.9431478240e-01 4.4836244364e-02 1.5757481784e+00
175 191 194
4 25 9625 522.5601 202.4600 39 7841 374.7300 139.1800 75 7617 623.5699 41.0100 19 11611 327.1000 256.4100
-3.1994062390e+00 1.1728374427e+00 1.4702807950e+00
53 54 46
4 25 14102 -658.3000 231.0300 39 7737 -406.1000 97.9500 75 10649 -605.6000 68.2600 19 11632 -340.7900 259.3600
7.1811844483e-01 2.8102479801e-01 1.6225407230e+00
76 73 61
4 25 14154 417.4200 247.3301 39 10721 271.2200 166.5000 75 10692 509.8500 84.4800 19 11682 261.2100 271.3500
1.4303534207e+00 9.7472263103e-01 1.8092886625e+00
112 112 103
3 25 14976 664.2600 464.9700 39 11256 364.8900 319.0500 19 12245 389.1500 386.0100
-5.0019564888e+00 3.4259990650e+00 1.8247180102e+00
77 78 70
3 25 10453 -804.2800 498.5400 39 8089 -590.4500 279.4300 19 12370 -435.8400 400.0300
1.7194383568e+00 1.0832043048e+00 1.8504876491e+00
169 171 168
3 25 10512 765.5200 512.4000 39 8273 416.1200 353.0100 19 12455 443.8800 412.5100
-4.0530807956e+00 5.2559701943e+00 2.2856040863e+00
151 157 151
3 25 16336 -520.1400 750.3600 39 11679 -485.1800 475.9399 19 12868 -288.2300 530.6500
-3.7504317402e+00 5.3002928328e+00 2.3236848955e+00
68 67 72
3 25 11089 -469.5200 768.9800 39 8448 -451.1800 490.4600 19 12934 -260.0900 540.9900
-4.4327938245e+00 2.8036463936e+00 1.7277500635e+00
46 52 51
4 25 424 -760.4100 443.9399 39 271 -547.8700 241.4500 75 356 -707.1000 278.6700 20 416 -285.0000 28.6100
-2.4527198920e+00 -3.8321785644e-01 1.2386240793e+00
156 158 151
3 25 1329 -634.6000 -86.4200 39 1274 -234.2300 -119.6500 20 1346 -253.0700 -241.8200
-5.2847598670e+00 1.1501697677e+00 1.2945616091e+00
83 83 75
3 25 975 -1089.3800 132.6600 39 967 -689.8600 3.4300 20 1536 -405.8500 -116.0800
-2.7198206918e-01 1.3155039235e-01 1.6604964395e+00
104 97 78
2 25 965 83.6500 117.5500 39 1007 79.8500 67.0400
-4.8402191793e+00 1.0890699308e+00 1.3134206744e+00
149 159 152
4 25 979 -1013.4200 139.3300 39 979 -641.1000 14.6400 75 821 -969.8700 -26.1100 20 1560 -377.8800 -110.6600
2.0003129202e+00 -4.2329491312e-01 1.5677615263e+00
31 28 24
2 25 1420 997.3101 125.1800 39 1476 622.9301 118.8800
-5.1787645301e+00 1.2038238361e+00 1.3139270083e+00
87 88 76
3 25 1435 -1063.5900 147.3100 39 980 -676.5000 15.3300 20 1562 -397.2300 -109.5400
-5.6090374895e+00 1.3827564477e+00 1.3226034077e+00
87 82 68
3 25 1442 -1118.4800 162.6000 39 984 -715.4400 22.7300 20 1593 -415.9100 -104.0900
-4.2131351231e+00 1.2711483193e+00 1.4106354630e+00
167 173 168
4 25 2060 -867.8800 202.3101 39 2024 -545.0100 65.4400 75 1691 -819.8400 38.6300 20 2341 -326.3700 -87.1900
1.7732881016e+00 -1.2545018768e-01 1.6113961397e+00
167 170 163
4 25 3195 861.6300 204.0500 39 3003 538.2000 160.3700 75 1689 983.1000 39.1900 20 2365 309.3200 -79.8800
-2.7484637140e+00 -5.9298131456e-01 1.1840816367e+00
142 145 134
3 25 2878 -743.8100 -156.1500 39 2611 -263.3600 -174.1100 75 2352 -699.1600 -321.0000
-2.3451431875e+00 -3.7550019232e-01 1.2479865118e+00
143 160 164
3 25 1874 -604.7700 -79.9700 39 1875 -216.6900 -113.5400 20 3011 -241.8400 -238.5300
6.5372191492e-01 9.4973105020e-02 1.5942299769e+00
95 96 88
3 25 4708 390.8500 184.4600 39 4229 270.0900 124.5200 20 3351 132.6400 -90.1900
-4.5390038162e+00 1.7079077608e+00 1.4831196815e+00
92 92 90
4 25 3260 -885.4800 266.3900 39 2083 -574.5700 109.9000 75 2659 -837.4600 103.1200 20 3426 -331.9100 -58.0800
-4.0022661224e+00 1.5745789896e+00 1.4959664334e+00
68 69 64
4 25 3264 -792.7700 267.0100 39 2091 -510.3800 115.6200 75 2657 -742.1400 104.3100 20 3427 -298.8100 -57.4400
-4.2407665854e+00 3.3595567642e+00 1.8717995503e+00
63 64 49
4 25 3536 -682.2300 528.8400 39 3152 -509.2100 306.1500 75 2897 -623.8900 366.0300 20 3725 -255.1500 65.2700
1.3042739436e+00 1.2905258541e+00 1.8636077844e+00
90 91 84
4 25 3520 606.2600 523.1600 39 3189 321.8000 354.3700 75 2893 702.3500 363.8700 20 3751 229.2200 70.7300
-5.6562188897e+00 5.2608207619e+00 2.1352626447e+00
147 157 162
4 25 2342 -769.4600 678.9900 39 2262 -651.5700 416.9400 75 1971 -709.2800 511.3700 20 3908 -283.3500 154.3700
1.9886160154e+00 -8.3209583482e-01 1.4810459027e+00
171 176 179
2 25 4520 1033.8601 -17.8900 39 5673 676.0900 32.2600
-4.8249768070e+00 1.4808919352e+00 1.4081264945e+00
156 158 145
3 25 4759 -965.7100 214.1400 39 2882 -617.6900 67.9500 20 4932 -360.9600 -81.6500
-4.8300614463e+00 1.4831586554e+00 1.4087941962e+00
156 158 145
4 25 4760 -965.7100 214.1400 39 2883 -617.6900 67.9500 75 3861 -919.9200 50.7800 20 4933 -360.9600 -81.6500
-4.7399620784e+00 1.4717276072e+00 1.4140207456e+00
157 155 147
4 25 4766 -949.4900 216.0601 39 2887 -606.1900 70.4600 75 3869 -903.9900 52.4100 20 4935 -355.3200 -80.8400
1.6906536989e+00 1.0966415948e+00 1.8496289920e+00
171 173 166
3 25 5115 755.2300 514.7300 39 4516 410.2000 354.3200 20 5477 286.2700 68.2400
1.5648288846e+00 1.1552723986e+00 1.8548747703e+00
159 163 158
4 25 5118 704.8000 514.5701 39 4513 380.5800 352.2800 75 2882 806.4200 355.2200 20 5480 267.0900 67.7900
1.7413534068e+00 1.0822723853e+00 1.8501047284e+00
168 170 164
3 25 5120 775.1600 515.8101 39 4522 421.6400 355.6700 20 5488 294.1000 68.7700
1.8351323184e+00 1.0539122690e+00 1.8506392486e+00
164 169 163
3 25 5125 812.7500 517.1899 39 4528 443.0400 358.0900 20 5492 308.5300 69.6700
1.9879667306e+00 1.0154773004e+00 1.8528458710e+00
119 120 121
3 25 5140 874.6500 521.8500 39 6248 478.5400 362.5500 20 5503 332.3100 72.1500
-2.2158847368e+00 -4.6416382193e-01 1.2325478976e+00
154 159 154
3 25 4406 -578.1600 -101.3600 39 3869 -199.3200 -125.0600 20 6397 -232.3800 -245.5000
-4.9627662450e+00 8.5892543100e-01 1.2534366355e+00
153 160 154
3 25 9308 -1065.8199 87.7100 39 5570 -663.9300 -25.7500 20 6978 -397.1700 -133.7100
-1.8598500677e+00 3.5097392978e-01 1.3395032391e+00
47 47 39
2 25 6614 -417.9100 130.2100 39 4140 -215.5900 43.5500
-3.5276286733e+00 8.6031580577e-01 1.3736042192e+00
97 94 80
4 25 6649 -765.3100 151.4600 39 5688 -457.4100 37.1000 75 5394 -716.4500 -12.3800 20 7097 -289.9900 -110.1600
-3.8197643282e+00 3.1250304685e+00 1.8542863701e+00
140 139 129
4 25 7378 -622.4800 517.6500 39 6139 -466.3900 300.7900 75 5987 -563.8500 355.0200 20 8154 -233.5000 61.2200
2.0101639120e+00 9.9500918145e-01 1.8504858356e+00
171 179 171
3 25 5127 884.8500 518.5601 39 4531 484.3199 361.3000 20 8241 336.3300 70.7000
-7.8086548570e-01 -1.7346583511e+00 1.0750338641e+00
61 66 74
3 25 5807 -231.7200 -489.1600 39 5013 150.6000 -344.5600 75 4672 -164.9700 -673.5900
6.3306743892e-01 5.4760326102e-03 1.5747199491e+00
156 162 158
2 25 9477 385.9000 159.8000 39 7760 273.0900 108.5900
9.7488105849e-03 1.4182934219e+00 1.7993623374e+00
116 117 111
3 25 14884 188.0300 453.5100 39 11111 78.6700 292.3400 75 11256 267.5200 292.1600
-3.8441674636e+00 3.2084179035e+00 1.8763684191e+00
64 61 51
2 25 23384 -618.5200 524.0300 39 11188 -464.2800 305.6900
-3.8441674636e+00 3.2084179035e+00 1.8763684191e+00
64 61 51
2 25 23385 -618.5200 524.0300 39 11189 -464.2800 305.6900
3.0443245835e-01 -2.2614094964e+00 1.0499235101e+00
122 124 113
2 25 108 229.7900 -723.4200 39 103 452.9301 -447.4000
7.1932028270e-01 -2.2074531341e+00 1.0866878823e+00
170 186 202
2 25 109 445.1500 -692.9000 39 106 572.4100 -410.6700
7.6867355909e-01 -2.0281344693e+00 1.1279099048e+00
165 175 177
2 25 179 467.6600 -596.3400 39 182 561.9200 -353.1300
-2.5091606595e+00 -9.3933057891e-01 1.1215718831e+00
47 38 29
2 25 205 -717.0000 -251.7900 39 205 -226.3900 -233.1100
-8.2643742127e-01 -1.0715137181e+00 1.2078273842e+00
119 116 106
3 25 209 -194.0800 -237.3700 39 222 91.1700 -185.4900 75 176 -125.4900 -408.6801
7.0868819048e-01 -1.2127080564e+00 1.2890231754e+00
136 139 130
3 25 218 423.1000 -229.5200 39 231 448.1899 -139.1400 75 92 530.3400 -406.0100
-2.3618546531e+00 -8.4892230492e-01 1.1536823347e+00
111 113 108
2 25 222 -664.7900 -217.2500 39 213 -199.3300 -208.8300
-2.3618546531e+00 -8.4892230492e-01 1.1536823347e+00
111 113 108
2 25 223 -664.7900 -217.2500 39 214 -199.3300 -208.8300
4.5706170912e-01 -1.2766134641e+00 1.2613437230e+00
45 41 30
3 25 345 309.7800 -264.9000 39 562 388.4500 -166.6500 75 282 409.8000 -441.1899
7.6587525350e-01 -2.3357940314e+00 1.0617107402e+00
71 72 64
2 25 447 474.3300 -764.9600 39 460 604.3800 -451.0000
-4.8361807118e+00 1.6722375718e+00 1.4491926158e+00
168 179 174
3 25 624 -946.4000 248.1300 39 400 -614.2500 92.9000 75 546 -898.8300 84.9400
2.1853852953e+00 6.8950252792e-01 1.8011065374e+00
136 139 132
2 25 660 979.7200 459.6600 39 691 548.8300 328.0300
8.3485492647e-01 -2.3750341008e+00 1.0581983740e+00
88 85 71
2 25 696 514.5900 -788.1100 39 1171 629.5699 -458.9500
8.6788422886e-01 -2.3578022180e+00 1.0632772311e+00
162 164 178
2 25 697 532.5601 -778.1801 39 1173 639.1100 -452.0400
9.5040022836e-01 -2.4156481805e+00 1.0552065755e+00
160 166 177
2 25 1116 583.1600 -812.6700 39 1680 673.2200 -467.5800
5.2326426588e-01 -2.4125087308e+00 1.0331066033e+00
143 145 144
2 25 1118 343.8500 -808.2200 39 1669 532.7500 -485.3600
4.8343762866e-01 -2.1779150452e+00 1.0774349158e+00
82 77 64
2 25 1138 319.5400 -678.5300 39 1183 500.4700 -412.4900
-7.1722788441e-01 -2.1460231429e+00 9.9736706283e-01
164 168 169
2 25 1139 -238.0500 -673.3199 39 1172 186.4900 -456.7200
4.4841238251e-01 -2.1263308979e+00 1.0855638381e+00
168 179 181
2 25 1140 301.4000 -651.6300 39 1703 485.0699 -398.3700
-1.2180595229e-01 -1.9140471234e+00 1.0887365778e+00
144 146 143
2 25 1162 34.5200 -554.9700 39 1714 313.1801 -362.8800
-1.2180595229e-01 -1.9140471234e+00 1.0887365778e+00
144 146 143
2 25 1163 34.5200 -554.9700 39 1715 313.1801 -362.8800
1.1361819160e+00 -1.3810665657e+00 1.2884865886e+00
57 59 46
3 25 1247 633.4800 -280.9500 39 1832 572.8101 -154.2800 75 1009 759.2700 -461.2600
-2.5552107078e+00 -9.5132939813e-01 1.1107209472e+00
46 42 31
3 25 1250 -735.5600 -257.2200 39 1229 -237.4400 -238.8100 75 1015 -692.7100 -427.6000
-2.3121930066e+00 -4.6709599519e-01 1.2272016068e+00
138 140 135
3 25 1306 -605.5400 -108.1700 39 1266 -213.8000 -131.2400 75 1045 -556.1500 -273.4200
1.8897669112e+00 -7.3199370713e-01 1.4973365816e+00
81 82 71
2 25 1371 972.5500 11.8700 39 1428 634.4500 47.4100
1.8509915892e+00 -6.9928432466e-01 1.5018050163e+00
80 80 68
2 25 1374 949.8201 21.0000 39 1431 620.3101 51.7500
1.4271521093e-01 -4.9184301296e-02 1.5865013370e+00
151 145 133
2 25 1407 211.7300 104.6500 39 1441 163.3100 65.8900
1.4271521093e-01 -4.9184301296e-02 1.5865013370e+00
151 145 133
2 25 1408 211.7300 104.6500 39 1442 163.3100 65.8900
-4.8565337580e+00 9.9979093658e-01 1.2910879033e+00
34 32 19
3 25 1419 -1028.0000 123.2800 39 1378 -647.6000 2.4400 75 1123 -984.7300 -41.8100
-4.5673161085e+00 1.0545355750e+00 1.3269653215e+00
156 158 155
3 25 1433 -964.0200 146.3800 39 1400 -607.0600 21.8000 75 1134 -919.8400 -18.4900
3.7469519332e-01 2.0077338948e-01 1.6026562114e+00
160 171 164
2 25 1458 292.0300 193.7100 39 1479 207.7700 125.7400
-3.3053178101e+00 1.1267886429e+00 1.4487281906e+00
157 158 151
3 25 1469 -687.8500 216.6799 39 1458 -424.4100 87.0300 75 1161 -635.3600 53.2300
-1.0326271627e-01 5.0382290870e-01 1.6416579974e+00
163 168 156
2 25 1477 137.0000 235.8401 39 1490 103.6800 145.0700
-2.1072662476e-01 5.5186418507e-01 1.6476465325e+00
168 172 161
2 25 1479 104.6801 239.5100 39 1491 82.7700 145.8700
-5.9681889572e+00 3.5565114101e+00 1.7662218051e+00
153 162 163
3 25 1551 -953.1500 474.8000 39 1072 -690.2200 254.1000 75 1244 -899.3400 310.8400
8.8994781384e-01 -2.4037540483e+00 1.0542543486e+00
90 91 78
2 25 1684 547.1899 -805.3900 39 2383 652.9399 -466.7800
-6.7680946391e-01 -2.1638801801e+00 9.9658542987e-01
83 77 62
2 25 1705 -221.8700 -681.5400 39 1684 196.4400 -461.0500
-2.3679185055e+00 -3.9869351068e-01 1.2393252816e+00
61 63 51
3 25 1865 -614.4300 -90.8900 39 1870 -222.2600 -120.8400 75 1055 -563.8700 -255.8400
4.2125732363e-01 -2.9930874641e-01 1.5349754662e+00
156 155 150
2 25 1945 308.9200 54.7100 39 1417 233.3700 39.4400
-2.3027582263e+00 1.5732304997e-01 1.3638474275e+00
171 173 172
3 25 1946 -537.9600 54.4100 39 1943 -223.7600 -19.1200 75 1590 -483.5700 -107.4200
-4.4368151621e+00 7.4840603251e-01 1.2698493891e+00
138 145 140
3 25 1968 -974.1700 89.8900 39 1944 -598.2300 -17.1400 75 1607 -931.6000 -75.8300
-1.4817844192e-03 4.0503625391e-02 1.6082413734e+00
142 138 126
2 25 1982 164.9500 117.6000 39 1448 132.1500 71.8300
-1.5428204108e-01 1.2742529146e-01 1.6357530758e+00
147 143 130
2 25 1991 118.2000 127.7500 39 2039 100.9600 75.6000
8.7096792570e-02 1.1415842840e-01 1.6023608984e+00
143 143 133
2 25 2008 193.9301 146.0800 39 2059 149.4600 91.2500
1.3381449594e-02 1.6505371943e-01 1.6142028804e+00
146 143 131
2 25 2015 170.6200 153.5400 39 2062 132.9300 94.4900
-1.2670498399e-01 2.4094210816e-01 1.6312365110e+00
148 143 129
2 25 2022 127.1500 162.0300 39 2069 104.6100 97.9500
-4.3028029699e+00 1.0790547201e+00 1.3547487311e+00
68 66 53
3 25 2026 -907.0400 163.1699 39 993 -569.2700 35.8000 75 1141 -862.2700 -2.1400
2.9977637955e-01 2.5690345368e-01 1.6086690278e+00
177 182 180
2 25 2062 266.0900 203.4700 39 2111 190.9000 130.5400
-4.3600339014e+00 1.3323851727e+00 1.4127885485e+00
164 165 161
3 25 2068 -890.5900 208.3800 39 2028 -562.3300 68.1200 75 1699 -843.6000 44.9500
2.0886643681e-01 3.6785472940e-01 1.6244987577e+00
98 99 91
2 25 2087 236.1500 225.4700 39 2124 167.9700 143.2700
1.2353206771e-01 4.2268262929e-01 1.6328770435e+00
107 106 95
2 25 2096 208.6000 232.7000 39 2128 148.6600 146.4100
3.6165477423e-02 4.6944724055e-01 1.6372830627e+00
104 104 94
2 25 2097 180.6500 238.1599 39 2129 130.7700 148.6800
-2.9228650145e-01 5.8950516893e-01 1.6521930703e+00
171 175 171
2 25 2102 80.6899 242.7300 39 1492 67.3800 146.4200
9.6592892278e-01 6.9604072102e-01 1.7059672273e+00
79 73 66
2 25 2146 497.3700 373.2800 39 2175 313.0800 248.2500
2.1357943219e+00 7.2506083783e-01 1.8055047079e+00
138 139 132
2 25 2184 956.0200 464.5400 39 2224 534.1100 329.2100
-5.7127754593e+00 3.6567208301e+00 1.8100704231e+00
154 158 157
3 25 2215 -904.1700 498.0100 39 2197 -662.1000 274.1500 75 1859 -849.6000 334.5500
8.1068384243e-01 -2.4257474117e+00 1.0466270400e+00
67 61 50
2 25 2432 503.5900 -817.4500 39 2377 625.5800 -477.6600
3.7827029862e-01 -2.3685217063e+00 1.0328962328e+00
71 68 50
2 25 2449 266.8199 -782.6300 39 2378 485.0601 -477.5900
5.6508507764e-01 -2.2449809047e+00 1.0690714034e+00
126 123 108
2 25 2472 362.9600 -714.3000 39 2406 531.3101 -429.6899
5.6508507764e-01 -2.2449809047e+00 1.0690714034e+00
126 123 108
