# Bundle file v0.3
90 4183
0 0 0
0 0 0
0 0 0
0 0 0
0 0 0
0 0 0
0 0 0
0 0 0
0 0 0
0 0 0
2.0895453973e+03 -1.0618948298e-02 3.6124516833e-02
8.4911881505e-01 2.3629656116e-01 -4.7239937881e-01
3.9183843504e-02 8.6371004542e-01 5.0246351495e-01
5.2674648962e-01 -4.4516164775e-01 7.2413344284e-01
1.3229059412e+00 -2.1593711764e+00 -1.3254390231e+01
0 0 0
0 0 0
0 0 0
0 0 0
0 0 0
0 0 0
0 0 0
0 0 0
0 0 0
0 0 0
0 0 0
0 0 0
0 0 0
0 0 0
0 0 0
0 0 0
0 0 0
0 0 0
0 0 0
0 0 0
1.9123887457e+03 -8.1205846674e-02 1.1752944023e-01
8.6316345850e-01 2.0886103050e-01 -4.5970198374e-01
-4.5387524651e-02 9.3884595196e-01 3.4133305012e-01
5.0288051913e-01 -2.7376148092e-01 8.1985720406e-01
9.7657487578e-01 4.9247690073e-01 -1.3441257150e+01
0 0 0
0 0 0
0 0 0
0 0 0
0 0 0
0 0 0
0 0 0
0 0 0
0 0 0
0 0 0
2.0933547861e+03 -8.5949677588e-02 1.9323676572e-02
8.3819999722e-01 2.1861096015e-01 -4.9962987577e-01
-3.8576036458e-01 8.8525621473e-01 -2.5982758784e-01
3.8549929414e-01 4.1052488644e-01 8.2635320041e-01
4.9817887010e-01 8.7683786480e+00 -9.6920608264e+00
1.2159222648e+03 -3.3111190351e-02 -1.9794979846e-01
7.5015406509e-01 1.8894992642e-01 -6.3369298871e-01
-1.3469346557e-01 9.8187732972e-01 1.3332134009e-01
6.4739983701e-01 -1.4657240478e-02 7.6200959071e-01
1.0107628343e+00 4.0390898174e+00 -6.4839900600e+00
0 0 0
0 0 0
0 0 0
0 0 0
0 0 0
0 0 0
0 0 0
0 0 0
0 0 0
0 0 0
0 0 0
0 0 0
0 0 0
0 0 0
0 0 0
0 0 0
0 0 0
0 0 0
0 0 0
0 0 0
1.7652942574e+03 4.3564606637e-01 3.9141059400e-01
8.5094334852e-01 2.1285159618e-01 -4.8019747564e-01
-1.1170825112e-01 9.6663555081e-01 2.3051459506e-01
5.1324135087e-01 -1.4251284120e-01 8.4632937197e-01
8.4968009681e-01 2.0598314396e+00 -1.1769078529e+01
0 0 0
0 0 0
0 0 0
0 0 0
0 0 0
0 0 0
0 0 0
0 0 0
0 0 0
0 0 0
8.3432435230e+02 7.3145715658e-02 -1.1911169108e-01
9.7896655566e-01 1.1622097912e-01 -1.6768174292e-01
3.6306418693e-02 7.0952717430e-01 7.0374216364e-01
2.0076435654e-01 -6.9502796558e-01 6.9038380644e-01
8.9972379177e-01 5.9190575791e-02 -5.3982403231e+00
1.0055582980e+03 7.6793288086e-02 -3.4254055768e-01
8.7152164470e-01 2.5625153464e-01 -4.1807316802e-01
1.7981815541e-01 6.2618020863e-01 7.5865919707e-01
4.5619672710e-01 -7.3636505710e-01 4.9965092702e-01
8.5980567424e-01 -1.9715734555e+00 -7.3254558271e+00
0 0 0
0 0 0
0 0 0
0 0 0
0 0 0
0 0 0
0 0 0
0 0 0
0 0 0
0 0 0
2.3877592896e+03 -4.9776396466e-02 1.0503243183e-01
8.7102543487e-01 2.1351957383e-01 -4.4240714664e-01
-2.0179080644e-01 9.7662477572e-01 7.4057530982e-02
4.4787851282e-01 2.4767701767e-02 8.9375130697e-01
5.2774490477e-01 4.6171605438e+00 -8.5704828160e+00
0 0 0
0 0 0
0 0 0
0 0 0
0 0 0
-1.8538195618e+03 5.7083857519e-02 -1.3425422089e-01
9.0732348331e-01 3.7081225277e-02 4.1879479387e-01
1.6859906588e-01 8.8041198742e-01 -4.4322577475e-01
-3.8514731159e-01 4.7275756488e-01 7.9256661122e-01
-2.0473344882e-01 1.0145246981e+00 3.9345745875e+00
0 0 0
0 0 0
0 0 0
0 0 0
0 0 0
0 0 0
0 0 0
0 0 0
0 0 0
0 0 0
0 0 0
0 0 0
0 0 0
0 0 0
0 0 0
0 0 0
0 0 0
0 0 0
0 0 0
0 0 0
1.8174274928e+03 -6.0881510172e-02 1.6921763508e-01
7.8184020393e-01 2.0479624998e-01 -5.8888402212e-01
-1.1845522989e-01 9.7610196710e-01 1.8219030799e-01
6.1212274425e-01 -7.2687315338e-02 7.8741494789e-01
9.3385016864e-01 2.9665852091e+00 -9.5687874348e+00
0 0 0
0 0 0
0 0 0
0 0 0
0 0 0
0 0 0
0 0 0
0 0 0
0 0 0
0 0 0
2.5738159319e+03 1.2778311032e-01 -5.0753195405e-01
8.6327802134e-01 2.1847948195e-01 -4.5499205909e-01
-6.5275796963e-02 9.4221589982e-01 3.2858525296e-01
5.0048988821e-01 -2.5396045775e-01 8.2765569998e-01
1.1507488410e+00 2.4477073303e+00 -8.4638472427e+00
0 0 0
0 0 0
0 0 0
0 0 0
0 0 0
1.1561577601e+03 -8.0070142896e-02 3.4408957602e-01
8.4859861639e-01 1.6986647082e-01 -5.0102472030e-01
1.1635209209e-01 8.6393624401e-01 4.8997587384e-01
5.1608388749e-01 -4.7408812300e-01 7.1337078206e-01
1.3616965780e+00 -2.4781349262e+00 -1.3198248376e+01
0 0 0
0 0 0
0 0 0
0 0 0
0 0 0
2.1278908300e+03 1.1888801489e-02 -2.1746556684e-01
8.2136902713e-01 2.0980980300e-01 -5.3040811441e-01
-6.4313263256e-02 9.5802800149e-01 2.7936741495e-01
5.6675984812e-01 -1.9535146513e-01 8.0038808064e-01
1.0400088141e+00 8.8465592572e-01 -1.4063955827e+01
0 0 0
0 0 0
0 0 0
0 0 0
0 0 0
-6.7186785777e+01 1.4505756145e-04 -2.3695985188e-06
9.5861789210e-01 -2.8168682893e-01 4.1282773017e-02
2.6980169684e-01 9.4515248460e-01 1.8410275727e-01
-9.0877837381e-02 -1.6534603489e-01 9.8203966693e-01
8.4975813048e-01 1.0794007612e-01 -1.1215162831e+00
0 0 0
0 0 0
0 0 0
0 0 0
0 0 0
0 0 0
0 0 0
0 0 0
0 0 0
0 0 0
0 0 0
0 0 0
0 0 0
0 0 0
0 0 0
0 0 0
0 0 0
0 0 0
0 0 0
0 0 0
0 0 0
0 0 0
0 0 0
0 0 0
0 0 0
0 0 0
0 0 0
0 0 0
0 0 0
0 0 0
0 0 0
0 0 0
0 0 0
0 0 0
0 0 0
0 0 0
0 0 0
0 0 0
0 0 0
0 0 0
1.6524997994e+03 -8.0577682436e-03 -3.8374877530e-01
4.5423869670e-02 8.7505034636e-01 4.8189580140e-01
-8.5745081821e-01 -2.1335723029e-01 4.6824863763e-01
5.1255708601e-01 -4.3447161429e-01 7.4062112443e-01
-1.9095056912e+00 -1.1264792200e+00 -1.3292233938e+01
0 0 0
0 0 0
0 0 0
0 0 0
0 0 0
0 0 0
0 0 0
0 0 0
0 0 0
0 0 0
0 0 0
0 0 0
0 0 0
0 0 0
0 0 0
0 0 0
0 0 0
0 0 0
0 0 0
0 0 0
0 0 0
0 0 0
0 0 0
0 0 0
0 0 0
0 0 0
0 0 0
0 0 0
0 0 0
0 0 0
0 0 0
0 0 0
0 0 0
0 0 0
0 0 0
1.1837480448e+03 -4.6706535076e-02 2.9121057205e-01
8.3893577750e-01 2.2068269745e-01 -4.9747955564e-01
3.5132238268e-02 8.9023042585e-01 4.5415362459e-01
5.4309528360e-01 -3.9848329443e-01 7.3909307735e-01
1.6002052831e+00 -1.4746629081e+00 -1.3317383186e+01
2.4723621540e+03 -9.4450621839e-02 -7.3474606200e-02
8.2187843849e-01 2.1366163423e-01 -5.2807626192e-01
-6.3417887690e-02 9.5555265042e-01 2.8791891880e-01
5.6612189841e-01 -2.0314487033e-01 7.9889808974e-01
5.4201972310e-01 9.0582254989e-02 -1.6026078410e+01
0 0 0
0 0 0
0 0 0
0 0 0
0 0 0
0 0 0
0 0 0
0 0 0
0 0 0
0 0 0
0 0 0
0 0 0
0 0 0
0 0 0
0 0 0
0 0 0
0 0 0
0 0 0
0 0 0
0 0 0
0 0 0
0 0 0
0 0 0
0 0 0
0 0 0
0 0 0
0 0 0
0 0 0
0 0 0
0 0 0
0 0 0
0 0 0
0 0 0
0 0 0
0 0 0
0 0 0
0 0 0
0 0 0
0 0 0
0 0 0
0 0 0
0 0 0
0 0 0
0 0 0
0 0 0
0 0 0
0 0 0
0 0 0
0 0 0
0 0 0
0 0 0
0 0 0
0 0 0
0 0 0
0 0 0
0 0 0
0 0 0
0 0 0
0 0 0
0 0 0
0 0 0
0 0 0
0 0 0
0 0 0
0 0 0
0 0 0
0 0 0
0 0 0
0 0 0
0 0 0
0 0 0
0 0 0
0 0 0
0 0 0
0 0 0
0 0 0
0 0 0
0 0 0
0 0 0
0 0 0
0 0 0
0 0 0
0 0 0
0 0 0
0 0 0
1.9831022706e+03 1.2281320147e-01 -3.0061969787e-01
9.5272760477e-01 1.9606893421e-01 -2.3209283521e-01
8.9667849370e-02 5.4842150840e-01 8.3138049407e-01
2.9029259016e-01 -8.1289041215e-01 5.0491523044e-01
9.8441880514e-01 -1.3433919534e+00 -6.0774610211e+00
0 0 0
0 0 0
0 0 0
0 0 0
0 0 0
0 0 0
0 0 0
0 0 0
0 0 0
0 0 0
0 0 0
0 0 0
0 0 0
0 0 0
0 0 0
0 0 0
0 0 0
0 0 0
0 0 0
0 0 0
0 0 0
0 0 0
0 0 0
0 0 0
0 0 0
0 0 0
0 0 0
0 0 0
0 0 0
0 0 0
0 0 0
0 0 0
0 0 0
0 0 0
0 0 0
0 0 0
0 0 0
0 0 0
0 0 0
0 0 0
0 0 0
0 0 0
0 0 0
0 0 0
0 0 0
0 0 0
0 0 0
0 0 0
0 0 0
0 0 0
0 0 0
0 0 0
0 0 0
0 0 0
0 0 0
0 0 0
0 0 0
0 0 0
0 0 0
0 0 0
0 0 0
0 0 0
0 0 0
0 0 0
0 0 0
0 0 0
0 0 0
0 0 0
0 0 0
0 0 0
-4.1514162701e-01 -2.0116311890e+00 1.0586302426e+00
151 162 159
14 25 178 -96.2400 -596.7300 39 179 247.9500 -399.2100 33 586 -44.0900 330.9600 7 1230 -44.2300 -161.8800 16 1860 -74.5400 62.3400 30 1079 -90.1700 252.3600 35 733 13.2500 -369.3800 2 758 -0.4200 -600.6000 10 1233 -171.9100 1407.3999 23 360 -223.3500 850.3900 37 2664 -49.6600 -120.4301 48 701 -444.7100 20.2100 56 506 27.0400 -277.9500 57 2200 -132.5600 -250.0400
1.3419121149e+00 1.2730009771e+00 1.8680553827e+00
99 99 89
4 25 3516 623.6600 520.8000 39 3187 332.3600 353.2200 75 2887 720.7600 361.2400 20 3746 235.7400 70.1200
5.0932777304e-01 -6.5423863051e-01 1.4748052395e+00
121 120 107
2 25 1894 344.7100 -48.8100 39 1940 272.6801 -24.6700
1.9276971644e+00 -1.0766546584e-01 1.6333358568e+00
169 174 167
3 25 2078 932.9199 214.9299 39 2136 576.5900 170.3900 20 2381 336.7100 -74.8600
4.4625169026e-02 -1.9724734133e+00 1.0975365972e+00
168 173 175
13 25 2509 108.1200 -581.2300 39 2448 360.3000 -372.6100 19 2225 138.9200 -145.0700 33 4261 91.6000 341.8800 7 9070 16.0800 -155.6500 16 17222 -11.7500 68.3400 30 7509 -13.6300 263.1900 2 5120 68.6300 -595.6500 10 11494 -93.2800 1415.8101 23 2379 -106.3600 860.5000 37 21490 12.4200 -113.6801 48 5868 -439.6700 -33.3800 57 15091 -70.7300 -244.2400
2.0976282961e+00 -1.9342661853e-01 1.6274291864e+00
169 172 165
3 25 2059 1020.0100 200.8301 39 2134 626.4700 165.9200 20 2359 368.5700 -81.1500
-1.5417930918e+00 5.2499281589e-01 1.3889540779e+00
94 91 82
2 25 3178 -313.2800 195.0400 39 2912 -166.9800 93.5200
1.7710209519e-01 -2.0479277896e+00 1.0923743116e+00
76 68 45
6 25 2502 166.1100 -614.6000 39 1706 400.0800 -387.6900 33 4258 129.8700 316.9000 11 3194 21.1400 466.7800 30 16217 8.3600 248.9900 10 48904 -71.2600 1398.2700
1.6381924540e+00 -1.9355843580e-01 1.5981883773e+00
107 98 81
4 25 3143 806.7300 170.7700 39 2967 513.8900 136.8800 75 2550 925.9800 4.7400 20 3334 287.1100 -95.0400
-8.2260230444e-02 -2.0090944718e+00 1.0824277933e+00
82 76 56
4 25 115 48.2600 -598.9000 39 107 327.4301 -388.1700 19 86 105.6500 -156.2700 33 348 54.0200 332.8500
3.1194750587e-01 -2.0352327667e+00 1.1043135359e+00
154 155 155
3 25 114 231.2100 -607.2400 39 108 437.7300 -376.9400 19 142 209.7600 -158.1600
6.0702265005e-01 -1.3958939697e+00 1.2581397087e+00
159 160 152
4 25 328 377.7700 -309.3400 39 548 436.3199 -188.9400 75 271 484.1600 -489.5601 19 405 272.8800 -3.6700
-3.7912927019e-02 -2.1107344115e+00 1.0676156838e+00
138 140 135
3 25 450 66.9500 -646.5900 39 742 342.1300 -414.5400 19 593 116.3800 -182.5500
3.7917988491e-01 -1.3417537146e+00 1.2524177795e+00
135 135 130
4 25 790 274.4700 -295.5800 39 829 375.0400 -186.4000 75 447 372.0601 -473.9399 19 652 217.1800 2.1000
6.2580134180e-01 4.9689318743e-01 1.6636219088e+00
141 148 140
3 25 1003 385.9700 291.1400 39 1049 244.4600 193.2000 19 740 240.7400 294.8800
7.9981616887e-02 -2.0202147268e+00 1.0914665132e+00
76 68 47
3 25 1146 122.3700 -602.6600 39 1192 372.2500 -383.8400 19 919 146.3600 -156.2300
-1.9437833183e-01 -1.9155748260e+00 1.0918565151e+00
148 151 149
5 25 1160 1.5300 -556.4301 39 1200 295.3199 -366.0400 19 926 77.4600 -132.3400 30 3617 -54.2700 271.2900 35 2372 30.9100 -359.6300
2.1009680390e-02 -1.9085392606e+00 1.1091321659e+00
141 142 132
4 25 708 99.5900 -548.1500 39 1202 349.5200 -353.2000 19 927 131.9300 -128.0500 33 2056 86.2500 366.1300
1.2955470896e+00 -8.5756905150e-01 1.4121922442e+00
150 153 153
3 25 1339 685.4301 -68.1000 39 1350 555.3300 -23.2500 19 1053 436.0800 122.3200
1.5193132492e+00 2.1253270656e+00 2.0621768405e+00
135 141 140
5 25 1091 658.2400 691.9000 39 1130 290.5200 471.3700 75 932 751.8101 530.1799 19 1196 372.5000 500.9299 20 1084 266.4600 171.9700
4.8045959432e-01 -2.4387418542e+00 1.0362807614e+00
45 43 31
3 25 1682 321.1700 -820.9700 39 1665 517.6500 -496.3101 19 1432 263.4200 -269.6100
3.3347074672e-01 -2.1090933004e+00 1.0911101557e+00
65 59 44
3 25 1142 242.3400 -644.2500 39 1704 450.2400 -398.6700 19 1456 215.2100 -176.3600
1.0348359536e-02 -1.9971335245e+00 1.0915705182e+00
83 75 59
3 25 1147 91.2600 -592.5000 39 1707 351.3400 -379.7700 19 1461 127.7500 -151.2200
-2.4384859714e+00 1.6825813510e+00 1.6717754571e+00
93 95 88
4 25 1509 -443.2000 361.7500 39 1517 -271.3200 196.3400 75 1204 -382.6900 201.9100 19 1740 -220.6000 333.9600
1.7165254031e-01 -2.0252283798e+00 1.0970341587e+00
159 165 161
4 25 2506 166.0800 -602.0800 39 2437 397.9500 -380.0400 19 2217 171.2100 -154.4700 33 4259 129.9900 325.5801
-8.5848861473e-02 -1.9637528340e+00 1.0906621457e+00
73 62 44
3 25 2512 48.4200 -577.9800 39 2443 324.4200 -375.4000 19 2226 103.7900 -144.3300
-4.1650408053e+00 1.0146788393e+00 1.3483830362e+00
72 68 50
5 25 2018 -884.5400 154.7400 39 1410 -549.7300 32.3800 75 1138 -838.2100 -9.7000 19 2476 -466.9200 216.3300 20 3314 -331.4700 -105.4600
-3.9962488449e+00 1.1650461014e+00 1.4014013150e+00
161 162 153
5 25 2050 -832.5800 192.2900 39 2019 -515.4200 60.6200 75 1682 -784.7600 28.9100 19 2512 -438.2600 237.3700 20 2335 -313.7200 -91.7000
1.5668676318e+00 1.9807578304e+00 2.0354772716e+00
165 182 189
4 25 3655 679.9700 670.8500 39 3250 306.1600 459.6700 75 2997 775.1100 509.1000 19 2780 385.6600 489.0900
1.0163925477e-01 -2.2230997636e+00 1.0537791484e+00
131 132 125
3 25 2477 128.8500 -703.6400 39 3385 391.8300 -443.1700 19 3233 152.7400 -209.0200
4.1948165495e-01 -2.1396135722e+00 1.0907267716e+00
68 64 50
3 25 2491 285.1500 -659.4100 39 3439 477.7200 -404.2100 19 3240 239.9500 -183.3000
-1.1878499530e-02 -1.8864689042e+00 1.1106406475e+00
145 148 139
4 25 2548 84.4600 -540.9200 39 3544 338.8600 -350.0300 75 2081 172.4500 -732.9000 19 3278 123.6600 -123.8400
5.9037757827e-01 -1.4745389678e-01 1.5222467683e+00
139 138 127
4 25 3099 372.2800 125.5900 39 2888 297.1300 71.3600 75 2518 464.6300 -40.7300 19 3654 238.5600 207.2600
-4.1633334352e+00 1.1922792739e+00 1.3927048620e+00
88 82 71
5 25 3163 -864.7600 189.6799 39 2869 -538.6800 57.8500 75 2574 -817.1100 26.4200 19 3696 -456.4700 235.9900 20 4874 -324.6900 -92.1700
-4.6082202285e-01 5.4988822443e-01 1.6558154917e+00
71 67 51
2 25 4768 32.2700 217.4700 39 4243 41.6900 128.3400
6.0412884666e-01 1.1504950439e+00 1.7910021912e+00
56 56 48
5 25 5015 374.6700 439.8300 39 4438 198.8200 290.5400 75 4098 461.5800 278.9000 19 3873 228.9100 372.1000 20 5256 137.9700 30.9400
-4.0321563539e+00 2.9308928293e+00 1.7846335893e+00
168 173 169
4 25 3469 -675.2700 480.5200 39 3135 -495.0000 272.4500 75 2831 -618.0600 317.9500 19 3896 -362.3700 390.7700
2.4011327641e-01 -2.0868437282e+00 1.0892608305e+00
119 120 108
3 25 5557 197.0000 -633.7400 39 4919 421.6600 -396.4500 19 4779 189.5400 -171.4000
-1.4205486301e+00 -1.8722625155e+00 1.0063462801e+00
150 156 151
3 25 3883 -484.4900 -560.8600 39 3436 8.9400 -409.8600 19 4805 -195.5400 -139.2300
-1.9642416918e+00 -1.8018875718e+00 9.7731024165e-01
53 50 39
4 25 5648 -666.7800 -541.5800 39 3433 -108.4900 -413.8000 75 3146 -626.6500 -727.4900 19 4844 -298.5100 -130.2600
-1.6544205651e+00 -1.8108825247e+00 1.0000768248e+00
72 68 56
4 25 5657 -561.8200 -539.4200 39 4900 -43.7700 -403.4800 75 3154 -515.2500 -725.9301 19 4853 -240.0500 -128.7000
-4.6234874945e-01 -1.8686690204e+00 1.0808224429e+00
143 149 141
4 25 3930 -110.5800 -540.9301 39 3513 227.7100 -365.5700 75 3138 -36.7200 -731.3199 19 4864 14.0600 -125.4900
-9.8306212036e-01 -1.5102346149e+00 1.1167862060e+00
87 84 74
5 25 5909 -284.2700 -403.1100 39 5109 80.0100 -295.6700 75 4766 -221.1600 -583.2900 19 5026 -91.0700 -57.1700 30 27293 -163.9000 354.3101
-3.0202541618e+00 -8.5268363597e-01 1.0985918774e+00
60 59 48
4 25 4211 -851.8400 -242.9600 39 3699 -312.4600 -239.1900 75 3437 -813.6000 -411.2500 19 5150 -417.2500 24.2800
-1.8942369331e+00 -8.7740765364e-01 1.1778129633e+00
136 137 120
3 25 6129 -530.2600 -213.7700 39 5275 -122.8200 -195.0800 19 5175 -238.4300 40.2200
-1.5563898905e+00 -8.8645033758e-01 1.2036229253e+00
133 126 110
6 25 4250 -423.9200 -201.8900 39 3793 -58.3600 -179.8100 75 3468 -367.7600 -370.7300 19 5195 -178.9800 46.9200 20 4206 -182.8000 -293.5800 33 6391 -302.5200 682.9500
-2.5003216580e+00 -7.0875777427e-01 1.1738225058e+00
80 72 49
4 25 6191 -689.5700 -182.6000 39 3779 -224.9100 -187.1300 75 3497 -643.6100 -349.0800 19 5221 -328.6100 56.3900
2.0953063281e-01 -2.6863499613e-01 1.5560831942e+00
143 139 119
2 25 6492 234.6801 46.8000 39 5672 185.2500 29.5800
5.7019956337e-01 1.0952095391e+00 1.7783204421e+00
49 49 42
4 25 10180 365.0601 425.4500 39 6094 192.9500 281.4700 75 5790 451.5800 264.2400 19 5722 223.5200 363.6000
5.9004710224e-01 1.1106333495e+00 1.7827911598e+00
125 127 119
5 25 7132 370.2000 429.8900 39 6098 197.0400 283.9400 75 5797 457.3000 269.0800 19 5729 226.6900 366.3200 20 7886 136.4600 27.6300
5.9004710224e-01 1.1106333495e+00 1.7827911598e+00
125 127 119
5 25 7133 370.2000 429.8900 39 6099 197.0400 283.9400 75 5798 457.3000 269.0800 19 5730 226.6900 366.3200 20 7887 136.4600 27.6300
1.0834558760e+00 2.7913307411e+00 2.1643127365e+00
111 111 110
4 25 7726 506.3300 767.8700 39 6349 189.8400 517.2700 75 6335 592.5601 605.2300 19 6047 288.2200 540.8800
8.0257011830e-01 -2.4543882159e+00 1.0516151747e+00
76 73 65
3 25 7851 499.0400 -833.6300 39 6495 623.5699 -487.4100 19 6761 363.1400 -272.9000
-6.9571689739e-02 -1.9511703466e+00 1.0944932912e+00
144 147 143
4 25 5591 57.3600 -570.5300 39 4965 328.7000 -370.0900 19 6904 108.9200 -139.5500 33 8631 56.8300 351.2000
6.1234244045e-02 -1.8570117981e+00 1.1206808042e+00
56 49 41
4 25 5723 118.4301 -526.3101 39 5031 356.5500 -339.4300 75 4583 209.2400 -717.7100 19 7015 141.7100 -115.3700
1.1839200527e+00 -1.5924612025e+00 1.2565244672e+00
59 55 45
4 25 8371 667.1500 -374.6500 39 7090 618.2000 -209.6000 75 4776 798.6899 -562.7900 19 7224 438.9200 -34.9200
5.0611072789e-01 -1.0883027332e+00 1.3064547441e+00
148 134 117
4 25 6172 331.6100 -194.3800 39 5401 388.2600 -122.7100 75 3474 431.1801 -366.8500 19 7450 243.8900 55.3000
5.0611072789e-01 -1.0883027332e+00 1.3064547441e+00
148 134 117
4 25 6173 331.6100 -194.3800 39 5402 388.2600 -122.7100 75 3475 431.1801 -366.8500 19 7451 243.8900 55.3000
2.0953063281e-01 -2.6863499613e-01 1.5560831942e+00
143 139 119
2 25 6491 234.6801 46.8000 39 5671 185.2500 29.5800
2.9092967820e-01 1.1395004290e+00 1.7659588558e+00
166 175 177
4 25 10165 274.7700 415.6200 39 8069 140.9900 270.8300 75 8015 357.9700 254.2900 19 8223 173.4000 358.6800
-3.3117290189e+00 2.4572894076e+00 1.7430922702e+00
140 143 132
4 25 7172 -571.7100 446.4000 39 6047 -411.5300 252.8300 75 5817 -513.5400 284.2300 19 8265 -301.6100 372.5400
-5.3927963083e-03 1.3931417580e+00 1.7939675586e+00
169 181 178
4 25 7174 186.7200 447.4700 39 6110 78.7300 288.3000 75 5822 265.9200 286.4100 19 8273 123.0100 375.1700
-4.1068523686e+00 3.1384419786e+00 1.8249837640e+00
168 171 165
4 25 7341 -673.2500 505.4500 39 4440 -498.8000 290.3900 75 5958 -615.3500 342.7200 19 8405 -361.3200 404.2100
-4.1068523686e+00 3.1384419786e+00 1.8249837640e+00
168 171 165
4 25 7342 -673.2500 505.4500 39 4441 -498.8000 290.3900 75 5959 -615.3500 342.7200 19 8406 -361.3200 404.2100
-1.8883973738e-01 1.7560887938e+00 1.8544020247e+00
176 176 163
4 25 10476 138.9000 504.3101 39 6189 37.7500 324.6800 75 5960 216.0400 344.4299 19 8414 94.7600 405.5701
9.4929325530e-01 2.3749380310e+00 2.0701037562e+00
130 140 142
5 25 7606 476.2900 690.2300 39 6328 177.8900 466.3101 75 6194 561.8500 527.3900 19 8577 271.5700 498.7900 20 8705 195.0400 169.8000
-7.8375047764e-01 -2.2670319765e+00 9.7594671866e-01
44 47 35
3 25 11469 -275.7700 -732.5000 39 8662 174.2000 -494.9301 19 9888 -71.0200 -226.0600
-1.1067975341e-01 -1.9672474608e+00 1.0879093178e+00
130 130 114
3 25 8015 36.6700 -580.3101 39 8960 319.0500 -377.5600 19 10025 97.8400 -144.9500
2.3032245263e-01 -1.6568214653e+00 1.1762045934e+00
152 151 139
5 25 12072 203.4900 -431.2900 39 9322 373.1400 -276.4200 75 6711 298.5000 -618.3101 19 10420 183.1700 -68.4600 33 33312 164.8500 468.7500
8.6974053855e-01 -1.6991629563e+00 1.2155235071e+00
63 54 47
4 25 12067 510.2100 -432.8500 39 9445 540.2500 -254.1000 75 9344 629.3700 -622.7600 19 10427 353.2100 -67.1200
9.9011415922e-01 5.5282828668e-02 1.5844868996e+00
175 191 194
4 25 9625 522.5601 202.4600 39 7841 374.7300 139.1800 75 7617 623.5699 41.0100 19 11611 327.1000 256.4100
-3.2047912684e+00 1.1760355341e+00 1.4675192956e+00
53 54 46
4 25 14102 -658.3000 231.0300 39 7737 -406.1000 97.9500 75 10649 -605.6000 68.2600 19 11632 -340.7900 259.3600
7.1231364499e-01 2.9143588224e-01 1.6300454150e+00
76 73 61
4 25 14154 417.4200 247.3301 39 10721 271.2200 166.5000 75 10692 509.8500 84.4800 19 11682 261.2100 271.3500
1.4230055488e+00 9.8649518356e-01 1.8170743351e+00
112 112 103
3 25 14976 664.2600 464.9700 39 11256 364.8900 319.0500 19 12245 389.1500 386.0100
-4.9937064731e+00 3.4125963420e+00 1.8107645676e+00
77 78 70
3 25 10453 -804.2800 498.5400 39 8089 -590.4500 279.4300 19 12370 -435.8400 400.0300
1.7120733737e+00 1.0954656759e+00 1.8587513259e+00
169 171 168
3 25 10512 765.5200 512.4000 39 8273 416.1200 353.0100 19 12455 443.8800 412.5100
-4.0490960923e+00 5.2275938429e+00 2.2665623151e+00
151 157 151
3 25 16336 -520.1400 750.3600 39 11679 -485.1800 475.9399 19 12868 -288.2300 530.6500
-3.7487535247e+00 5.2721761804e+00 2.3049344003e+00
68 67 72
3 25 11089 -469.5200 768.9800 39 8448 -451.1800 490.4600 19 12934 -260.0900 540.9900
-4.4313879139e+00 2.7947275467e+00 1.7169172809e+00
46 52 51
4 25 424 -760.4100 443.9399 39 271 -547.8700 241.4500 75 356 -707.1000 278.6700 20 416 -285.0000 28.6100
-2.4560241923e+00 -3.7955516550e-01 1.2391405530e+00
156 158 151
3 25 1329 -634.6000 -86.4200 39 1274 -234.2300 -119.6500 20 1346 -253.0700 -241.8200
-5.2804104900e+00 1.1471421884e+00 1.2865910467e+00
83 83 75
3 25 975 -1089.3800 132.6600 39 967 -689.8600 3.4300 20 1536 -405.8500 -116.0800
-2.7757363170e-01 1.3771246423e-01 1.6626782314e+00
104 97 78
2 25 965 83.6500 117.5500 39 1007 79.8500 67.0400
-4.8398534383e+00 1.0880125594e+00 1.3068742876e+00
149 159 152
4 25 979 -1013.4200 139.3300 39 979 -641.1000 14.6400 75 821 -969.8700 -26.1100 20 1560 -377.8800 -110.6600
2.0024258729e+00 -4.1355395419e-01 1.5796630324e+00
31 28 24
2 25 1420 997.3101 125.1800 39 1476 622.9301 118.8800
-5.1749073478e+00 1.2007631899e+00 1.3060622068e+00
87 88 76
3 25 1435 -1063.5900 147.3100 39 980 -676.5000 15.3300 20 1562 -397.2300 -109.5400
-5.6024803360e+00 1.3781272910e+00 1.3132514156e+00
87 82 68
3 25 1442 -1118.4800 162.6000 39 984 -715.4400 22.7300 20 1593 -415.9100 -104.0900
-4.2149902150e+00 1.2705856319e+00 1.4048943544e+00
167 173 168
4 25 2060 -867.8800 202.3101 39 2024 -545.0100 65.4400 75 1691 -819.8400 38.6300 20 2341 -326.3700 -87.1900
1.7725385974e+00 -1.1394802815e-01 1.6223951573e+00
167 170 163
4 25 3195 861.6300 204.0500 39 3003 538.2000 160.3700 75 1689 983.1000 39.1900 20 2365 309.3200 -79.8800
-2.7553736924e+00 -5.8920899500e-01 1.1850321583e+00
142 145 134
3 25 2878 -743.8100 -156.1500 39 2611 -263.3600 -174.1100 75 2352 -699.1600 -321.0000
-2.3485728880e+00 -3.7170741948e-01 1.2487393218e+00
143 160 164
3 25 1874 -604.7700 -79.9700 39 1875 -216.6900 -113.5400 20 3011 -241.8400 -238.5300
6.4900390919e-01 1.0379516688e-01 1.6011000278e+00
95 96 88
3 25 4708 390.8500 184.4600 39 4229 270.0900 124.5200 20 3351 132.6400 -90.1900
-4.5388977197e+00 1.7049998450e+00 1.4754235626e+00
92 92 90
4 25 3260 -885.4800 266.3900 39 2083 -574.5700 109.9000 75 2659 -837.4600 103.1200 20 3426 -331.9100 -58.0800
-4.0044971573e+00 1.5732788066e+00 1.4898387845e+00
68 69 64
4 25 3264 -792.7700 267.0100 39 2091 -510.3800 115.6200 75 2657 -742.1400 104.3100 20 3427 -298.8100 -57.4400
-4.2396315866e+00 3.3470144051e+00 1.8592794271e+00
63 64 49
4 25 3536 -682.2300 528.8400 39 3152 -509.2100 306.1500 75 2897 -623.8900 366.0300 20 3725 -255.1500 65.2700
1.2949902152e+00 1.3015809200e+00 1.8702140417e+00
90 91 84
4 25 3520 606.2600 523.1600 39 3189 321.8000 354.3700 75 2893 702.3500 363.8700 20 3751 229.2200 70.7300
-5.6415242444e+00 5.2255836284e+00 2.1128027847e+00
147 157 162
4 25 2342 -769.4600 678.9900 39 2262 -651.5700 416.9400 75 1971 -709.2800 511.3700 20 3908 -283.3500 154.3700
1.9930664683e+00 -8.2407240866e-01 1.4935688717e+00
171 176 179
2 25 4520 1033.8601 -17.8900 39 5673 676.0900 32.2600
-4.8222333966e+00 1.4771893689e+00 1.4001567245e+00
156 158 145
3 25 4759 -965.7100 214.1400 39 2882 -617.6900 67.9500 20 4932 -360.9600 -81.6500
-4.8290339296e+00 1.4806490990e+00 1.4011079615e+00
156 158 145
4 25 4760 -965.7100 214.1400 39 2883 -617.6900 67.9500 75 3861 -919.9200 50.7800 20 4933 -360.9600 -81.6500
-4.7393721504e+00 1.4694414780e+00 1.4065560254e+00
157 155 147
4 25 4766 -949.4900 216.0601 39 2887 -606.1900 70.4600 75 3869 -903.9900 52.4100 20 4935 -355.3200 -80.8400
1.6829459982e+00 1.1079904571e+00 1.8575493189e+00
171 173 166
3 25 5115 755.2300 514.7300 39 4516 410.2000 354.3200 20 5477 286.2700 68.2400
1.5565428706e+00 1.1670885496e+00 1.8624980674e+00
159 163 158
4 25 5118 704.8000 514.5701 39 4513 380.5800 352.2800 75 2882 806.4200 355.2200 20 5480 267.0900 67.7900
1.7338116682e+00 1.0937541531e+00 1.8582045424e+00
168 170 164
3 25 5120 775.1600 515.8101 39 4522 421.6400 355.6700 20 5488 294.1000 68.7700
1.8279107838e+00 1.0656304581e+00 1.8590705018e+00
164 169 163
3 25 5125 812.7500 517.1899 39 4528 443.0400 358.0900 20 5492 308.5300 69.6700
1.9812283440e+00 1.0275448012e+00 1.8617902408e+00
119 120 121
3 25 5140 874.6500 521.8500 39 6248 478.5400 362.5500 20 5503 332.3100 72.1500
-2.2193762894e+00 -4.6015177112e-01 1.2338426807e+00
154 159 154
3 25 4406 -578.1600 -101.3600 39 3869 -199.3200 -125.0600 20 6397 -232.3800 -245.5000
-4.9603996216e+00 8.5753803405e-01 1.2469620115e+00
153 160 154
3 25 9308 -1065.8199 87.7100 39 5570 -663.9300 -25.7500 20 6978 -397.1700 -133.7100
-1.8668497615e+00 3.5673098744e-01 1.3424951349e+00
47 47 39
2 25 6614 -417.9100 130.2100 39 4140 -215.5900 43.5500
-3.5319403044e+00 8.6209446045e-01 1.3704389659e+00
97 94 80
4 25 6649 -765.3100 151.4600 39 5688 -457.4100 37.1000 75 5394 -716.4500 -12.3800 20 7097 -289.9900 -110.1600
-3.8211849872e+00 3.1153398562e+00 1.8435161575e+00
140 139 129
4 25 7378 -622.4800 517.6500 39 6139 -466.3900 300.7900 75 5987 -563.8500 355.0200 20 8154 -233.5000 61.2200
2.0035927619e+00 1.0071406068e+00 1.8595381005e+00
171 179 171
3 25 5127 884.8500 518.5601 39 4531 484.3199 361.3000 20 8241 336.3300 70.7000
-7.8334911661e-01 -1.7328541681e+00 1.0819149991e+00
61 66 74
3 25 5807 -231.7200 -489.1600 39 5013 150.6000 -344.5600 75 4672 -164.9700 -673.5900
6.2810252351e-01 1.3966940870e-02 1.5815619745e+00
156 162 158
2 25 9477 385.9000 159.8000 39 7760 273.0900 108.5900
-4.9190749128e-04 1.4262881912e+00 1.8025050415e+00
116 117 111
3 25 14884 188.0300 453.5100 39 11111 78.6700 292.3400 75 11256 267.5200 292.1600
-3.8456678331e+00 3.2005619409e+00 1.8657658509e+00
64 61 51
2 25 23384 -618.5200 524.0300 39 11188 -464.2800 305.6900
-3.8456678331e+00 3.2005619409e+00 1.8657658509e+00
64 61 51
2 25 23385 -618.5200 524.0300 39 11189 -464.2800 305.6900
3.0778996128e-01 -2.2627138462e+00 1.0598275290e+00
122 124 113
2 25 108 229.7900 -723.4200 39 103 452.9301 -447.4000
7.2435336946e-01 -2.2083250667e+00 1.0976198930e+00
170 186 202
2 25 109 445.1500 -692.9000 39 106 572.4100 -410.6700
7.7308075608e-01 -2.0275948824e+00 1.1388325677e+00
165 175 177
2 25 179 467.6600 -596.3400 39 182 561.9200 -353.1300
-2.5141357861e+00 -9.3655951690e-01 1.1231507433e+00
47 38 29
2 25 205 -717.0000 -251.7900 39 205 -226.3900 -233.1100
-8.3043362265e-01 -1.0666954897e+00 1.2139509936e+00
119 116 106
3 25 209 -194.0800 -237.3700 39 222 91.1700 -185.4900 75 176 -125.4900 -408.6801
7.0912412316e-01 -1.2068361820e+00 1.2990183463e+00
136 139 130
3 25 218 423.1000 -229.5200 39 231 448.1899 -139.1400 75 92 530.3400 -406.0100
-2.3666822709e+00 -8.4571915764e-01 1.1554571404e+00
111 113 108
2 25 222 -664.7900 -217.2500 39 213 -199.3300 -208.8300
-2.3666822709e+00 -8.4571915764e-01 1.1554571404e+00
111 113 108
2 25 223 -664.7900 -217.2500 39 214 -199.3300 -208.8300
4.5686574584e-01 -1.2712202475e+00 1.2707210808e+00
45 41 30
3 25 345 309.7800 -264.9000 39 562 388.4500 -166.6500 75 282 409.8000 -441.1899
7.7177967209e-01 -2.3377728909e+00 1.0728393795e+00
71 72 64
2 25 447 474.3300 -764.9600 39 460 604.3800 -451.0000
-4.8362805976e+00 1.6701858579e+00 1.4412882705e+00
168 179 174
3 25 624 -946.4000 248.1300 39 400 -614.2500 92.9000 75 546 -898.8300 84.9400
2.1823718609e+00 7.0236355904e-01 1.8116907340e+00
136 139 132
2 25 660 979.7200 459.6600 39 691 548.8300 328.0300
8.4133172581e-01 -2.3773830188e+00 1.0695082844e+00
88 85 71
2 25 696 514.5900 -788.1100 39 1171 629.5699 -458.9500
8.7445845528e-01 -2.3600112326e+00 1.0746672313e+00
162 164 178
2 25 697 532.5601 -778.1801 39 1173 639.1100 -452.0400
9.5775681625e-01 -2.4184258167e+00 1.0668191313e+00
160 166 177
2 25 1116 583.1600 -812.6700 39 1680 673.2200 -467.5800
5.2828548374e-01 -2.4151028412e+00 1.0436364394e+00
143 145 144
2 25 1118 343.8500 -808.2200 39 1669 532.7500 -485.3600
4.8722015829e-01 -2.1785380240e+00 1.0877540275e+00
82 77 64
2 25 1138 319.5400 -678.5300 39 1183 500.4700 -412.4900
-7.1791540233e-01 -2.1469797649e+00 1.0047100330e+00
164 168 169
2 25 1139 -238.0500 -673.3199 39 1172 186.4900 -456.7200
4.5181610659e-01 -2.1265543144e+00 1.0957611719e+00
168 179 181
2 25 1140 301.4000 -651.6300 39 1703 485.0699 -398.3700
-1.2130704433e-01 -1.9129777381e+00 1.0973520809e+00
144 146 143
2 25 1162 34.5200 -554.9700 39 1714 313.1801 -362.8800
-1.2130704433e-01 -1.9129777381e+00 1.0973520809e+00
144 146 143
2 25 1163 34.5200 -554.9700 39 1715 313.1801 -362.8800
1.1391276001e+00 -1.3757277268e+00 1.2997713687e+00
57 59 46
3 25 1247 633.4800 -280.9500 39 1832 572.8101 -154.2800 75 1009 759.2700 -461.2600
-2.5619239107e+00 -9.4830093308e-01 1.1126593800e+00
46 42 31
3 25 1250 -735.5600 -257.2200 39 1229 -237.4400 -238.8100 75 1015 -692.7100 -427.6000
-2.3187971116e+00 -4.6262946098e-01 1.2292115228e+00
138 140 135
3 25 1306 -605.5400 -108.1700 39 1266 -213.8000 -131.2400 75 1045 -556.1500 -273.4200
1.8930018551e+00 -7.2360905759e-01 1.5093848531e+00
81 82 71
2 25 1371 972.5500 11.8700 39 1428 634.4500 47.4100
1.8538088586e+00 -6.9079905552e-01 1.5136827179e+00
80 80 68
2 25 1374 949.8201 21.0000 39 1431 620.3101 51.7500
1.3751335819e-01 -4.1915981882e-02 1.5912132982e+00
151 145 133
2 25 1407 211.7300 104.6500 39 1441 163.3100 65.8900
1.3751335819e-01 -4.1915981882e-02 1.5912132982e+00
151 145 133
2 25 1408 211.7300 104.6500 39 1442 163.3100 65.8900
-4.8581769686e+00 9.9973363988e-01 1.2849448350e+00
34 32 19
3 25 1419 -1028.0000 123.2800 39 1378 -647.6000 2.4400 75 1123 -984.7300 -41.8100
-4.5696664392e+00 1.0548352280e+00 1.3213245296e+00
156 158 155
3 25 1433 -964.0200 146.3800 39 1400 -607.0600 21.8000 75 1134 -919.8400 -18.4900
3.6868158568e-01 2.0886389631e-01 1.6082248918e+00
160 171 164
2 25 1458 292.0300 193.7100 39 1479 207.7700 125.7400
-3.3104396313e+00 1.1290428622e+00 1.4456226806e+00
157 158 151
3 25 1469 -687.8500 216.6799 39 1458 -424.4100 87.0300 75 1161 -635.3600 53.2300
-1.1032997557e-01 5.1064463762e-01 1.6448380206e+00
163 168 156
2 25 1477 137.0000 235.8401 39 1490 103.6800 145.0700
-2.1784402600e-01 5.5829427338e-01 1.6502451646e+00
168 172 161
2 25 1479 104.6801 239.5100 39 1491 82.7700 145.8700
-5.9575548761e+00 3.5410908196e+00 1.7501875171e+00
153 162 163
3 25 1551 -953.1500 474.8000 39 1072 -690.2200 254.1000 75 1244 -899.3400 310.8400
8.9688809513e-01 -2.4063925541e+00 1.0657186911e+00
90 91 78
2 25 1684 547.1899 -805.3900 39 2383 652.9399 -466.7800
-6.7733064619e-01 -2.1649330821e+00 1.0040406896e+00
83 77 62
2 25 1705 -221.8700 -681.5400 39 1684 196.4400 -461.0500
-2.3745940865e+00 -3.9416638203e-01 1.2411011261e+00
61 63 51
3 25 1865 -614.4300 -90.8900 39 1870 -222.2600 -120.8400 75 1055 -563.8700 -255.8400
4.1718673550e-01 -2.9174190703e-01 1.5413008508e+00
156 155 150
2 25 1945 308.9200 54.7100 39 1417 233.3700 39.4400
-2.3096829471e+00 1.6254661710e-01 1.3649391748e+00
171 173 172
3 25 1946 -537.9600 54.4100 39 1943 -223.7600 -19.1200 75 1590 -483.5700 -107.4200
-4.4401517504e+00 7.4954103414e-01 1.2651994161e+00
138 145 140
3 25 1968 -974.1700 89.8900 39 1944 -598.2300 -17.1400 75 1607 -931.6000 -75.8300
-6.9942088996e-03 4.7470509496e-02 1.6121365853e+00
142 138 126
2 25 1982 164.9500 117.6000 39 1448 132.1500 71.8300
-1.5999349269e-01 1.3396877616e-01 1.6386761605e+00
147 143 130
2 25 1991 118.2000 127.7500 39 2039 100.9600 75.6000
8.1298447987e-02 1.2144427178e-01 1.6066994267e+00
143 143 133
2 25 2008 193.9301 146.0800 39 2059 149.4600 91.2500
7.4224888014e-03 1.7214627098e-01 1.6180867943e+00
146 143 131
2 25 2015 170.6200 153.5400 39 2062 132.9300 94.4900
-1.3283962907e-01 2.4762822936e-01 1.6342936959e+00
148 143 129
2 25 2022 127.1500 162.0300 39 2069 104.6100 97.9500
-4.3057964706e+00 1.0797432942e+00 1.3496143708e+00
68 66 53
3 25 2026 -907.0400 163.1699 39 993 -569.2700 35.8000 75 1141 -862.2700 -2.1400
2.9351122892e-01 2.6485568053e-01 1.6138999748e+00
177 182 180
2 25 2062 266.0900 203.4700 39 2111 190.9000 130.5400
-4.3624044999e+00 1.3323419496e+00 1.4068056084e+00
164 165 161
3 25 2068 -890.5900 208.3800 39 2028 -562.3300 68.1200 75 1699 -843.6000 44.9500
2.0217405588e-01 3.7559926317e-01 1.6292065291e+00
98 99 91
2 25 2087 236.1500 225.4700 39 2124 167.9700 143.2700
1.1664509144e-01 4.3018592542e-01 1.6371352941e+00
107 106 95
2 25 2096 208.6000 232.7000 39 2128 148.6600 146.4100
2.9135548825e-02 4.7670843202e-01 1.6411404848e+00
104 104 94
2 25 2097 180.6500 238.1599 39 2129 130.7700 148.6800
-2.9941237214e-01 5.9560648069e-01 1.6543293943e+00
171 175 171
2 25 2102 80.6899 242.7300 39 1492 67.3800 146.4200
9.5883867977e-01 7.0579751400e-01 1.7129523948e+00
79 73 66
2 25 2146 497.3700 373.2800 39 2175 313.0800 248.2500
2.1323345763e+00 7.3782476716e-01 1.8158450572e+00
138 139 132
2 25 2184 956.0200 464.5400 39 2224 534.1100 329.2100
-5.7033966526e+00 3.6410318901e+00 1.7941813515e+00
154 158 157
3 25 2215 -904.1700 498.0100 39 2197 -662.1000 274.1500 75 1859 -849.6000 334.5500
8.1728357254e-01 -2.4285462121e+00 1.0578891875e+00
67 61 50
2 25 2432 503.5900 -817.4500 39 2377 625.5800 -477.6600
3.8240527347e-01 -2.3707194477e+00 1.0430424954e+00
71 68 50
2 25 2449 266.8199 -782.6300 39 2378 485.0601 -477.5900
5.6954412957e-01 -2.2461463465e+00 1.0796366005e+00
126 123 108
2 25 2472 362.9600 -714.3000 39 2406 531.3101 -429.6899
5.6954412957e-01 -2.2461463465e+00 1.0796366005e+00
126 123 108
2 25 2473 362.9600 -714.3000 39 2407 531.3101 -429.6899
1.4424813996e-01 -2.2379080603e+00 1.0539766510e+00
130 134 129
2 25 2476 149.6000 -711.0500 39 2400 404.0000 -446.1600
5.5589016768e-01 -2.2029124452e+00 1.0871705057e+00
80 77 68
2 25 2483 355.0900 -691.1600 39 3422 523.6400 -416.9100
-5.2416819593e-01 -2.1749114266e+00 1.0157251998e+00
61 58 48
2 25 2486 -154.3900 -684.8600 39 3376 228.9000 -456.7300
3.3554641094e-01 -2.0834307613e+00 1.0961927163e+00
166 171 172
2 25 2496 243.5200 -630.7200 39 3461 448.5400 -391.1000
-1.9670936843e-01 -2.0400125436e+00 1.0680361177e+00
119 114 97
2 25 2500 -3.1400 -615.6000 39 3442 300.7600 -402.1200
-1.6130027056e+00 -1.8666896274e+00 9.9330595365e-01
144 145 140
2 25 2515 -550.6300 -561.5300 39 1700 -31.2200 -415.8300
-9.5635512706e-01 -1.8863095788e+00 1.0399655910e+00
150 154 152
2 25 2519 -310.2000 -557.9500 39 2427 113.2600 -393.1500
-6.2783149655e-01 -1.8283356267e+00 1.0760555324e+00
132 134 123
3 25 2557 -175.9200 -526.3000 39 2462 187.0800 -362.3500 75 2092 -105.7900 -714.7000
-7.9158716319e-01 -1.8216277093e+00 1.0650567591e+00
128 128 118
3 25 2561 -241.0900 -526.6200 39 2457 148.9200 -368.1000 75 2096 -175.2700 -714.4399
-8.7911256402e-01 -1.8181657020e+00 1.0593181448e+00
129 132 124
2 25 2563 -275.3400 -526.9900 39 2451 128.5900 -370.9500
1.6042085486e+00 -1.6463555254e+00 1.2706444067e+00
146 152 148
2 25 2640 904.4299 -384.4399 39 3764 752.2800 -198.5000
8.8364201464e-01 -1.3571796499e+00 1.2859618130e+00
97 91 77
3 25 2697 508.5601 -283.0300 39 3808 502.2600 -164.2900 75 2233 622.0699 -462.2100
-1.8632729670e+00 -1.0069600935e+00 1.1536963066e+00
122 123 114
2 25 2713 -533.2300 -252.6899 39 2562 -112.1700 -220.8200
1.0228684791e+00 -1.2344071255e+00 1.3178503380e+00
141 144 142
3 25 2728 571.5800 -228.1100 39 2692 528.9900 -127.5700 75 2248 688.8500 -403.7000
-3.7563314444e+00 -6.7325755400e-01 1.0742119445e+00
71 62 44
2 25 2738 -1004.1000 -216.8300 39 2550 -438.5800 -233.8600
-3.9007807244e+00 -6.5688179028e-01 1.0664992962e+00
74 68 49
2 25 2739 -1035.5400 -216.9399 39 2543 -460.1000 -236.0400
-1.5149806036e+00 -8.9249427120e-01 1.2053560862e+00
133 129 112
3 25 2750 -410.8100 -203.2200 39 2598 -50.0500 -179.7100 75 2263 -353.7000 -372.0400
-1.5962876470e+00 -8.3897473710e-01 1.2091918821e+00
82 76 62
2 25 2764 -433.6300 -189.3101 39 2617 -67.4100 -172.3300
-1.8164488087e+00 -8.0905932611e-01 1.2009975978e+00
92 86 70
2 25 2765 -498.1400 -187.8600 39 2602 -107.9000 -176.4900
-8.9291879189e-01 -9.0804824690e-01 1.2350591707e+00
98 94 82
2 25 2772 -209.4700 -186.0200 39 2641 70.4700 -154.6300
-1.0829827786e+00 -8.9079121256e-01 1.2277724488e+00
80 74 60
2 25 2775 -273.0900 -187.2900 39 2633 31.8200 -159.6900
-1.1828190899e+00 -8.7952645449e-01 1.2243146648e+00
80 75 55
2 25 2776 -305.6100 -187.1600 39 2629 12.1200 -161.9300
-1.7133879187e+00 -8.2073352007e-01 1.2080326163e+00
92 86 71
3 25 2778 -466.3400 -187.4399 39 2612 -87.7800 -173.7500 75 2305 -412.0600 -355.3700
-1.7075795581e+00 -8.2065642612e-01 1.2059751551e+00
92 86 71
2 25 2779 -466.3400 -187.4399 39 2613 -87.7800 -173.7500
-1.7118635543e-02 -1.0029082535e+00 1.2805235792e+00
90 85 64
3 25 2795 116.2100 -185.1801 39 3854 263.3199 -131.6000 75 2279 201.2400 -355.6899
-5.3631234637e-01 -9.4382068528e-01 1.2539588692e+00
97 91 75
3 25 2798 -80.0300 -185.3500 39 2661 147.9200 -144.8200 75 2299 -5.8200 -354.8101
1.0067660534e+00 -1.1230716103e+00 1.3372406321e+00
104 96 81
2 25 2810 560.2800 -182.2300 39 2729 514.2000 -101.0000
9.4138341554e-01 -1.1156301967e+00 1.3338225861e+00
99 92 76
2 25 2811 529.0500 -182.4900 39 2727 496.9301 -102.9700
1.9416605048e+00 -1.2341272687e+00 1.3806870024e+00
96 90 74
2 25 2816 1051.9099 -180.0200 39 3970 777.2100 -69.1300
1.9705986191e+00 -1.2361185736e+00 1.3821017457e+00
145 142 134
2 25 2824 1068.2200 -179.2000 39 3973 785.4600 -67.7500
1.4409983919e+00 -1.0869607404e+00 1.3716693921e+00
96 92 83
2 25 2893 772.0100 -145.7100 39 3979 631.6000 -66.5600
1.3802906445e+00 -1.0786939547e+00 1.3687396525e+00
94 89 70
2 25 2894 740.7600 -145.6700 39 3971 614.8500 -68.3500
9.0175545079e-01 -6.6484034832e-01 1.4642646967e+00
156 161 157
2 25 2990 504.6000 -27.3200 39 1953 383.3101 -3.5200
7.2379712007e-01 -2.7469400575e-01 1.5342500507e+00
143 144 136
2 25 3062 425.0000 83.2600 39 2874 310.7900 61.6800
5.5126314205e-01 -1.4001334773e-01 1.5565881313e+00
131 130 125
2 25 3086 357.8900 109.8900 39 2896 262.1400 75.9200
-4.7762958419e+00 9.9760107288e-01 1.2917122976e+00
129 131 118
3 25 3100 -1011.6100 126.1500 39 1962 -636.3500 5.7300 75 2521 -969.1800 -38.8800
-1.4942890257e+00 2.4417109229e-01 1.2897662796e+00
75 75 66
2 25 3103 -332.7300 131.5100 39 2854 -167.3100 50.2100
-1.4395118958e+00 2.6396262360e-01 1.2912791189e+00
76 76 66
2 25 3115 -316.3300 142.4900 39 2872 -158.5900 59.2900
-1.4395118958e+00 2.6396262360e-01 1.2912791189e+00
76 76 66
2 25 3116 -316.3300 142.4900 39 2873 -158.5900 59.2900
4.5622455592e-01 1.0857372794e-02 1.5786461214e+00
69 66 54
2 25 3118 322.5699 146.3100 39 2915 234.9900 96.5100
3.3292230218e-01 1.1511251517e-01 1.5956672580e+00
70 70 62
2 25 3138 279.1700 165.1699 39 2921 203.2100 106.9200
2.0132932487e-01 1.6953935802e-01 1.6061064615e+00
137 136 122
2 25 3142 234.4000 169.3900 39 2924 173.1100 107.3700
-4.3960601136e+00 1.2382753587e+00 1.3816281880e+00
93 88 75
3 25 3164 -908.0600 189.3700 39 2011 -571.0800 54.5200 75 2575 -861.6000 25.1500
-4.8953375535e+00 1.3713226388e+00 1.3694227838e+00
142 143 128
3 25 3176 -990.4900 192.6599 39 2857 -631.9100 51.5200 75 2586 -946.1500 28.6600
-4.6835025640e+00 1.3499188650e+00 1.3819898726e+00
143 142 128
3 25 3184 -952.4700 197.6799 39 2870 -606.1400 57.4700 75 2591 -906.6800 33.8500
-5.3427574831e+00 1.5057220560e+00 1.3639080690e+00
157 159 148
2 25 3187 -1058.1500 198.4800 39 2860 -678.5100 51.3000
-5.1845442716e+00 1.5645299300e+00 1.3897823969e+00
106 107 96
2 25 3221 -1022.9400 215.5300 39 2026 -658.0700 65.6000
2.0216436883e+00 -1.3274186202e-01 1.6332340315e+00
92 91 82
2 25 3222 980.6201 217.4299 39 3038 602.4600 174.3700
-3.0740846245e-01 5.1524845225e-01 1.6479422744e+00
137 137 128
2 25 3227 76.6400 221.3800 39 2962 68.7800 132.5300
3.5096681134e-01 4.2972305771e-01 1.6449816792e+00
174 180 177
2 25 3246 287.4399 249.6799 39 3007 193.1000 161.5200
6.4336639039e-02 6.4288333203e-01 1.6669397758e+00
47 48 41
2 25 3271 194.6100 282.1699 39 3053 130.2900 178.1700
-1.0842822184e-01 7.0183336623e-01 1.6682745675e+00
55 57 46
2 25 3276 140.9000 284.2200 39 3046 97.3600 176.8100
-6.0630972258e+00 2.2428324060e+00 1.4663096608e+00
82 80 67
2 25 3304 -1096.1000 289.2600 39 2086 -731.2900 112.4900
