# Bundle file v0.3
90 17660
0 0 0
0 0 0
0 0 0
0 0 0
0 0 0
0 0 0
0 0 0
0 0 0
0 0 0
0 0 0
2.0273248593e+03 4.0553319203e-02 6.2636445066e-02
8.5079184473e-01 2.3651820082e-01 -4.6926791668e-01
3.7968452585e-02 8.6298755803e-01 5.0379645820e-01
5.2412940535e-01 -4.4644329469e-01 7.2524254638e-01
1.2971049383e+00 -2.1895990573e+00 -1.3041081251e+01
0 0 0
0 0 0
0 0 0
0 0 0
0 0 0
1.9298290416e+03 -2.0924988998e-02 4.4870935013e-02
8.5945378572e-01 2.1391887878e-01 -4.6430367595e-01
-1.5588533025e-02 9.1878263730e-01 3.9445590759e-01
5.1097572138e-01 -3.3177880989e-01 7.9298589739e-01
1.0954994279e+00 -4.2027146859e-01 -1.3234948481e+01
2.1543037455e+03 2.8991336561e-02 -2.8259841150e-03
8.3771255371e-01 2.1902482843e-01 -5.0026573128e-01
1.4877924764e-02 9.0655756627e-01 4.2181989804e-01
5.4590871464e-01 -3.6080673991e-01 7.5617601901e-01
9.3624645248e-01 -1.0551092328e+00 -1.3823961006e+01
0 0 0
0 0 0
0 0 0
0 0 0
0 0 0
1.8856334213e+03 -1.1046336303e-02 2.3317094932e-02
8.6500653430e-01 2.0515906405e-01 -4.5790114004e-01
-4.5901500044e-02 9.4111742587e-01 3.3494931410e-01
4.9965663000e-01 -2.6871499615e-01 8.2348983171e-01
9.5455573839e-01 5.1527815335e-01 -1.3242444907e+01
0 0 0
0 0 0
0 0 0
0 0 0
0 0 0
0 0 0
0 0 0
0 0 0
0 0 0
0 0 0
2.1468029079e+03 -6.0710294309e-02 9.1112986009e-03
8.3845352459e-01 2.1904811279e-01 -4.9901263649e-01
-3.8138950046e-01 8.8991700013e-01 -2.5017949918e-01
3.8927848134e-01 4.0008206303e-01 8.2969669567e-01
5.0381954299e-01 8.7547168176e+00 -1.0022247021e+01
1.2321353807e+03 -4.0434853900e-02 -1.9836995539e-01
7.4771817879e-01 1.8946801094e-01 -6.3641134334e-01
-1.3045226789e-01 9.8166440737e-01 1.3898631984e-01
6.5107582578e-01 -2.0901294899e-02 7.5872485458e-01
1.0173625181e+00 4.0312507067e+00 -6.5359849504e+00
0 0 0
0 0 0
0 0 0
0 0 0
0 0 0
1.5772321235e+03 -1.2643673724e-01 -7.4596567176e-02
7.6489606667e-01 1.1605622020e-01 -6.3361262689e-01
2.0149670799e-01 8.9116502894e-01 4.0647751212e-01
6.1182765863e-01 -4.3858390867e-01 6.5826367908e-01
6.9198489452e-01 -3.4057958732e+00 -1.3067687638e+01
1.5760061391e+03 2.3475276197e-01 -5.1803326449e-01
9.4037072070e-01 2.3559190265e-01 -2.4535558494e-01
-1.5349152438e-01 9.3759992715e-01 3.1200437264e-01
3.0355108235e-01 -2.5573977401e-01 9.1785287949e-01
1.2242252472e+00 -3.2451275733e-01 -1.2860253058e+01
6.2587284119e+02 -1.8137888772e-01 2.0006702013e-01
7.8998780541e-01 2.1653251622e-01 -5.7361392654e-01
-8.7237282841e-02 9.6573954054e-01 2.4441112152e-01
6.0688460500e-01 -1.4304128516e-01 7.8181216859e-01
2.1267216098e+00 -2.3620356786e-01 -2.0824250886e+01
1.9595798522e+03 1.6564719496e-01 3.1015260972e-01
8.4624347612e-01 2.1671056140e-01 -4.8673248474e-01
-1.1480420767e-01 9.6625047302e-01 2.3060792983e-01
5.2028066754e-01 -1.3927151890e-01 8.4256244338e-01
8.7060034167e-01 2.0760604486e+00 -1.2738199133e+01
0 0 0
0 0 0
0 0 0
0 0 0
0 0 0
0 0 0
0 0 0
0 0 0
0 0 0
0 0 0
8.1425072477e+02 8.7633903704e-02 -1.3094562029e-01
9.7933124157e-01 1.1348886695e-01 -1.6742340445e-01
3.7583916795e-02 7.1122903910e-01 7.0195491532e-01
1.9874045506e-01 -6.9373880605e-01 6.9226346177e-01
8.9253927750e-01 7.5010605601e-02 -5.3115749675e+00
9.9321767638e+02 3.8702929670e-02 -3.5847398992e-01
8.7348189195e-01 2.5150600818e-01 -4.1686222218e-01
1.8387233150e-01 6.2240042262e-01 7.6079476840e-01
4.5079967850e-01 -7.4118988240e-01 4.9741050260e-01
8.5648929571e-01 -1.9659271509e+00 -7.2345205013e+00
1.2096362593e+03 -8.4795984259e-02 -2.3776079714e-01
8.7060088459e-01 2.2897857317e-01 -4.3545713081e-01
-3.1096828637e-02 9.0893428675e-01 4.1577812547e-01
4.9100619853e-01 -3.4843546805e-01 7.9843950153e-01
1.3488155439e+00 -3.1233399884e+00 -2.0642690795e+01
0 0 0
0 0 0
0 0 0
0 0 0
0 0 0
2.3856016723e+03 -5.3235301583e-02 9.5205314792e-02
8.7129190850e-01 2.1194280630e-01 -4.4264055061e-01
-1.9980168497e-01 9.7699905251e-01 7.4512670564e-02
4.4825182306e-01 2.3518040904e-02 8.9359789888e-01
5.2239540835e-01 4.6100305765e+00 -8.5141794974e+00
0 0 0
0 0 0
0 0 0
0 0 0
0 0 0
-1.8321692661e+03 6.0820376232e-02 -1.3141540798e-01
9.0876040991e-01 3.4312088438e-02 4.1590527523e-01
1.6865310609e-01 8.8140565571e-01 -4.4122579242e-01
-3.8172064024e-01 4.7111224849e-01 7.9519972469e-01
-2.0287574720e-01 1.0146871439e+00 3.8811634063e+00
1.2791505177e+03 -2.4556025591e-01 3.6476477118e-01
8.6709030652e-01 2.0709041303e-01 -4.5306507389e-01
-6.9523064000e-02 9.5089987770e-01 3.0158906839e-01
4.9327572808e-01 -2.3000648562e-01 8.3891362646e-01
-7.8115322796e-01 -4.0421289942e-01 -1.9838215670e+01
1.4770525737e+03 1.5449450552e-02 -1.3242353817e-01
8.1154808140e-01 1.7202340033e-01 -5.5838845020e-01
1.0884006597e-01 8.9444165947e-01 4.3373719906e-01
5.7405883985e-01 -4.1277362749e-01 7.0715937442e-01
7.3694613029e-01 -5.8045439735e+00 -2.3726115122e+01
0 0 0
0 0 0
0 0 0
0 0 0
0 0 0
0 0 0
0 0 0
0 0 0
0 0 0
0 0 0
1.8566060879e+03 -2.8538901474e-02 1.0938457543e-01
7.7955458028e-01 2.0443186331e-01 -5.9203232145e-01
-1.1428329454e-01 9.7579217035e-01 1.8646439034e-01
6.1581976662e-01 -7.7699765377e-02 7.8404640264e-01
9.3842597415e-01 2.9665150378e+00 -9.7191158874e+00
0 0 0
0 0 0
0 0 0
0 0 0
0 0 0
7.1863203208e+02 -5.4586216200e-02 -4.5640609606e-03
7.9523355174e-01 1.7453531036e-01 -5.8063846206e-01
4.2318567050e-03 9.5604893719e-01 2.9317660392e-01
6.0628845410e-01 -2.3560105079e-01 7.5954358354e-01
1.6098382729e+00 -6.6053717367e-01 -1.8171854452e+01
2.5661367842e+03 1.3471213869e-01 -5.1070115529e-01
8.6351476604e-01 2.1661807847e-01 -4.5543260413e-01
-6.2418918612e-02 9.4201822115e-01 3.2970524659e-01
5.0044592857e-01 -2.5627773822e-01 8.2696771005e-01
1.1419341198e+00 2.4480427149e+00 -8.4055331852e+00
3.1492069915e+03 1.3977114914e-01 -3.6966479567e-01
7.9285976544e-01 2.3843224052e-01 -5.6082391090e-01
2.8704741180e-03 9.1881103636e-01 3.9468726841e-01
6.0939736850e-01 -3.1454148557e-01 7.2780388919e-01
1.0288591378e+00 2.8557366377e+00 -5.8714795517e+00
1.1115073362e+03 -8.2173139014e-02 3.7824159898e-01
8.4965847775e-01 1.7183046842e-01 -4.9855266654e-01
1.1711879822e-01 8.6032056915e-01 4.9611662479e-01
5.1416306586e-01 -4.7991958536e-01 7.1085408720e-01
1.3566041734e+00 -2.5754595392e+00 -1.2964368296e+01
6.9985463564e+02 -1.9979846459e-01 3.1055051901e-01
7.0508060897e-01 2.1132949096e-01 -6.7690559246e-01
8.7009988188e-03 9.5191156777e-01 3.0624934247e-01
7.0907378141e-01 -2.2182022765e-01 6.6933561024e-01
3.5865152362e+00 -1.2524199496e+00 -1.8920532163e+01
2.1014513049e+03 6.0185165572e-02 -2.3305671724e-01
8.2355005346e-01 2.0941955995e-01 -5.2717052019e-01
-5.8133678822e-02 9.5562117500e-01 2.8880554927e-01
5.6425684297e-01 -2.0719946383e-01 7.9917619919e-01
1.0458589789e+00 8.8205670744e-01 -1.3916574879e+01
7.2886750300e+02 -9.9719890791e-02 -1.0832229044e-01
8.5285207400e-01 2.0338679340e-01 -4.8091283218e-01
-9.6867379667e-02 9.6666018421e-01 2.3703332890e-01
5.1308873564e-01 -1.5556960026e-01 8.4411968869e-01
1.4144153662e+00 3.4787109883e+00 -6.5459804120e+00
-6.8361347570e+01 1.5173854828e-04 -2.5159362284e-06
9.5828954491e-01 -2.8310386278e-01 3.9158026010e-02
2.7152120618e-01 9.4459412550e-01 1.8444016011e-01
-8.9204163115e-02 -1.6611484264e-01 9.8206337695e-01
8.4552761053e-01 1.1438986102e-01 -1.1104994336e+00
0 0 0
0 0 0
0 0 0
0 0 0
0 0 0
0 0 0
0 0 0
0 0 0
0 0 0
0 0 0
2.5133611223e+03 -1.4489316355e-01 -1.5102704775e-01
8.3597585837e-01 1.7717737052e-01 -5.1937707265e-01
1.8997768476e-01 7.9448152223e-01 5.7680810512e-01
5.1483283065e-01 -5.8086770458e-01 6.3050762586e-01
-1.3776740224e-01 -3.3880769843e+00 -1.0633960793e+01
1.8002705765e+03 -5.4175562806e-02 -2.3720390240e-01
8.6347907882e-01 1.9437117134e-01 -4.6542854252e-01
-6.4458191524e-04 9.2318956197e-01 3.8434439917e-01
5.0438424337e-01 -3.3157334092e-01 7.9728016069e-01
9.1122153535e-01 -1.4208647739e+00 -1.6876268237e+01
1.9314863510e+03 -2.6845441430e-01 4.1879643711e-01
8.4580475753e-01 1.7189645237e-01 -5.0504051501e-01
5.0413852719e-02 9.1667892608e-01 3.9643182256e-01
5.3110522083e-01 -3.6076495970e-01 7.6666543437e-01
-8.2510463665e-01 -4.8479036583e+00 -2.3653625040e+01
0 0 0
0 0 0
0 0 0
0 0 0
0 0 0
0 0 0
0 0 0
0 0 0
0 0 0
0 0 0
1.2137617883e+03 -1.3410361802e-01 2.6222298307e-02
8.4351844896e-01 2.0327588248e-01 -4.9714740457e-01
-2.3129722914e-01 9.7286845135e-01 5.3449198153e-03
4.8474551887e-01 1.1048027868e-01 8.6764963549e-01
-1.7994052762e-01 5.5215094659e+00 -1.6067392965e+01
1.6820385467e+03 -7.0668948389e-02 -2.8034373134e-01
4.3044872086e-02 8.8067669817e-01 4.7175808662e-01
-8.5967964696e-01 -2.0792876187e-01 4.6660104436e-01
5.0901674196e-01 -4.2564560762e-01 7.4814956601e-01
-1.7861084536e+00 -1.0944588560e+00 -1.3120087963e+01
3.3664715231e+02 -1.8866885743e-02 -1.1807064384e-02
7.5990365173e-01 1.5550554390e-01 -6.3116120438e-01
3.6300224597e-02 9.5929701231e-01 2.8005630838e-01
6.4902136620e-01 -2.3572710490e-01 7.2332841658e-01
-6.9773896703e-02 -6.3412017274e-01 -1.4581664271e+01
1.5683039908e+03 -2.6429150733e-02 -1.6802443620e-01
8.9278353919e-01 1.7886603089e-01 -4.1345434468e-01
-8.3077260135e-02 9.6742674624e-01 2.3913105091e-01
4.4275921334e-01 -1.7914361182e-01 8.7856237419e-01
-2.6397212850e+00 -4.1808341401e-01 -2.0588796573e+01
1.5389228723e+03 -4.4848952480e-01 -1.8203727678e-01
9.1964161847e-01 1.9363617933e-01 -3.4170795078e-01
-1.7636755478e-01 9.8096723266e-01 8.1226683190e-02
3.5093272745e-01 -1.4433242666e-02 9.3628943298e-01
-1.8353370270e+00 4.3184637453e+00 -7.5111642598e+00
2.0940435232e+03 -3.1289433489e-01 1.7617969544e+00
6.9404007091e-01 6.0663198827e-02 -7.1737602154e-01
3.2697590666e-01 8.6118436409e-01 3.8916352285e-01
6.4140091708e-01 -5.0465975405e-01 5.7786105268e-01
3.2611714460e-01 -3.4938478771e+00 -1.1242872092e+01
2.6902322309e+03 -2.9310449346e-01 7.0659483038e-01
8.2717886801e-01 2.3550016615e-01 -5.1021053699e-01
1.2710716275e-01 8.0600297726e-01 5.7810290592e-01
5.4737454224e-01 -5.4304592108e-01 6.3677487239e-01
1.2291462687e+00 -2.8235577802e+00 -1.1443340588e+01
0 0 0
0 0 0
0 0 0
0 0 0
0 0 0
2.6963091349e+03 -6.5123371041e-02 -3.5455310329e-01
8.4622775835e-01 2.5041574395e-01 -4.7030897948e-01
-2.8419493597e-01 9.5876613533e-01 -8.5796480867e-04
4.5070147478e-01 1.3438546395e-01 8.8250140380e-01
3.6064655457e+00 5.2324695211e+00 -1.3946758734e+01
1.1441626782e+03 -4.7230804796e-03 2.9058858834e-01
8.3945254150e-01 2.2256708519e-01 -4.9576539126e-01
3.3466151698e-02 8.8938031238e-01 4.5594152765e-01
5.4240155537e-01 -3.9933263395e-01 7.3914409975e-01
1.5999174550e+00 -1.5170547841e+00 -1.3102897490e+01
2.4469202028e+03 -3.4497858938e-02 -6.6104239403e-02
8.2915704281e-01 2.1235631279e-01 -5.1711062142e-01
-5.7860439061e-02 9.5267067287e-01 2.9844724602e-01
5.5601328038e-01 -2.1753938834e-01 8.0220062738e-01
5.4296335135e-01 8.7530457877e-02 -1.5877456344e+01
0 0 0
0 0 0
0 0 0
0 0 0
0 0 0
0 0 0
0 0 0
0 0 0
0 0 0
0 0 0
8.2198967442e+02 -8.0523008852e-02 -4.0486720112e-02
8.1412776454e-01 2.0141978252e-01 -5.4463387171e-01
4.2743843426e-02 9.1458380578e-01 4.0213110555e-01
5.7911047896e-01 -3.5066584296e-01 7.3597861364e-01
1.5526690181e+00 -2.3451845812e+00 -1.7620938324e+01
0 0 0
0 0 0
0 0 0
0 0 0
0 0 0
0 0 0
0 0 0
0 0 0
0 0 0
0 0 0
1.6067698918e+03 1.0320292961e-01 -8.0465286044e-01
8.5306248534e-01 2.2175337476e-01 -4.7234504008e-01
1.3804399366e-03 9.0424493638e-01 4.2701193124e-01
5.2180694753e-01 -3.6491990329e-01 7.7107131557e-01
2.2411724947e+00 -3.0673387847e+00 -1.9471991634e+01
0 0 0
0 0 0
0 0 0
0 0 0
0 0 0
0 0 0
0 0 0
0 0 0
0 0 0
0 0 0
0 0 0
0 0 0
0 0 0
0 0 0
0 0 0
2.1755883690e+03 -2.0296846109e-01 4.6073020341e-01
8.0842941313e-01 2.1438864482e-01 -5.4816000671e-01
1.8273218025e-01 7.9387028392e-01 5.7998182955e-01
5.5950945862e-01 -5.6904084324e-01 6.0261238325e-01
6.7327225881e-01 -3.9260136523e+00 -1.0916318158e+01
1.8112417135e+03 -8.9220042400e-01 1.4260965096e+00
7.2429214940e-01 8.9758017202e-02 -6.8362590695e-01
1.5499041223e-01 9.4492076285e-01 2.8827543089e-01
6.7184734459e-01 -3.1475109259e-01 6.7048705825e-01
-1.8240100726e-01 -2.7588685362e+00 -1.2730610582e+01
3.8744947927e+03 -1.5819831915e-01 -8.8383645024e-02
9.4638473604e-01 1.8439726372e-01 -2.6524249379e-01
-1.4939137109e-01 9.7782615061e-01 1.4675911358e-01
2.8642302566e-01 -9.9265645147e-02 9.5294710350e-01
-3.4879137477e+00 2.9422599017e+00 -1.6236638979e+01
1.8816498517e+03 -7.3156395503e-02 6.8314461713e-02
8.1273843504e-01 1.8881958252e-01 -5.5118363679e-01
-7.5683173659e-02 9.7222814105e-01 2.2145992632e-01
5.7769221341e-01 -1.3827366704e-01 8.0445764312e-01
4.0886879704e-01 9.7604936373e-01 -1.5644280993e+01
0 0 0
0 0 0
0 0 0
0 0 0
0 0 0
0 0 0
0 0 0
0 0 0
0 0 0
0 0 0
0 0 0
0 0 0
0 0 0
0 0 0
0 0 0
0 0 0
0 0 0
0 0 0
0 0 0
0 0 0
1.9638789976e+03 1.2340405733e-01 -3.0006196525e-01
9.5268691570e-01 1.9459763485e-01 -2.3349389964e-01
9.2474416294e-02 5.4620972227e-01 8.3252833083e-01
2.8954468220e-01 -8.1473105981e-01 5.0237155294e-01
9.8014033240e-01 -1.3347162705e+00 -6.0219450972e+00
0 0 0
0 0 0
0 0 0
0 0 0
0 0 0
0 0 0
0 0 0
0 0 0
0 0 0
0 0 0
0 0 0
0 0 0
0 0 0
0 0 0
0 0 0
0 0 0
0 0 0
0 0 0
0 0 0
0 0 0
1.7612171147e+03 -1.0127735501e-01 -7.5320940748e-02
8.1301506183e-01 2.4550741288e-01 -5.2795134194e-01
-6.6665400574e-03 9.1062054019e-01 4.1318977363e-01
5.8220448854e-01 -3.3240990059e-01 7.4198489979e-01
2.5902592541e+00 -2.4102271251e+00 -1.8371433211e+01
0 0 0
0 0 0
0 0 0
0 0 0
0 0 0
1.8407127664e+03 -1.7345169219e-01 1.8683566196e-01
7.5737091426e-01 2.2877205593e-01 -6.1159843415e-01
-2.6386849144e-02 9.4657693524e-01 3.2139670171e-01
6.5245155561e-01 -2.2727835820e-01 7.2294641259e-01
2.2427730023e+00 -1.2606723856e+00 -1.8673686270e+01
0 0 0
0 0 0
0 0 0
0 0 0
0 0 0
5.7884691660e+02 -1.6548447467e-01 4.8517139728e-02
8.9303112381e-01 1.3608771558e-01 -4.2892370600e-01
4.2057863092e-02 9.2376067342e-01 3.8065385115e-01
4.4802516453e-01 -3.5797535098e-01 8.1922347381e-01
-2.4377697692e+00 -2.2928219720e+00 -1.7470413033e+01
1.0230776061e+03 -9.3134823653e-02 -6.2029895598e-02
8.4183419753e-01 2.1509754813e-01 -4.9502346274e-01
1.4970427021e-02 9.0749991756e-01 4.1978540464e-01
5.3952856290e-01 -3.6080042187e-01 7.6074436271e-01
6.7642343584e-01 -2.3758472796e+00 -1.7208290250e+01
0 0 0
0 0 0
0 0 0
0 0 0
0 0 0
5.9655402109e+02 -9.1708275309e-02 9.1234248184e-02
8.2400291851e-01 2.0279440348e-01 -5.2904973320e-01
-3.7386418889e-02 9.5117690998e-01 3.0637353280e-01
5.6535072828e-01 -2.3267341024e-01 7.9135430636e-01
9.8602070167e-01 -4.9271108402e-01 -1.8089403084e+01
0 0 0
0 0 0
0 0 0
0 0 0
0 0 0
1.6699738030e+03 -1.4392485492e-01 -2.5983146342e-02
8.5617156301e-01 2.1935666370e-01 -4.6781717454e-01
-1.1330766638e-02 9.1316200643e-01 4.0743927615e-01
5.1656739002e-01 -3.4353719466e-01 7.8430882149e-01
1.1876375272e-01 -2.3340103441e+00 -1.8181819532e+01
1.3510021825e+00 1.2617947297e+00 1.8612546202e+00
99 99 89
4 25 3516 623.6600 520.8000 39 3187 332.3600 353.2200 75 2887 720.7600 361.2400 20 3746 235.7400 70.1200
5.1182607272e-01 -6.6120808415e-01 1.4674928526e+00
121 120 107
2 25 1894 344.7100 -48.8100 39 1940 272.6801 -24.6700
1.9276039554e+00 -1.1890412452e-01 1.6219769310e+00
169 174 167
3 25 2078 932.9199 214.9299 39 2136 576.5900 170.3900 20 2381 336.7100 -74.8600
4.4092214222e-02 -1.9773190176e+00 1.0883188398e+00
168 173 175
17 25 2509 108.1200 -581.2300 39 2448 360.3000 -372.6100 19 2225 138.9200 -145.0700 33 4261 91.6000 341.8800 7 9070 16.0800 -155.6500 16 17222 -11.7500 68.3400 30 7509 -13.6300 263.1900 2 5120 68.6300 -595.6500 10 11494 -93.2800 1415.8101 23 2379 -106.3600 860.5000 37 21490 12.4200 -113.6801 48 5868 -439.6700 -33.3800 57 15091 -70.7300 -244.2400 4 10938 35.2700 -297.3000 70 13515 -69.6400 -88.1899 14 31752 73.1000 -257.7200 55 6242 528.2300 671.4900
2.0963801830e+00 -2.0480841718e-01 1.6154193713e+00
169 172 165
3 25 2059 1020.0100 200.8301 39 2134 626.4700 165.9200 20 2359 368.5700 -81.1500
-1.5335908819e+00 5.1767440762e-01 1.3845261041e+00
94 91 82
2 25 3178 -313.2800 195.0400 39 2912 -166.9800 93.5200
1.7476296181e-01 -2.0524136477e+00 1.0825735737e+00
76 68 45
6 25 2502 166.1100 -614.6000 39 1706 400.0800 -387.6900 33 4258 129.8700 316.9000 11 3194 21.1400 466.7800 30 16217 8.3600 248.9900 10 48904 -71.2600 1398.2700
1.6389170751e+00 -2.0463614882e-01 1.5874181695e+00
107 98 81
4 25 3143 806.7300 170.7700 39 2967 513.8900 136.8800 75 2550 925.9800 4.7400 20 3334 287.1100 -95.0400
-8.2527334519e-02 -2.0107572313e+00 1.0735840566e+00
82 76 56
4 25 115 48.2600 -598.9000 39 107 327.4301 -388.1700 19 86 105.6500 -156.2700 33 348 54.0200 332.8500
3.0948378190e-01 -2.0358409350e+00 1.0944963486e+00
154 155 155
3 25 114 231.2100 -607.2400 39 108 437.7300 -376.9400 19 142 209.7600 -158.1600
6.0622969325e-01 -1.4008774040e+00 1.2482268204e+00
159 160 152
4 25 328 377.7700 -309.3400 39 548 436.3199 -188.9400 75 271 484.1600 -489.5601 19 405 272.8800 -3.6700
-3.9308310256e-02 -2.1108390023e+00 1.0586472010e+00
138 140 135
3 25 450 66.9500 -646.5900 39 742 342.1300 -414.5400 19 593 116.3800 -182.5500
3.7947954228e-01 -1.3469093061e+00 1.2431629625e+00
135 135 130
4 25 790 274.4700 -295.5800 39 829 375.0400 -186.4000 75 447 372.0601 -473.9399 19 652 217.1800 2.1000
6.3255364954e-01 4.8700262892e-01 1.6569936506e+00
141 148 140
3 25 1003 385.9700 291.1400 39 1049 244.4600 193.2000 19 740 240.7400 294.8800
7.8502097002e-02 -2.0209666258e+00 1.0822410265e+00
76 68 47
3 25 1146 122.3700 -602.6600 39 1192 372.2500 -383.8400 19 919 146.3600 -156.2300
-1.9481720493e-01 -1.9175195620e+00 1.0833516624e+00
148 151 149
5 25 1160 1.5300 -556.4301 39 1200 295.3199 -366.0400 19 926 77.4600 -132.3400 30 3617 -54.2700 271.2900 35 2372 30.9100 -359.6300
2.0686142023e-02 -1.9109656208e+00 1.1000974436e+00
141 142 132
4 25 708 99.5900 -548.1500 39 1202 349.5200 -353.2000 19 927 131.9300 -128.0500 33 2056 86.2500 366.1300
1.2942165323e+00 -8.6506834398e-01 1.4011273550e+00
150 153 153
3 25 1339 685.4301 -68.1000 39 1350 555.3300 -23.2500 19 1053 436.0800 122.3200
1.5332923401e+00 2.1155247961e+00 2.0575510826e+00
135 141 140
5 25 1091 658.2400 691.9000 39 1130 290.5200 471.3700 75 932 751.8101 530.1799 19 1196 372.5000 500.9299 20 1084 266.4600 171.9700
4.7527210247e-01 -2.4358467040e+00 1.0258319688e+00
45 43 31
3 25 1682 321.1700 -820.9700 39 1665 517.6500 -496.3101 19 1432 263.4200 -269.6100
3.3057807312e-01 -2.1091254614e+00 1.0811862690e+00
65 59 44
3 25 1142 242.3400 -644.2500 39 1704 450.2400 -398.6700 19 1456 215.2100 -176.3600
9.2085975804e-03 -1.9980504692e+00 1.0825395236e+00
83 75 59
3 25 1147 91.2600 -592.5000 39 1707 351.3400 -379.7700 19 1461 127.7500 -151.2200
-2.4310676165e+00 1.6790943502e+00 1.6743671426e+00
93 95 88
4 25 1509 -443.2000 361.7500 39 1517 -271.3200 196.3400 75 1204 -382.6900 201.9100 19 1740 -220.6000 333.9600
1.7022343260e-01 -2.0269375423e+00 1.0875210253e+00
159 165 161
4 25 2506 166.0800 -602.0800 39 2437 397.9500 -380.0400 19 2217 171.2100 -154.4700 33 4259 129.9900 325.5801
-8.6537124768e-02 -1.9648911652e+00 1.0818840764e+00
73 62 44
3 25 2512 48.4200 -577.9800 39 2443 324.4200 -375.4000 19 2226 103.7900 -144.3300
-4.1627532837e+00 1.0134665691e+00 1.3530583005e+00
72 68 50
5 25 2018 -884.5400 154.7400 39 1410 -549.7300 32.3800 75 1138 -838.2100 -9.7000 19 2476 -466.9200 216.3300 20 3314 -331.4700 -105.4600
-3.9934982158e+00 1.1639386446e+00 1.4061543020e+00
161 162 153
5 25 2050 -832.5800 192.2900 39 2019 -515.4200 60.6200 75 1682 -784.7600 28.9100 19 2512 -438.2600 237.3700 20 2335 -313.7200 -91.7000
1.5794640433e+00 1.9696859697e+00 2.0299853960e+00
165 182 189
4 25 3655 679.9700 670.8500 39 3250 306.1600 459.6700 75 2997 775.1100 509.1000 19 2780 385.6600 489.0900
9.9256213438e-02 -2.2222974895e+00 1.0443789338e+00
131 132 125
3 25 2477 128.8500 -703.6400 39 3385 391.8300 -443.1700 19 3233 152.7400 -209.0200
4.1604988864e-01 -2.1393672990e+00 1.0805641919e+00
68 64 50
3 25 2491 285.1500 -659.4100 39 3439 477.7200 -404.2100 19 3240 239.9500 -183.3000
-1.2242969984e-02 -1.8882684046e+00 1.1017550650e+00
145 148 139
4 25 2548 84.4600 -540.9200 39 3544 338.8600 -350.0300 75 2081 172.4500 -732.9000 19 3278 123.6600 -123.8400
5.9472270543e-01 -1.5689442780e-01 1.5142177264e+00
139 138 127
4 25 3099 372.2800 125.5900 39 2888 297.1300 71.3600 75 2518 464.6300 -40.7300 19 3654 238.5600 207.2600
-4.1612576841e+00 1.1915795152e+00 1.3978987931e+00
88 82 71
5 25 3163 -864.7600 189.6799 39 2869 -538.6800 57.8500 75 2574 -817.1100 26.4200 19 3696 -456.4700 235.9900 20 4874 -324.6900 -92.1700
-4.5418831446e-01 5.4452604389e-01 1.6547967615e+00
71 67 51
2 25 4768 32.2700 217.4700 39 4243 41.6900 128.3400
6.1346242489e-01 1.1403410446e+00 1.7856093980e+00
56 56 48
5 25 5015 374.6700 439.8300 39 4438 198.8200 290.5400 75 4098 461.5800 278.9000 19 3873 228.9100 372.1000 20 5256 137.9700 30.9400
-4.0318437959e+00 2.9375871604e+00 1.7945767233e+00
168 173 169
4 25 3469 -675.2700 480.5200 39 3135 -495.0000 272.4500 75 2831 -618.0600 317.9500 19 3896 -362.3700 390.7700
2.3772492631e-01 -2.0870774639e+00 1.0795878613e+00
119 120 108
3 25 5557 197.0000 -633.7400 39 4919 421.6600 -396.4500 19 4779 189.5400 -171.4000
-1.4174881501e+00 -1.8732055085e+00 1.0008493753e+00
150 156 151
3 25 3883 -484.4900 -560.8600 39 3436 8.9400 -409.8600 19 4805 -195.5400 -139.2300
-1.9588615650e+00 -1.8026130742e+00 9.7307779308e-01
53 50 39
4 25 5648 -666.7800 -541.5800 39 3433 -108.4900 -413.8000 75 3146 -626.6500 -727.4900 19 4844 -298.5100 -130.2600
-1.6498376342e+00 -1.8118262164e+00 9.9511916959e-01
72 68 56
4 25 5657 -561.8200 -539.4200 39 4900 -43.7700 -403.4800 75 3154 -515.2500 -725.9301 19 4853 -240.0500 -128.7000
-4.6115293777e-01 -1.8703215148e+00 1.0730437007e+00
143 149 141
4 25 3930 -110.5800 -540.9301 39 3513 227.7100 -365.5700 75 3138 -36.7200 -731.3199 19 4864 14.0600 -125.4900
-3.0131002906e+00 -8.5624425198e-01 1.0977431648e+00
60 59 48
4 25 4211 -851.8400 -242.9600 39 3699 -312.4600 -239.1900 75 3437 -813.6000 -411.2500 19 5150 -417.2500 24.2800
-1.8894807155e+00 -8.8204423647e-01 1.1744807149e+00
136 137 120
3 25 6129 -530.2600 -213.7700 39 5275 -122.8200 -195.0800 19 5175 -238.4300 40.2200
-1.5495317237e+00 -8.9164355441e-01 1.1984250230e+00
133 126 110
6 25 4250 -423.9200 -201.8900 39 3793 -58.3600 -179.8100 75 3468 -367.7600 -370.7300 19 5195 -178.9800 46.9200 20 4206 -182.8000 -293.5800 33 6391 -302.5200 682.9500
-2.4936531902e+00 -7.1317815324e-01 1.1718855962e+00
80 72 49
4 25 6191 -689.5700 -182.6000 39 3779 -224.9100 -187.1300 75 3497 -643.6100 -349.0800 19 5221 -328.6100 56.3900
2.1387925750e-01 -2.7581134331e-01 1.5506928777e+00
143 139 119
2 25 6492 234.6801 46.8000 39 5672 185.2500 29.5800
5.7938658308e-01 1.0848859078e+00 1.7728032194e+00
49 49 42
4 25 10180 365.0601 425.4500 39 6094 192.9500 281.4700 75 5790 451.5800 264.2400 19 5722 223.5200 363.6000
5.9922561330e-01 1.1004633400e+00 1.7773408128e+00
125 127 119
5 25 7132 370.2000 429.8900 39 6098 197.0400 283.9400 75 5797 457.3000 269.0800 19 5729 226.6900 366.3200 20 7886 136.4600 27.6300
5.9922561330e-01 1.1004633400e+00 1.7773408128e+00
125 127 119
5 25 7133 370.2000 429.8900 39 6099 197.0400 283.9400 75 5798 457.3000 269.0800 19 5730 226.6900 366.3200 20 7887 136.4600 27.6300
1.0998894655e+00 2.7844474060e+00 2.1625022437e+00
111 111 110
4 25 7726 506.3300 767.8700 39 6349 189.8400 517.2700 75 6335 592.5601 605.2300 19 6047 288.2200 540.8800
7.9543136139e-01 -2.4510697248e+00 1.0403400176e+00
76 73 65
3 25 7851 499.0400 -833.6300 39 6495 623.5699 -487.4100 19 6761 363.1400 -272.9000
-6.9735433756e-02 -1.9532468962e+00 1.0856717562e+00
144 147 143
5 25 5591 57.3600 -570.5300 39 4965 328.7000 -370.0900 19 6904 108.9200 -139.5500 33 8631 56.8300 351.2000 55 17354 509.7100 678.3800
6.0703195019e-02 -1.8590261424e+00 1.1116246632e+00
56 49 41
4 25 5723 118.4301 -526.3101 39 5031 356.5500 -339.4300 75 4583 209.2400 -717.7100 19 7015 141.7100 -115.3700
1.1795213915e+00 -1.5964999191e+00 1.2448252325e+00
59 55 45
4 25 8371 667.1500 -374.6500 39 7090 618.2000 -209.6000 75 4776 798.6899 -562.7900 19 7224 438.9200 -34.9200
5.0700186216e-01 -1.0946926981e+00 1.2971261346e+00
148 134 117
4 25 6172 331.6100 -194.3800 39 5401 388.2600 -122.7100 75 3474 431.1801 -366.8500 19 7450 243.8900 55.3000
5.0700186216e-01 -1.0946926981e+00 1.2971261346e+00
148 134 117
4 25 6173 331.6100 -194.3800 39 5402 388.2600 -122.7100 75 3475 431.1801 -366.8500 19 7451 243.8900 55.3000
2.1387925750e-01 -2.7581134331e-01 1.5506928777e+00
143 139 119
2 25 6491 234.6801 46.8000 39 5671 185.2500 29.5800
3.0044373109e-01 1.1298465302e+00 1.7611852427e+00
166 175 177
4 25 10165 274.7700 415.6200 39 8069 140.9900 270.8300 75 8015 357.9700 254.2900 19 8223 173.4000 358.6800
-3.3074613988e+00 2.4592674719e+00 1.7498414958e+00
140 143 132
4 25 7172 -571.7100 446.4000 39 6047 -411.5300 252.8300 75 5817 -513.5400 284.2300 19 8265 -301.6100 372.5400
4.9892908391e-03 1.3844666300e+00 1.7904637086e+00
169 181 178
4 25 7174 186.7200 447.4700 39 6110 78.7300 288.3000 75 5822 265.9200 286.4100 19 8273 123.0100 375.1700
-4.1073155669e+00 3.1468473550e+00 1.8358607829e+00
168 171 165
4 25 7341 -673.2500 505.4500 39 4440 -498.8000 290.3900 75 5958 -615.3500 342.7200 19 8405 -361.3200 404.2100
-4.1073155669e+00 3.1468473550e+00 1.8358607829e+00
168 171 165
4 25 7342 -673.2500 505.4500 39 4441 -498.8000 290.3900 75 5959 -615.3500 342.7200 19 8406 -361.3200 404.2100
-1.7742339140e-01 1.7485572818e+00 1.8522791277e+00
176 176 163
4 25 10476 138.9000 504.3101 39 6189 37.7500 324.6800 75 5960 216.0400 344.4299 19 8414 94.7600 405.5701
9.6414474038e-01 2.3671404098e+00 2.0674741469e+00
130 140 142
5 25 7606 476.2900 690.2300 39 6328 177.8900 466.3101 75 6194 561.8500 527.3900 19 8577 271.5700 498.7900 20 8705 195.0400 169.8000
-7.8310100577e-01 -2.2657045922e+00 9.6864224679e-01
44 47 35
3 25 11469 -275.7700 -732.5000 39 8662 174.2000 -494.9301 19 9888 -71.0200 -226.0600
-1.1130017573e-01 -1.9683573406e+00 1.0791854254e+00
130 130 114
3 25 8015 36.6700 -580.3101 39 8960 319.0500 -377.5600 19 10025 97.8400 -144.9500
2.3012879954e-01 -1.6608944411e+00 1.1669152887e+00
152 151 139
5 25 12072 203.4900 -431.2900 39 9322 373.1400 -276.4200 75 6711 298.5000 -618.3101 19 10420 183.1700 -68.4600 33 33312 164.8500 468.7500
8.6638689330e-01 -1.7024432002e+00 1.2045872658e+00
63 54 47
4 25 12067 510.2100 -432.8500 39 9445 540.2500 -254.1000 75 9344 629.3700 -622.7600 19 10427 353.2100 -67.1200
9.9431628445e-01 4.4835725956e-02 1.5757480467e+00
175 191 194
4 25 9625 522.5601 202.4600 39 7841 374.7300 139.1800 75 7617 623.5699 41.0100 19 11611 327.1000 256.4100
-3.1994054684e+00 1.1728378659e+00 1.4702809421e+00
53 54 46
4 25 14102 -658.3000 231.0300 39 7737 -406.1000 97.9500 75 10649 -605.6000 68.2600 19 11632 -340.7900 259.3600
7.1811985638e-01 2.8102447129e-01 1.6225407749e+00
76 73 61
4 25 14154 417.4200 247.3301 39 10721 271.2200 166.5000 75 10692 509.8500 84.4800 19 11682 261.2100 271.3500
1.4303552376e+00 9.7472248749e-01 1.8092888601e+00
112 112 103
3 25 14976 664.2600 464.9700 39 11256 364.8900 319.0500 19 12245 389.1500 386.0100
-5.0019546470e+00 3.4259996634e+00 1.8247182621e+00
77 78 70
3 25 10453 -804.2800 498.5400 39 8089 -590.4500 279.4300 19 12370 -435.8400 400.0300
1.7194398913e+00 1.0832038453e+00 1.8504876367e+00
169 171 168
3 25 10512 765.5200 512.4000 39 8273 416.1200 353.0100 19 12455 443.8800 412.5100
-4.0530794792e+00 5.2559706152e+00 2.2856047994e+00
151 157 151
3 25 16336 -520.1400 750.3600 39 11679 -485.1800 475.9399 19 12868 -288.2300 530.6500
-3.7504304667e+00 5.3002931537e+00 2.3236856375e+00
68 67 72
3 25 11089 -469.5200 768.9800 39 8448 -451.1800 490.4600 19 12934 -260.0900 540.9900
-4.4327935463e+00 2.8036461948e+00 1.7277500805e+00
46 52 51
4 25 424 -760.4100 443.9399 39 271 -547.8700 241.4500 75 356 -707.1000 278.6700 20 416 -285.0000 28.6100
-2.4527185101e+00 -3.8321821664e-01 1.2386233463e+00
156 158 151
3 25 1329 -634.6000 -86.4200 39 1274 -234.2300 -119.6500 20 1346 -253.0700 -241.8200
-5.2847589788e+00 1.1501695695e+00 1.2945609979e+00
83 83 75
3 25 975 -1089.3800 132.6600 39 967 -689.8600 3.4300 20 1536 -405.8500 -116.0800
-2.7198166106e-01 1.3155026019e-01 1.6604963924e+00
104 97 78
2 25 965 83.6500 117.5500 39 1007 79.8500 67.0400
-4.8402184710e+00 1.0890697435e+00 1.3134201759e+00
149 159 152
4 25 979 -1013.4200 139.3300 39 979 -641.1000 14.6400 75 821 -969.8700 -26.1100 20 1560 -377.8800 -110.6600
2.0003134661e+00 -4.2329529988e-01 1.5677608251e+00
31 28 24
2 25 1420 997.3101 125.1800 39 1476 622.9301 118.8800
-5.1787636637e+00 1.2038236188e+00 1.3139264356e+00
87 88 76
3 25 1435 -1063.5900 147.3100 39 980 -676.5000 15.3300 20 1562 -397.2300 -109.5400
-5.6090367203e+00 1.3827562906e+00 1.3226027961e+00
87 82 68
3 25 1442 -1118.4800 162.6000 39 984 -715.4400 22.7300 20 1593 -415.9100 -104.0900
-4.2131344341e+00 1.2711479969e+00 1.4106351364e+00
167 173 168
4 25 2060 -867.8800 202.3101 39 2024 -545.0100 65.4400 75 1691 -819.8400 38.6300 20 2341 -326.3700 -87.1900
1.7732883220e+00 -1.2545063394e-01 1.6113956692e+00
167 170 163
4 25 3195 861.6300 204.0500 39 3003 538.2000 160.3700 75 1689 983.1000 39.1900 20 2365 309.3200 -79.8800
-2.7484635364e+00 -5.9298148134e-01 1.1840811987e+00
142 145 134
3 25 2878 -743.8100 -156.1500 39 2611 -263.3600 -174.1100 75 2352 -699.1600 -321.0000
-2.3451418264e+00 -3.7550055998e-01 1.2479857759e+00
143 160 164
3 25 1874 -604.7700 -79.9700 39 1875 -216.6900 -113.5400 20 3011 -241.8400 -238.5300
6.5372194457e-01 9.4972711157e-02 1.5942297870e+00
95 96 88
3 25 4708 390.8500 184.4600 39 4229 270.0900 124.5200 20 3351 132.6400 -90.1900
-4.5390032513e+00 1.7079074968e+00 1.4831194102e+00
92 92 90
4 25 3260 -885.4800 266.3900 39 2083 -574.5700 109.9000 75 2659 -837.4600 103.1200 20 3426 -331.9100 -58.0800
-4.0022654978e+00 1.5745786253e+00 1.4959662220e+00
68 69 64
4 25 3264 -792.7700 267.0100 39 2091 -510.3800 115.6200 75 2657 -742.1400 104.3100 20 3427 -298.8100 -57.4400
-4.2407664318e+00 3.3595566121e+00 1.8717997210e+00
63 64 49
4 25 3536 -682.2300 528.8400 39 3152 -509.2100 306.1500 75 2897 -623.8900 366.0300 20 3725 -255.1500 65.2700
1.3042740625e+00 1.2905252692e+00 1.8636077461e+00
90 91 84
4 25 3520 606.2600 523.1600 39 3189 321.8000 354.3700 75 2893 702.3500 363.8700 20 3751 229.2200 70.7300
-5.6562194799e+00 5.2608213936e+00 2.1352630503e+00
147 157 162
4 25 2342 -769.4600 678.9900 39 2262 -651.5700 416.9400 75 1971 -709.2800 511.3700 20 3908 -283.3500 154.3700
1.9886165834e+00 -8.3209621966e-01 1.4810450422e+00
171 176 179
2 25 4520 1033.8601 -17.8900 39 5673 676.0900 32.2600
-4.8249760546e+00 1.4808916585e+00 1.4081260762e+00
156 158 145
3 25 4759 -965.7100 214.1400 39 2882 -617.6900 67.9500 20 4932 -360.9600 -81.6500
-4.8300608378e+00 1.4831584458e+00 1.4087938089e+00
156 158 145
4 25 4760 -965.7100 214.1400 39 2883 -617.6900 67.9500 75 3861 -919.9200 50.7800 20 4933 -360.9600 -81.6500
-4.7399614623e+00 1.4717273802e+00 1.4140203731e+00
157 155 147
4 25 4766 -949.4900 216.0601 39 2887 -606.1900 70.4600 75 3869 -903.9900 52.4100 20 4935 -355.3200 -80.8400
1.6906532541e+00 1.0966413098e+00 1.8496287927e+00
171 173 166
3 25 5115 755.2300 514.7300 39 4516 410.2000 354.3200 20 5477 286.2700 68.2400
1.5648289567e+00 1.1552718372e+00 1.8548746555e+00
159 163 158
4 25 5118 704.8000 514.5701 39 4513 380.5800 352.2800 75 2882 806.4200 355.2200 20 5480 267.0900 67.7900
1.7413529461e+00 1.0822721045e+00 1.8501045124e+00
168 170 164
3 25 5120 775.1600 515.8101 39 4522 421.6400 355.6700 20 5488 294.1000 68.7700
1.8351318264e+00 1.0539119957e+00 1.8506390002e+00
164 169 163
3 25 5125 812.7500 517.1899 39 4528 443.0400 358.0900 20 5492 308.5300 69.6700
1.9879661834e+00 1.0154770402e+00 1.8528455703e+00
119 120 121
3 25 5140 874.6500 521.8500 39 6248 478.5400 362.5500 20 5503 332.3100 72.1500
-2.2158834048e+00 -4.6416414713e-01 1.2325471623e+00
154 159 154
3 25 4406 -578.1600 -101.3600 39 3869 -199.3200 -125.0600 20 6397 -232.3800 -245.5000
-4.9627652236e+00 8.5892520952e-01 1.2534360068e+00
153 160 154
3 25 9308 -1065.8199 87.7100 39 5570 -663.9300 -25.7500 20 6978 -397.1700 -133.7100
-1.8598497823e+00 3.5097391113e-01 1.3395032761e+00
47 47 39
2 25 6614 -417.9100 130.2100 39 4140 -215.5900 43.5500
-3.5276278782e+00 8.6031538284e-01 1.3736038995e+00
97 94 80
4 25 6649 -765.3100 151.4600 39 5688 -457.4100 37.1000 75 5394 -716.4500 -12.3800 20 7097 -289.9900 -110.1600
-3.8197640823e+00 3.1250302064e+00 1.8542865467e+00
140 139 129
4 25 7378 -622.4800 517.6500 39 6139 -466.3900 300.7900 75 5987 -563.8500 355.0200 20 8154 -233.5000 61.2200
2.0101633581e+00 9.9500892239e-01 1.8504855235e+00
171 179 171
3 25 5127 884.8500 518.5601 39 4531 484.3199 361.3000 20 8241 336.3300 70.7000
-7.8086495718e-01 -1.7346586969e+00 1.0750330638e+00
61 66 74
3 25 5807 -231.7200 -489.1600 39 5013 150.6000 -344.5600 75 4672 -164.9700 -673.5900
6.3306795860e-01 5.4758932015e-03 1.5747197980e+00
156 162 158
2 25 9477 385.9000 159.8000 39 7760 273.0900 108.5900
9.7494936529e-03 1.4182929530e+00 1.7993624893e+00
116 117 111
3 25 14884 188.0300 453.5100 39 11111 78.6700 292.3400 75 11256 267.5200 292.1600
-3.8441675046e+00 3.2084181860e+00 1.8763688531e+00
64 61 51
2 25 23384 -618.5200 524.0300 39 11188 -464.2800 305.6900
-3.8441675046e+00 3.2084181860e+00 1.8763688531e+00
64 61 51
2 25 23385 -618.5200 524.0300 39 11189 -464.2800 305.6900
3.0443318115e-01 -2.2614097898e+00 1.0499223248e+00
122 124 113
2 25 108 229.7900 -723.4200 39 103 452.9301 -447.4000
7.1932101901e-01 -2.2074534527e+00 1.0866866570e+00
170 186 202
2 25 109 445.1500 -692.9000 39 106 572.4100 -410.6700
7.6867427933e-01 -2.0281347846e+00 1.1279087735e+00
165 175 177
2 25 179 467.6600 -596.3400 39 182 561.9200 -353.1300
-2.5091604779e+00 -9.3933060297e-01 1.1215713512e+00
47 38 29
2 25 205 -717.0000 -251.7900 39 205 -226.3900 -233.1100
-8.2643689784e-01 -1.0715139920e+00 1.2078268800e+00
119 116 106
3 25 209 -194.0800 -237.3700 39 222 91.1700 -185.4900 75 176 -125.4900 -408.6801
7.0868905576e-01 -1.2127084217e+00 1.2890225281e+00
136 139 130
3 25 218 423.1000 -229.5200 39 231 448.1899 -139.1400 75 92 530.3400 -406.0100
-2.3618544798e+00 -8.4892232589e-01 1.1536818766e+00
111 113 108
2 25 222 -664.7900 -217.2500 39 213 -199.3300 -208.8300
-2.3618544798e+00 -8.4892232589e-01 1.1536818766e+00
111 113 108
2 25 223 -664.7900 -217.2500 39 214 -199.3300 -208.8300
4.5706252400e-01 -1.2766138297e+00 1.2613430860e+00
45 41 30
3 25 345 309.7800 -264.9000 39 562 388.4500 -166.6500 75 282 409.8000 -441.1899
7.6587600138e-01 -2.3357943504e+00 1.0617094311e+00
71 72 64
2 25 447 474.3300 -764.9600 39 460 604.3800 -451.0000
-4.8361808422e+00 1.6722377288e+00 1.4491924388e+00
168 179 174
3 25 624 -946.4000 248.1300 39 400 -614.2500 92.9000 75 546 -898.8300 84.9400
2.1853857300e+00 6.8950204278e-01 1.8011061079e+00
136 139 132
2 25 660 979.7200 459.6600 39 691 548.8300 328.0300
8.3485567558e-01 -2.3750344195e+00 1.0581970295e+00
88 85 71
2 25 696 514.5900 -788.1100 39 1171 629.5699 -458.9500
8.6788497588e-01 -2.3578025385e+00 1.0632758897e+00
162 164 178
2 25 697 532.5601 -778.1801 39 1173 639.1100 -452.0400
9.5040097394e-01 -2.4156484966e+00 1.0552051849e+00
160 166 177
2 25 1116 583.1600 -812.6700 39 1680 673.2200 -467.5800
5.2326501892e-01 -2.4125090374e+00 1.0331052946e+00
143 145 144
2 25 1118 343.8500 -808.2200 39 1669 532.7500 -485.3600
4.8343835185e-01 -2.1779153480e+00 1.0774337503e+00
82 77 64
2 25 1138 319.5400 -678.5300 39 1183 500.4700 -412.4900
-7.1722728238e-01 -2.1460233426e+00 9.9736602468e-01
164 168 169
2 25 1139 -238.0500 -673.3199 39 1172 186.4900 -456.7200
4.4841309670e-01 -2.1263311953e+00 1.0855627086e+00
168 179 181
2 25 1140 301.4000 -651.6300 39 1703 485.0699 -398.3700
-1.2180533014e-01 -1.9140473495e+00 1.0887356463e+00
144 146 143
2 25 1162 34.5200 -554.9700 39 1714 313.1801 -362.8800
-1.2180533014e-01 -1.9140473495e+00 1.0887356463e+00
144 146 143
2 25 1163 34.5200 -554.9700 39 1715 313.1801 -362.8800
1.1361828463e+00 -1.3810669208e+00 1.2884857677e+00
57 59 46
3 25 1247 633.4800 -280.9500 39 1832 572.8101 -154.2800 75 1009 759.2700 -461.2600
-2.5552105123e+00 -9.5132958799e-01 1.1107203895e+00
46 42 31
3 25 1250 -735.5600 -257.2200 39 1229 -237.4400 -238.8100 75 1015 -692.7100 -427.6000
-2.3121927368e+00 -4.6709618590e-01 1.2272012637e+00
138 140 135
3 25 1306 -605.5400 -108.1700 39 1266 -213.8000 -131.2400 75 1045 -556.1500 -273.4200
1.8897674935e+00 -7.3199407551e-01 1.4973357993e+00
81 82 71
2 25 1371 972.5500 11.8700 39 1428 634.4500 47.4100
1.8509921758e+00 -6.9928468598e-01 1.5018042611e+00
80 80 68
2 25 1374 949.8201 21.0000 39 1431 620.3101 51.7500
1.4271566755e-01 -4.9184398374e-02 1.5865012683e+00
151 145 133
2 25 1407 211.7300 104.6500 39 1441 163.3100 65.8900
1.4271566755e-01 -4.9184398374e-02 1.5865012683e+00
151 145 133
2 25 1408 211.7300 104.6500 39 1442 163.3100 65.8900
-4.8565338728e+00 9.9979106910e-01 1.2910875154e+00
34 32 19
3 25 1419 -1028.0000 123.2800 39 1378 -647.6000 2.4400 75 1123 -984.7300 -41.8100
-4.5673161817e+00 1.0545356724e+00 1.3269650195e+00
156 158 155
3 25 1433 -964.0200 146.3800 39 1400 -607.0600 21.8000 75 1134 -919.8400 -18.4900
3.7469567091e-01 2.0077327205e-01 1.6026561616e+00
160 171 164
2 25 1458 292.0300 193.7100 39 1479 207.7700 125.7400
-3.3053176384e+00 1.1267885755e+00 1.4487281703e+00
157 158 151
3 25 1469 -687.8500 216.6799 39 1458 -424.4100 87.0300 75 1161 -635.3600 53.2300
-1.0326230694e-01 5.0382277192e-01 1.6416580474e+00
163 168 156
2 25 1477 137.0000 235.8401 39 1490 103.6800 145.0700
-2.1072622463e-01 5.5186403678e-01 1.6476465860e+00
168 172 161
2 25 1479 104.6801 239.5100 39 1491 82.7700 145.8700
-5.9681894544e+00 3.5565119692e+00 1.7662219023e+00
153 162 163
3 25 1551 -953.1500 474.8000 39 1072 -690.2200 254.1000 75 1244 -899.3400 310.8400
8.8994856242e-01 -2.4037543655e+00 1.0542529764e+00
90 91 78
2 25 1684 547.1899 -805.3900 39 2383 652.9399 -466.7800
-6.7680885389e-01 -2.1638803846e+00 9.9658438062e-01
83 77 62
2 25 1705 -221.8700 -681.5400 39 1684 196.4400 -461.0500
-2.3679182407e+00 -3.9869369737e-01 1.2393249563e+00
61 63 51
3 25 1865 -614.4300 -90.8900 39 1870 -222.2600 -120.8400 75 1055 -563.8700 -255.8400
4.2125783732e-01 -2.9930886024e-01 1.5349752710e+00
156 155 150
2 25 1945 308.9200 54.7100 39 1417 233.3700 39.4400
-2.3027578883e+00 1.5732285491e-01 1.3638472664e+00
171 173 172
3 25 1946 -537.9600 54.4100 39 1943 -223.7600 -19.1200 75 1590 -483.5700 -107.4200
-4.4368152140e+00 7.4840610610e-01 1.2698490229e+00
138 145 140
3 25 1968 -974.1700 89.8900 39 1944 -598.2300 -17.1400 75 1607 -931.6000 -75.8300
-1.4813518988e-03 4.0503522363e-02 1.6082413349e+00
142 138 126
2 25 1982 164.9500 117.6000 39 1448 132.1500 71.8300
-1.5428162648e-01 1.2742517225e-01 1.6357530448e+00
147 143 130
2 25 1991 118.2000 127.7500 39 2039 100.9600 75.6000
8.7097234788e-02 1.1415832678e-01 1.6023608690e+00
143 143 133
2 25 2008 193.9301 146.0800 39 2059 149.4600 91.2500
1.3381880120e-02 1.6505361187e-01 1.6142028644e+00
146 143 131
2 25 2015 170.6200 153.5400 39 2062 132.9300 94.4900
-1.2670457036e-01 2.4094198771e-01 1.6312365044e+00
148 143 129
2 25 2022 127.1500 162.0300 39 2069 104.6100 97.9500
-4.3028029992e+00 1.0790547846e+00 1.3547484981e+00
68 66 53
3 25 2026 -907.0400 163.1699 39 993 -569.2700 35.8000 75 1141 -862.2700 -2.1400
2.9977684495e-01 2.5690333890e-01 1.6086690026e+00
177 182 180
2 25 2062 266.0900 203.4700 39 2111 190.9000 130.5400
-4.3600339405e+00 1.3323852507e+00 1.4127883808e+00
164 165 161
3 25 2068 -890.5900 208.3800 39 2028 -562.3300 68.1200 75 1699 -843.6000 44.9500
2.0886688541e-01 3.6785460971e-01 1.6244987680e+00
98 99 91
2 25 2087 236.1500 225.4700 39 2124 167.9700 143.2700
1.2353250358e-01 4.2268250544e-01 1.6328770726e+00
107 106 95
2 25 2096 208.6000 232.7000 39 2128 148.6600 146.4100
3.6165901793e-02 4.6944711225e-01 1.6372831059e+00
104 104 94
2 25 2097 180.6500 238.1599 39 2129 130.7700 148.6800
-2.9228610633e-01 5.8950501096e-01 1.6521931243e+00
171 175 171
2 25 2102 80.6899 242.7300 39 1492 67.3800 146.4200
9.6592942871e-01 6.9604048748e-01 1.7059671707e+00
79 73 66
