# Bundle file v0.3
90 17316
0 0 0
0 0 0
0 0 0
0 0 0
0 0 0
0 0 0
0 0 0
0 0 0
0 0 0
0 0 0
2.0273157629e+03 4.0555743401e-02 6.2636463847e-02
8.5079465541e-01 2.3656575728e-01 -4.6923884836e-01
3.7925578775e-02 8.6297044818e-01 5.0382899484e-01
5.2412794697e-01 -4.4645117096e-01 7.2523875182e-01
1.2969765117e+00 -2.1897634073e+00 -1.3041354779e+01
0 0 0
0 0 0
0 0 0
0 0 0
0 0 0
1.9296808285e+03 -2.0915874679e-02 4.4873052777e-02
8.5945617343e-01 2.1388721884e-01 -4.6431384168e-01
-1.5561325278e-02 9.1879055037e-01 3.9443854997e-01
5.1097253460e-01 -3.3177730808e-01 7.9298857919e-01
1.0954716249e+00 -4.2014144366e-01 -1.3235233608e+01
2.1543590730e+03 2.8991787000e-02 -2.8259631442e-03
8.3772037241e-01 2.1897327264e-01 -5.0027520777e-01
1.4930012421e-02 9.0656225173e-01 4.2180798769e-01
5.4589529433e-01 -3.6082625960e-01 7.5617639345e-01
9.3626117716e-01 -1.0552072856e+00 -1.3823935139e+01
0 0 0
0 0 0
0 0 0
0 0 0
0 0 0
1.8855933848e+03 -1.1042037361e-02 2.3323241639e-02
8.6500851339e-01 2.0516050330e-01 -4.5789675653e-01
-4.5902124594e-02 9.4111593037e-01 3.3495343044e-01
4.9965314640e-01 -2.6871913495e-01 8.2349059485e-01
9.5450377800e-01 5.1531023756e-01 -1.3242724996e+01
0 0 0
0 0 0
0 0 0
0 0 0
0 0 0
0 0 0
0 0 0
0 0 0
0 0 0
0 0 0
2.1468078774e+03 -6.0706289256e-02 9.1183631466e-03
8.3845146728e-01 2.1906080675e-01 -4.9901052090e-01
-3.8139812032e-01 8.8991556511e-01 -2.5017146280e-01
3.8927446723e-01 4.0007830474e-01 8.2970039125e-01
5.0385572402e-01 8.7546902697e+00 -1.0022235059e+01
1.2321336313e+03 -4.0435811548e-02 -1.9837012251e-01
7.4771984872e-01 1.8946673002e-01 -6.3640976269e-01
-1.3045105015e-01 9.8166463631e-01 1.3898584579e-01
6.5107415196e-01 -2.0902153721e-02 7.5872626725e-01
1.0173569877e+00 4.0312550779e+00 -6.5359919042e+00
0 0 0
0 0 0
0 0 0
0 0 0
0 0 0
1.5772219169e+03 -1.2643974436e-01 -7.4596945174e-02
7.6490738522e-01 1.1616575488e-01 -6.3357888966e-01
2.0142014783e-01 8.9114442688e-01 4.0656061600e-01
6.1183871738e-01 -4.3859677134e-01 6.5824482990e-01
6.9209115429e-01 -3.4060139982e+00 -1.3067626340e+01
1.5766460003e+03 2.3478328860e-01 -5.1802466966e-01
9.4036199278e-01 2.3562680872e-01 -2.4535551666e-01
-1.5354264700e-01 9.3760795661e-01 3.1195508531e-01
3.0355226583e-01 -2.5567817019e-01 9.1786965044e-01
1.2241735068e+00 -3.2366031719e-01 -1.2860207180e+01
0 0 0
0 0 0
0 0 0
0 0 0
0 0 0
1.9593084607e+03 1.6570367397e-01 3.1017895049e-01
8.4624579430e-01 2.1673908850e-01 -4.8671575189e-01
-1.1484048942e-01 9.6624637466e-01 2.3060703684e-01
5.2026888972e-01 -1.3925555990e-01 8.4257235382e-01
8.7053472644e-01 2.0763521493e+00 -1.2737687989e+01
0 0 0
0 0 0
0 0 0
0 0 0
0 0 0
0 0 0
0 0 0
0 0 0
0 0 0
0 0 0
8.1422538959e+02 8.7636112652e-02 -1.3094617430e-01
9.7933081248e-01 1.1347830555e-01 -1.6743307290e-01
3.7594478419e-02 7.1124273084e-01 7.0194047684e-01
1.9874057191e-01 -6.9372649654e-01 6.9227576375e-01
8.9253793173e-01 7.5085125645e-02 -5.3115089402e+00
9.9323763479e+02 3.8703460199e-02 -3.5847356024e-01
8.7348769557e-01 2.5149626937e-01 -4.1685593696e-01
1.8387406750e-01 6.2239792698e-01 7.6079639049e-01
4.5078772497e-01 -7.4119528262e-01 4.9741328896e-01
8.5639414873e-01 -1.9659592253e+00 -7.2345141400e+00
1.2092129934e+03 -8.4798032986e-02 -2.3776101306e-01
8.7057773859e-01 2.2869765264e-01 -4.3565098962e-01
-3.0758029766e-02 9.0897767558e-01 4.1570846624e-01
4.9106857432e-01 -3.4850677035e-01 7.9837001844e-01
1.3512703469e+00 -3.1248347330e+00 -2.0642318526e+01
0 0 0
0 0 0
0 0 0
0 0 0
0 0 0
2.3856085064e+03 -5.3238559987e-02 9.5204782340e-02
8.7129410254e-01 2.1193477669e-01 -4.4264007648e-01
-1.9979503403e-01 9.7700077248e-01 7.4507952227e-02
4.4825052287e-01 2.3518949776e-02 8.9359852716e-01
5.2236684777e-01 4.6100424964e+00 -8.5141846201e+00
0 0 0
0 0 0
0 0 0
0 0 0
0 0 0
-1.8321691962e+03 6.0820260369e-02 -1.3141565052e-01
9.0876044373e-01 3.4312216737e-02 4.1590519076e-01
1.6865303899e-01 8.8140555814e-01 -4.4122601298e-01
-3.8172058938e-01 4.7111242169e-01 7.9519964649e-01
-2.0287535678e-01 1.0146874044e+00 3.8811620441e+00
0 0 0
0 0 0
0 0 0
0 0 0
0 0 0
1.4777703317e+03 1.5453886911e-02 -1.3242308038e-01
8.1148607544e-01 1.7126485211e-01 -5.5871164280e-01
1.0939996487e-01 8.9466237136e-01 4.3314072650e-01
5.7404006572e-01 -4.1261070236e-01 7.0726968778e-01
7.4056864850e-01 -5.7994010308e+00 -2.3727220379e+01
0 0 0
0 0 0
0 0 0
0 0 0
0 0 0
0 0 0
0 0 0
0 0 0
0 0 0
0 0 0
1.8565982173e+03 -2.8541759048e-02 1.0938484372e-01
7.7955578115e-01 2.0442520758e-01 -5.9203303841e-01
-1.1427658407e-01 9.7579337219e-01 1.8646221366e-01
6.1581949174e-01 -7.7702183341e-02 7.8404637892e-01
9.3841584986e-01 2.9665215897e+00 -9.7190410876e+00
0 0 0
0 0 0
0 0 0
0 0 0
0 0 0
0 0 0
0 0 0
0 0 0
0 0 0
0 0 0
2.5661599817e+03 1.3471345065e-01 -5.1070077024e-01
8.6351116335e-01 2.1663669540e-01 -4.5543057976e-01
-6.2435319944e-02 9.4201447811e-01 3.2971283543e-01
5.0045009900e-01 -2.5627576014e-01 8.2696579928e-01
1.1420056545e+00 2.4480400300e+00 -8.4055288044e+00
3.1490062431e+03 1.3979260994e-01 -3.6966067658e-01
7.9286397756e-01 2.3840441249e-01 -5.6082978630e-01
2.8985680327e-03 9.1881458930e-01 3.9467879192e-01
6.0939175528e-01 -3.1455220011e-01 7.2780395850e-01
1.0287566757e+00 2.8556866815e+00 -5.8714750492e+00
1.1114175676e+03 -8.2172367653e-02 3.7824046564e-01
8.4966476455e-01 1.7181921622e-01 -4.9854583021e-01
1.1714197258e-01 8.6030429481e-01 4.9613937416e-01
5.1414739729e-01 -4.7995278651e-01 7.1084300417e-01
1.3564518237e+00 -2.5759068365e+00 -1.2964584040e+01
6.9977325065e+02 -1.9980340776e-01 3.1054924676e-01
7.0506681685e-01 2.1132632646e-01 -6.7692094629e-01
8.7046402518e-03 9.5191381226e-01 3.0624226238e-01
7.0908745090e-01 -2.2181361043e-01 6.6932332188e-01
3.5868944606e+00 -1.2523456509e+00 -1.8920468878e+01
2.1014972875e+03 6.0176749902e-02 -2.3306446508e-01
8.2355220295e-01 2.0940577425e-01 -5.2717263844e-01
-5.8124332314e-02 9.5562486271e-01 2.8879522807e-01
5.6425466857e-01 -2.0719638865e-01 7.9917853170e-01
1.0458476391e+00 8.8205326524e-01 -1.3916561077e+01
7.2887123235e+02 -9.9721566523e-02 -1.0832254674e-01
8.5284901369e-01 2.0338680421e-01 -4.8091825472e-01
-9.6867200213e-02 9.6666058181e-01 2.3703178078e-01
5.1309385630e-01 -1.5556711559e-01 8.4411703405e-01
1.4144189161e+00 3.4787175802e+00 -6.5459762180e+00
-6.8361345351e+01 1.5176638194e-04 -2.5160290621e-06
9.5828956000e-01 -2.8310379696e-01 3.9158132400e-02
2.7152115242e-01 9.4459420299e-01 1.8443984240e-01
-8.9204164558e-02 -1.6611451418e-01 9.8206343237e-01
8.4552781849e-01 1.1439018806e-01 -1.1104995247e+00
0 0 0
0 0 0
0 0 0
0 0 0
0 0 0
0 0 0
0 0 0
0 0 0
0 0 0
0 0 0
2.5135746797e+03 -1.4490553514e-01 -1.5102859393e-01
8.3597984865e-01 1.7723364620e-01 -5.1935144874e-01
1.8992083764e-01 7.9447815794e-01 5.7683145891e-01
5.1484732502e-01 -5.8085513789e-01 6.3050736769e-01
-1.3796813259e-01 -3.3880228859e+00 -1.0633859164e+01
1.8001979471e+03 -5.4185903539e-02 -2.3720604528e-01
8.6348930592e-01 1.9395023624e-01 -4.6558514198e-01
-2.5353581950e-04 9.2327438907e-01 3.8414103947e-01
5.0436708288e-01 -3.3158363704e-01 7.9728673472e-01
9.1153737552e-01 -1.4205319621e+00 -1.6876250764e+01
0 0 0
0 0 0
0 0 0
0 0 0
0 0 0
0 0 0
0 0 0
0 0 0
0 0 0
0 0 0
0 0 0
0 0 0
0 0 0
0 0 0
0 0 0
1.2137849818e+03 -1.3408961851e-01 2.6231578900e-02
8.4352968628e-01 2.0366117085e-01 -4.9697061870e-01
-2.3165120272e-01 9.7278358646e-01 5.4602379747e-03
4.8455689928e-01 1.1051796871e-01 8.6775018868e-01
-1.8114753342e-01 5.5228545823e+00 -1.6066914829e+01
1.6826735905e+03 -7.0631770509e-02 -2.8033887788e-01
4.3051009421e-02 8.8071418715e-01 4.7168753549e-01
-8.5968498433e-01 -2.0788214040e-01 4.6661198380e-01
5.0900720850e-01 -4.2559080847e-01 7.4818722619e-01
-1.7851633958e+00 -1.0943573926e+00 -1.3120499440e+01
3.3674308689e+02 -1.8866832496e-02 -1.1807064979e-02
7.5996504160e-01 1.5559786558e-01 -6.3106452901e-01
3.6186622571e-02 9.5928740677e-01 2.8010390851e-01
6.4895582585e-01 -2.3570527241e-01 7.2339433275e-01
-7.1139744284e-02 -6.3357217204e-01 -1.4581680215e+01
0 0 0
0 0 0
0 0 0
0 0 0
0 0 0
1.5388317240e+03 -4.4849397955e-01 -1.8203726138e-01
9.1959952816e-01 1.9370011423e-01 -3.4178498146e-01
-1.7641594285e-01 9.8095443431e-01 8.1276152228e-02
3.5101869311e-01 -1.4445191485e-02 9.3625702322e-01
-1.8347747991e+00 4.3184315044e+00 -7.5114070122e+00
2.0940622771e+03 -3.1289019588e-01 1.7617987631e+00
6.9399133098e-01 6.0725109791e-02 -7.1741793507e-01
3.2694191100e-01 8.6119832656e-01 3.8916118661e-01
6.4147098091e-01 -5.0462848054e-01 5.7781058945e-01
3.2720881630e-01 -3.4936458310e+00 -1.1242910165e+01
2.6903643703e+03 -2.9307904283e-01 7.0660324189e-01
8.2714914726e-01 2.3532471002e-01 -5.1033966046e-01
1.2728192879e-01 8.0606175461e-01 5.7798248966e-01
5.4737884393e-01 -5.4303473978e-01 6.3678070999e-01
1.2294363868e+00 -2.8230157496e+00 -1.1443108498e+01
0 0 0
0 0 0
0 0 0
0 0 0
0 0 0
2.6949887783e+03 -6.5146193035e-02 -3.5455649738e-01
8.4631262514e-01 2.4957446316e-01 -4.7060336576e-01
-2.8337158486e-01 9.5900965538e-01 -1.0128061115e-03
4.5106040107e-01 1.3421277219e-01 8.8234429015e-01
3.6067926212e+00 5.2317568811e+00 -1.3947201427e+01
1.1438804761e+03 -4.7249024820e-03 2.9058902414e-01
8.3944124870e-01 2.2266843948e-01 -4.9573899992e-01
3.3425925238e-02 8.8932435158e-01 4.5605362099e-01
5.4242151276e-01 -3.9940075582e-01 7.3909264557e-01
1.6001345621e+00 -1.5182742608e+00 -1.3103013007e+01
2.4469119426e+03 -3.4514231276e-02 -6.6108970299e-02
8.2915504497e-01 2.1235989545e-01 -5.1711235356e-01
-5.7864494044e-02 9.5267064277e-01 2.9844655591e-01
5.5601583766e-01 -2.1753602278e-01 8.0219976755e-01
5.4306217456e-01 8.7503500277e-02 -1.5877407128e+01
0 0 0
0 0 0
0 0 0
0 0 0
0 0 0
0 0 0
0 0 0
0 0 0
0 0 0
0 0 0
8.2197410697e+02 -8.0525858542e-02 -4.0487434078e-02
8.1412235480e-01 2.0143313555e-01 -5.4463701978e-01
4.2726639428e-02 9.1458678233e-01 4.0212616413e-01
5.7911935358e-01 -3.5065040923e-01 7.3597898395e-01
1.5528032889e+00 -2.3449244646e+00 -1.7620953922e+01
0 0 0
0 0 0
0 0 0
0 0 0
0 0 0
0 0 0
0 0 0
0 0 0
0 0 0
0 0 0
1.6070610216e+03 1.0320553246e-01 -8.0465256141e-01
8.5306196216e-01 2.2171264628e-01 -4.7236510369e-01
1.3876641843e-03 9.0427703114e-01 4.2694393701e-01
5.2180778367e-01 -3.6486511677e-01 7.7109667582e-01
2.2413177193e+00 -3.0660665783e+00 -1.9472153724e+01
0 0 0
0 0 0
0 0 0
0 0 0
0 0 0
0 0 0
0 0 0
0 0 0
0 0 0
0 0 0
0 0 0
0 0 0
0 0 0
0 0 0
0 0 0
2.1756040540e+03 -2.0299196798e-01 4.6072529821e-01
8.0843428930e-01 2.1444565784e-01 -5.4813051340e-01
1.8267137125e-01 7.9386655436e-01 5.8000608961e-01
5.5952226946e-01 -5.6902456335e-01 6.0261586130e-01
6.7319266614e-01 -3.9260039340e+00 -1.0916142667e+01
0 0 0
0 0 0
0 0 0
0 0 0
0 0 0
3.8745351327e+03 -1.5819922601e-01 -8.8383681022e-02
9.4645523813e-01 1.8388328045e-01 -2.6534773672e-01
-1.4892186857e-01 9.7793412756e-01 1.4651661756e-01
2.8643456368e-01 -9.9155339392e-02 9.5295511930e-01
-3.4889274293e+00 2.9420900467e+00 -1.6236410414e+01
1.8815609566e+03 -7.3165925357e-02 6.8321049229e-02
8.1273311154e-01 1.8884591351e-01 -5.5118246557e-01
-7.5709540292e-02 9.7222438405e-01 2.2146740746e-01
5.7769624796e-01 -1.3826412408e-01 8.0445638606e-01
4.0907397536e-01 9.7599032356e-01 -1.5644217916e+01
0 0 0
0 0 0
0 0 0
0 0 0
0 0 0
0 0 0
0 0 0
0 0 0
0 0 0
0 0 0
0 0 0
0 0 0
0 0 0
0 0 0
0 0 0
0 0 0
0 0 0
0 0 0
0 0 0
0 0 0
1.9638787965e+03 1.2340346120e-01 -3.0006219843e-01
9.5268691107e-01 1.9459767795e-01 -2.3349388259e-01
9.2474372606e-02 5.4620973794e-01 8.3252832540e-01
2.8954471137e-01 -8.1473103901e-01 5.0237156985e-01
9.8014093597e-01 -1.3347165695e+00 -6.0219425984e+00
0 0 0
0 0 0
0 0 0
0 0 0
0 0 0
0 0 0
0 0 0
0 0 0
0 0 0
0 0 0
0 0 0
0 0 0
0 0 0
0 0 0
0 0 0
0 0 0
0 0 0
0 0 0
0 0 0
0 0 0
1.7610291412e+03 -1.0128902202e-01 -7.5320314839e-02
8.1299470624e-01 2.4562071930e-01 -5.2792998577e-01
-6.7453938781e-03 9.1058597151e-01 4.1326467083e-01
5.8223200469e-01 -3.3242089397e-01 7.4195838291e-01
2.5906483764e+00 -2.4107169741e+00 -1.8371225216e+01
0 0 0
0 0 0
0 0 0
0 0 0
0 0 0
1.8406072191e+03 -1.7352921424e-01 1.8681981389e-01
7.5736500603e-01 2.2868526174e-01 -6.1163820899e-01
-2.6324569117e-02 9.4660192683e-01 3.2132819543e-01
6.5246092963e-01 -2.2726161837e-01 7.2294321500e-01
2.2431704165e+00 -1.2600632084e+00 -1.8673608505e+01
0 0 0
0 0 0
0 0 0
0 0 0
0 0 0
5.7878157067e+02 -1.6547986407e-01 4.8519766832e-02
8.9306666083e-01 1.3599894410e-01 -4.2887786899e-01
4.2120524247e-02 9.2376418192e-01 3.8063840800e-01
4.4794843536e-01 -3.5800003269e-01 8.1925464652e-01
-2.4391218320e+00 -2.2931887132e+00 -1.7470157581e+01
1.0230173930e+03 -9.3143778319e-02 -6.2032768127e-02
8.4182845283e-01 2.1522454670e-01 -4.9497803033e-01
1.4855781957e-02 9.0747213173e-01 4.1984953957e-01
5.3954069518e-01 -3.6079457401e-01 7.6073853170e-01
6.7629345941e-01 -2.3758207254e+00 -1.7208282928e+01
0 0 0
0 0 0
0 0 0
0 0 0
0 0 0
5.9649985877e+02 -9.1709721637e-02 9.1233962067e-02
8.2399364793e-01 2.0282524025e-01 -5.2905235099e-01
-3.7412842253e-02 9.5117213593e-01 3.0638512865e-01
5.6536249204e-01 -2.3266604767e-01 7.9134806682e-01
9.8627360302e-01 -4.9264699730e-01 -1.8089389546e+01
0 0 0
0 0 0
0 0 0
0 0 0
0 0 0
1.6698291003e+03 -1.4395171012e-01 -2.5990544347e-02
8.5616885903e-01 2.1941775822e-01 -4.6779347175e-01
-1.1367019981e-02 9.1313446901e-01 4.0749997835e-01
5.1657107515e-01 -3.4357137378e-01 7.8429142252e-01
1.1866050388e-01 -2.3345106397e+00 -1.8181612995e+01
1.3510020632e+00 1.2617953404e+00 1.8612546748e+00
99 99 89
4 25 3516 623.6600 520.8000 39 3187 332.3600 353.2200 75 2887 720.7600 361.2400 20 3746 235.7400 70.1200
5.1182549213e-01 -6.6120793449e-01 1.4674932203e+00
121 120 107
2 25 1894 344.7100 -48.8100 39 1940 272.6801 -24.6700
1.9276043771e+00 -1.1890377105e-01 1.6219775993e+00
169 174 167
3 25 2078 932.9199 214.9299 39 2136 576.5900 170.3900 20 2381 336.7100 -74.8600
4.4115411509e-02 -1.9773255434e+00 1.0883158725e+00
168 173 175
17 25 2509 108.1200 -581.2300 39 2448 360.3000 -372.6100 19 2225 138.9200 -145.0700 33 4261 91.6000 341.8800 7 9070 16.0800 -155.6500 16 17222 -11.7500 68.3400 30 7509 -13.6300 263.1900 2 5120 68.6300 -595.6500 10 11494 -93.2800 1415.8101 23 2379 -106.3600 860.5000 37 21490 12.4200 -113.6801 48 5868 -439.6700 -33.3800 57 15091 -70.7300 -244.2400 4 10938 35.2700 -297.3000 70 13515 -69.6400 -88.1899 14 31752 73.1000 -257.7200 55 6242 528.2300 671.4900
2.0963806888e+00 -2.0480807253e-01 1.6154201335e+00
169 172 165
3 25 2059 1020.0100 200.8301 39 2134 626.4700 165.9200 20 2359 368.5700 -81.1500
-1.5335912873e+00 5.1767453108e-01 1.3845260421e+00
94 91 82
2 25 3178 -313.2800 195.0400 39 2912 -166.9800 93.5200
1.7476252748e-01 -2.0524155693e+00 1.0825747588e+00
76 68 45
6 25 2502 166.1100 -614.6000 39 1706 400.0800 -387.6900 33 4258 129.8700 316.9000 11 3194 21.1400 466.7800 30 16217 8.3600 248.9900 10 48904 -71.2600 1398.2700
1.6389167771e+00 -2.0463567330e-01 1.5874186430e+00
107 98 81
4 25 3143 806.7300 170.7700 39 2967 513.8900 136.8800 75 2550 925.9800 4.7400 20 3334 287.1100 -95.0400
-8.2527375211e-02 -2.0107565581e+00 1.0735852853e+00
82 76 56
4 25 115 48.2600 -598.9000 39 107 327.4301 -388.1700 19 86 105.6500 -156.2700 33 348 54.0200 332.8500
3.0948260205e-01 -2.0358383935e+00 1.0944976474e+00
154 155 155
3 25 114 231.2100 -607.2400 39 108 437.7300 -376.9400 19 142 209.7600 -158.1600
6.0622849068e-01 -1.4008760606e+00 1.2482276818e+00
159 160 152
4 25 328 377.7700 -309.3400 39 548 436.3199 -188.9400 75 271 484.1600 -489.5601 19 405 272.8800 -3.6700
-3.9309109739e-02 -2.1108366570e+00 1.0586485012e+00
138 140 135
3 25 450 66.9500 -646.5900 39 742 342.1300 -414.5400 19 593 116.3800 -182.5500
3.7947848852e-01 -1.3469081168e+00 1.2431637641e+00
135 135 130
4 25 790 274.4700 -295.5800 39 829 375.0400 -186.4000 75 447 372.0601 -473.9399 19 652 217.1800 2.1000
6.3255182866e-01 4.8700235590e-01 1.6569931725e+00
141 148 140
3 25 1003 385.9700 291.1400 39 1049 244.4600 193.2000 19 740 240.7400 294.8800
7.8501160618e-02 -2.0209643076e+00 1.0822422742e+00
76 68 47
3 25 1146 122.3700 -602.6600 39 1192 372.2500 -383.8400 19 919 146.3600 -156.2300
-1.9481786993e-01 -1.9175184736e+00 1.0833528984e+00
148 151 149
5 25 1160 1.5300 -556.4301 39 1200 295.3199 -366.0400 19 926 77.4600 -132.3400 30 3617 -54.2700 271.2900 35 2372 30.9100 -359.6300
2.0686030438e-02 -1.9109650303e+00 1.1000986138e+00
141 142 132
4 25 708 99.5900 -548.1500 39 1202 349.5200 -353.2000 19 927 131.9300 -128.0500 33 2056 86.2500 366.1300
1.2942142279e+00 -8.6506681666e-01 1.4011279820e+00
150 153 153
3 25 1339 685.4301 -68.1000 39 1350 555.3300 -23.2500 19 1053 436.0800 122.3200
1.5332921111e+00 2.1155256056e+00 2.0575510548e+00
135 141 140
5 25 1091 658.2400 691.9000 39 1130 290.5200 471.3700 75 932 751.8101 530.1799 19 1196 372.5000 500.9299 20 1084 266.4600 171.9700
4.7527072250e-01 -2.4358432971e+00 1.0258336207e+00
45 43 31
3 25 1682 321.1700 -820.9700 39 1665 517.6500 -496.3101 19 1432 263.4200 -269.6100
3.3057685515e-01 -2.1091227649e+00 1.0811876255e+00
65 59 44
3 25 1142 242.3400 -644.2500 39 1704 450.2400 -398.6700 19 1456 215.2100 -176.3600
9.2077311570e-03 -1.9980482466e+00 1.0825407433e+00
83 75 59
3 25 1147 91.2600 -592.5000 39 1707 351.3400 -379.7700 19 1461 127.7500 -151.2200
-2.4310684820e+00 1.6790940829e+00 1.6743667125e+00
93 95 88
4 25 1509 -443.2000 361.7500 39 1517 -271.3200 196.3400 75 1204 -382.6900 201.9100 19 1740 -220.6000 333.9600
1.7022319227e-01 -2.0269367892e+00 1.0875223099e+00
159 165 161
4 25 2506 166.0800 -602.0800 39 2437 397.9500 -380.0400 19 2217 171.2100 -154.4700 33 4259 129.9900 325.5801
-8.6537893250e-02 -1.9648890749e+00 1.0818852577e+00
73 62 44
3 25 2512 48.4200 -577.9800 39 2443 324.4200 -375.4000 19 2226 103.7900 -144.3300
-4.1627551796e+00 1.0134662940e+00 1.3530586039e+00
72 68 50
5 25 2018 -884.5400 154.7400 39 1410 -549.7300 32.3800 75 1138 -838.2100 -9.7000 19 2476 -466.9200 216.3300 20 3314 -331.4700 -105.4600
-3.9934999966e+00 1.1639384616e+00 1.4061545301e+00
161 162 153
5 25 2050 -832.5800 192.2900 39 2019 -515.4200 60.6200 75 1682 -784.7600 28.9100 19 2512 -438.2600 237.3700 20 2335 -313.7200 -91.7000
1.5794630193e+00 1.9696868699e+00 2.0299854083e+00
165 182 189
4 25 3655 679.9700 670.8500 39 3250 306.1600 459.6700 75 2997 775.1100 509.1000 19 2780 385.6600 489.0900
9.9255253076e-02 -2.2222948127e+00 1.0443803390e+00
131 132 125
3 25 2477 128.8500 -703.6400 39 3385 391.8300 -443.1700 19 3233 152.7400 -209.0200
4.1604857068e-01 -2.1393644652e+00 1.0805655877e+00
68 64 50
3 25 2491 285.1500 -659.4100 39 3439 477.7200 -404.2100 19 3240 239.9500 -183.3000
-1.2243715242e-02 -1.8882670198e+00 1.1017561295e+00
145 148 139
4 25 2548 84.4600 -540.9200 39 3544 338.8600 -350.0300 75 2081 172.4500 -732.9000 19 3278 123.6600 -123.8400
5.9472131653e-01 -1.5689390896e-01 1.5142178730e+00
139 138 127
4 25 3099 372.2800 125.5900 39 2888 297.1300 71.3600 75 2518 464.6300 -40.7300 19 3654 238.5600 207.2600
-4.1612595808e+00 1.1915792966e+00 1.3978990519e+00
88 82 71
5 25 3163 -864.7600 189.6799 39 2869 -538.6800 57.8500 75 2574 -817.1100 26.4200 19 3696 -456.4700 235.9900 20 4874 -324.6900 -92.1700
-4.5418872578e-01 5.4452621552e-01 1.6547967416e+00
71 67 51
2 25 4768 32.2700 217.4700 39 4243 41.6900 128.3400
6.1346152658e-01 1.1403413915e+00 1.7856091155e+00
56 56 48
5 25 5015 374.6700 439.8300 39 4438 198.8200 290.5400 75 4098 461.5800 278.9000 19 3873 228.9100 372.1000 20 5256 137.9700 30.9400
-4.0318451879e+00 2.9375868505e+00 1.7945763904e+00
168 173 169
4 25 3469 -675.2700 480.5200 39 3135 -495.0000 272.4500 75 2831 -618.0600 317.9500 19 3896 -362.3700 390.7700
2.3772381492e-01 -2.0870748916e+00 1.0795891848e+00
119 120 108
3 25 5557 197.0000 -633.7400 39 4919 421.6600 -396.4500 19 4779 189.5400 -171.4000
-1.4174878778e+00 -1.8732042825e+00 1.0008503340e+00
150 156 151
3 25 3883 -484.4900 -560.8600 39 3436 8.9400 -409.8600 19 4805 -195.5400 -139.2300
-1.9588615291e+00 -1.8026126826e+00 9.7307869895e-01
53 50 39
4 25 5648 -666.7800 -541.5800 39 3433 -108.4900 -413.8000 75 3146 -626.6500 -727.4900 19 4844 -298.5100 -130.2600
-1.6498376782e+00 -1.8118256550e+00 9.9512006123e-01
72 68 56
4 25 5657 -561.8200 -539.4200 39 4900 -43.7700 -403.4800 75 3154 -515.2500 -725.9301 19 4853 -240.0500 -128.7000
-4.6115345213e-01 -1.8703203651e+00 1.0730446919e+00
143 149 141
4 25 3930 -110.5800 -540.9301 39 3513 227.7100 -365.5700 75 3138 -36.7200 -731.3199 19 4864 14.0600 -125.4900
-3.0131004970e+00 -8.5624461300e-01 1.0977436741e+00
60 59 48
4 25 4211 -851.8400 -242.9600 39 3699 -312.4600 -239.1900 75 3437 -813.6000 -411.2500 19 5150 -417.2500 24.2800
-1.8894803123e+00 -8.8204407467e-01 1.1744808478e+00
136 137 120
3 25 6129 -530.2600 -213.7700 39 5275 -122.8200 -195.0800 19 5175 -238.4300 40.2200
-1.5495317788e+00 -8.9164327622e-01 1.1984251733e+00
133 126 110
6 25 4250 -423.9200 -201.8900 39 3793 -58.3600 -179.8100 75 3468 -367.7600 -370.7300 19 5195 -178.9800 46.9200 20 4206 -182.8000 -293.5800 33 6391 -302.5200 682.9500
-2.4936533264e+00 -7.1317831096e-01 1.1718858984e+00
80 72 49
4 25 6191 -689.5700 -182.6000 39 3779 -224.9100 -187.1300 75 3497 -643.6100 -349.0800 19 5221 -328.6100 56.3900
2.1387875275e-01 -2.7581124315e-01 1.5506930220e+00
143 139 119
2 25 6492 234.6801 46.8000 39 5672 185.2500 29.5800
5.7938516938e-01 1.0848860120e+00 1.7728028655e+00
49 49 42
4 25 10180 365.0601 425.4500 39 6094 192.9500 281.4700 75 5790 451.5800 264.2400 19 5722 223.5200 363.6000
5.9922470788e-01 1.1004636890e+00 1.7773405318e+00
125 127 119
5 25 7132 370.2000 429.8900 39 6098 197.0400 283.9400 75 5797 457.3000 269.0800 19 5729 226.6900 366.3200 20 7886 136.4600 27.6300
5.9922470788e-01 1.1004636890e+00 1.7773405318e+00
125 127 119
5 25 7133 370.2000 429.8900 39 6099 197.0400 283.9400 75 5798 457.3000 269.0800 19 5730 226.6900 366.3200 20 7887 136.4600 27.6300
1.0998884709e+00 2.7844483007e+00 2.1625020301e+00
111 111 110
4 25 7726 506.3300 767.8700 39 6349 189.8400 517.2700 75 6335 592.5601 605.2300 19 6047 288.2200 540.8800
7.9542967857e-01 -2.4510660156e+00 1.0403417617e+00
76 73 65
3 25 7851 499.0400 -833.6300 39 6495 623.5699 -487.4100 19 6761 363.1400 -272.9000
-6.9724346851e-02 -1.9532406389e+00 1.0856710846e+00
144 147 143
5 25 5591 57.3600 -570.5300 39 4965 328.7000 -370.0900 19 6904 108.9200 -139.5500 33 8631 56.8300 351.2000 55 17354 509.7100 678.3800
6.0702400749e-02 -1.8590247374e+00 1.1116257186e+00
56 49 41
4 25 5723 118.4301 -526.3101 39 5031 356.5500 -339.4300 75 4583 209.2400 -717.7100 19 7015 141.7100 -115.3700
1.1795198895e+00 -1.5964981594e+00 1.2448263358e+00
59 55 45
4 25 8371 667.1500 -374.6500 39 7090 618.2000 -209.6000 75 4776 798.6899 -562.7900 19 7224 438.9200 -34.9200
5.0700069258e-01 -1.0946916196e+00 1.2971268064e+00
148 134 117
4 25 6172 331.6100 -194.3800 39 5401 388.2600 -122.7100 75 3474 431.1801 -366.8500 19 7450 243.8900 55.3000
5.0700069258e-01 -1.0946916196e+00 1.2971268064e+00
148 134 117
4 25 6173 331.6100 -194.3800 39 5402 388.2600 -122.7100 75 3475 431.1801 -366.8500 19 7451 243.8900 55.3000
2.1387875275e-01 -2.7581124315e-01 1.5506930220e+00
143 139 119
2 25 6491 234.6801 46.8000 39 5671 185.2500 29.5800
3.0044241528e-01 1.1298465551e+00 1.7611848180e+00
166 175 177
4 25 10165 274.7700 415.6200 39 8069 140.9900 270.8300 75 8015 357.9700 254.2900 19 8223 173.4000 358.6800
-3.3074625509e+00 2.4592672133e+00 1.7498411048e+00
140 143 132
4 25 7172 -571.7100 446.4000 39 6047 -411.5300 252.8300 75 5817 -513.5400 284.2300 19 8265 -301.6100 372.5400
4.9880722988e-03 1.3844665889e+00 1.7904631932e+00
169 181 178
4 25 7174 186.7200 447.4700 39 6110 78.7300 288.3000 75 5822 265.9200 286.4100 19 8273 123.0100 375.1700
-4.1073170013e+00 3.1468470572e+00 1.8358604284e+00
168 171 165
4 25 7341 -673.2500 505.4500 39 4440 -498.8000 290.3900 75 5958 -615.3500 342.7200 19 8405 -361.3200 404.2100
-4.1073170013e+00 3.1468470572e+00 1.8358604284e+00
168 171 165
4 25 7342 -673.2500 505.4500 39 4441 -498.8000 290.3900 75 5959 -615.3500 342.7200 19 8406 -361.3200 404.2100
-1.7742457679e-01 1.7485572441e+00 1.8522785500e+00
176 176 163
4 25 10476 138.9000 504.3101 39 6189 37.7500 324.6800 75 5960 216.0400 344.4299 19 8414 94.7600 405.5701
9.6414424069e-01 2.3671410049e+00 2.0674738659e+00
130 140 142
5 25 7606 476.2900 690.2300 39 6328 177.8900 466.3101 75 6194 561.8500 527.3900 19 8577 271.5700 498.7900 20 8705 195.0400 169.8000
-7.8310113731e-01 -2.2657025108e+00 9.6864356034e-01
44 47 35
3 25 11469 -275.7700 -732.5000 39 8662 174.2000 -494.9301 19 9888 -71.0200 -226.0600
-1.1130092121e-01 -1.9683552587e+00 1.0791866049e+00
130 130 114
3 25 8015 36.6700 -580.3101 39 8960 319.0500 -377.5600 19 10025 97.8400 -144.9500
2.3012847495e-01 -1.6608942350e+00 1.1669163177e+00
152 151 139
5 25 12072 203.4900 -431.2900 39 9322 373.1400 -276.4200 75 6711 298.5000 -618.3101 19 10420 183.1700 -68.4600 33 33312 164.8500 468.7500
8.6638556909e-01 -1.7024415011e+00 1.2045883643e+00
63 54 47
4 25 12067 510.2100 -432.8500 39 9445 540.2500 -254.1000 75 9344 629.3700 -622.7600 19 10427 353.2100 -67.1200
9.9431470391e-01 4.4836272245e-02 1.5757481872e+00
175 191 194
4 25 9625 522.5601 202.4600 39 7841 374.7300 139.1800 75 7617 623.5699 41.0100 19 11611 327.1000 256.4100
-3.1994062785e+00 1.1728374211e+00 1.4702807876e+00
53 54 46
4 25 14102 -658.3000 231.0300 39 7737 -406.1000 97.9500 75 10649 -605.6000 68.2600 19 11632 -340.7900 259.3600
7.1811837118e-01 2.8102481577e-01 1.6225407220e+00
76 73 61
4 25 14154 417.4200 247.3301 39 10721 271.2200 166.5000 75 10692 509.8500 84.4800 19 11682 261.2100 271.3500
1.4303533259e+00 9.7472263951e-01 1.8092886542e+00
112 112 103
3 25 14976 664.2600 464.9700 39 11256 364.8900 319.0500 19 12245 389.1500 386.0100
-5.0019565833e+00 3.4259990342e+00 1.8247179972e+00
77 78 70
3 25 10453 -804.2800 498.5400 39 8089 -590.4500 279.4300 19 12370 -435.8400 400.0300
1.7194382763e+00 1.0832043296e+00 1.8504876517e+00
169 171 168
3 25 10512 765.5200 512.4000 39 8273 416.1200 353.0100 19 12455 443.8800 412.5100
-4.0530808635e+00 5.2559701725e+00 2.2856040499e+00
151 157 151
3 25 16336 -520.1400 750.3600 39 11679 -485.1800 475.9399 19 12868 -288.2300 530.6500
-3.7504318060e+00 5.3002928162e+00 2.3236848577e+00
68 67 72
3 25 11089 -469.5200 768.9800 39 8448 -451.1800 490.4600 19 12934 -260.0900 540.9900
-4.4327938403e+00 2.8036464027e+00 1.7277500636e+00
46 52 51
4 25 424 -760.4100 443.9399 39 271 -547.8700 241.4500 75 356 -707.1000 278.6700 20 416 -285.0000 28.6100
-2.4527199650e+00 -3.8321783997e-01 1.2386241177e+00
156 158 151
3 25 1329 -634.6000 -86.4200 39 1274 -234.2300 -119.6500 20 1346 -253.0700 -241.8200
-5.2847599142e+00 1.1501697761e+00 1.2945616415e+00
83 83 75
3 25 975 -1089.3800 132.6600 39 967 -689.8600 3.4300 20 1536 -405.8500 -116.0800
-2.7198209011e-01 1.3155039913e-01 1.6604964419e+00
104 97 78
2 25 965 83.6500 117.5500 39 1007 79.8500 67.0400
-4.8402192173e+00 1.0890699387e+00 1.3134207010e+00
149 159 152
4 25 979 -1013.4200 139.3300 39 979 -641.1000 14.6400 75 821 -969.8700 -26.1100 20 1560 -377.8800 -110.6600
2.0003128923e+00 -4.2329489333e-01 1.5677615623e+00
31 28 24
2 25 1420 997.3101 125.1800 39 1476 622.9301 118.8800
-5.1787645762e+00 1.2038238456e+00 1.3139270388e+00
87 88 76
3 25 1435 -1063.5900 147.3100 39 980 -676.5000 15.3300 20 1562 -397.2300 -109.5400
-5.6090375305e+00 1.3827564541e+00 1.3226034402e+00
87 82 68
3 25 1442 -1118.4800 162.6000 39 984 -715.4400 22.7300 20 1593 -415.9100 -104.0900
-4.2131351602e+00 1.2711483342e+00 1.4106354808e+00
167 173 168
4 25 2060 -867.8800 202.3101 39 2024 -545.0100 65.4400 75 1691 -819.8400 38.6300 20 2341 -326.3700 -87.1900
1.7732880884e+00 -1.2545016526e-01 1.6113961636e+00
167 170 163
4 25 3195 861.6300 204.0500 39 3003 538.2000 160.3700 75 1689 983.1000 39.1900 20 2365 309.3200 -79.8800
-2.7484637231e+00 -5.9298130601e-01 1.1840816591e+00
142 145 134
3 25 2878 -743.8100 -156.1500 39 2611 -263.3600 -174.1100 75 2352 -699.1600 -321.0000
-2.3451432594e+00 -3.7550017545e-01 1.2479865503e+00
143 160 164
3 25 1874 -604.7700 -79.9700 39 1875 -216.6900 -113.5400 20 3011 -241.8400 -238.5300
6.5372191140e-01 9.4973124453e-02 1.5942299869e+00
95 96 88
3 25 4708 390.8500 184.4600 39 4229 270.0900 124.5200 20 3351 132.6400 -90.1900
-4.5390038469e+00 1.7079077729e+00 1.4831196965e+00
92 92 90
4 25 3260 -885.4800 266.3900 39 2083 -574.5700 109.9000 75 2659 -837.4600 103.1200 20 3426 -331.9100 -58.0800
-4.0022661561e+00 1.5745790069e+00 1.4959664453e+00
68 69 64
4 25 3264 -792.7700 267.0100 39 2091 -510.3800 115.6200 75 2657 -742.1400 104.3100 20 3427 -298.8100 -57.4400
-4.2407665948e+00 3.3595567710e+00 1.8717995425e+00
63 64 49
4 25 3536 -682.2300 528.8400 39 3152 -509.2100 306.1500 75 2897 -623.8900 366.0300 20 3725 -255.1500 65.2700
1.3042739358e+00 1.2905258839e+00 1.8636077867e+00
90 91 84
4 25 3520 606.2600 523.1600 39 3189 321.8000 354.3700 75 2893 702.3500 363.8700 20 3751 229.2200 70.7300
-5.6562188606e+00 5.2608207287e+00 2.1352626248e+00
147 157 162
4 25 2342 -769.4600 678.9900 39 2262 -651.5700 416.9400 75 1971 -709.2800 511.3700 20 3908 -283.3500 154.3700
1.9886159863e+00 -8.3209581514e-01 1.4810459469e+00
171 176 179
2 25 4520 1033.8601 -17.8900 39 5673 676.0900 32.2600
-4.8249768473e+00 1.4808919478e+00 1.4081265170e+00
156 158 145
3 25 4759 -965.7100 214.1400 39 2882 -617.6900 67.9500 20 4932 -360.9600 -81.6500
-4.8300614791e+00 1.4831586646e+00 1.4087942171e+00
156 158 145
4 25 4760 -965.7100 214.1400 39 2883 -617.6900 67.9500 75 3861 -919.9200 50.7800 20 4933 -360.9600 -81.6500
-4.7399621117e+00 1.4717276173e+00 1.4140207657e+00
157 155 147
4 25 4766 -949.4900 216.0601 39 2887 -606.1900 70.4600 75 3869 -903.9900 52.4100 20 4935 -355.3200 -80.8400
1.6906537200e+00 1.0966416093e+00 1.8496290024e+00
171 173 166
3 25 5115 755.2300 514.7300 39 4516 410.2000 354.3200 20 5477 286.2700 68.2400
1.5648288792e+00 1.1552724272e+00 1.8548747764e+00
159 163 158
4 25 5118 704.8000 514.5701 39 4513 380.5800 352.2800 75 2882 806.4200 355.2200 20 5480 267.0900 67.7900
1.7413534287e+00 1.0822723995e+00 1.8501047396e+00
168 170 164
3 25 5120 775.1600 515.8101 39 4522 421.6400 355.6700 20 5488 294.1000 68.7700
1.8351323419e+00 1.0539122828e+00 1.8506392614e+00
164 169 163
3 25 5125 812.7500 517.1899 39 4528 443.0400 358.0900 20 5492 308.5300 69.6700
1.9879667570e+00 1.0154773136e+00 1.8528458864e+00
119 120 121
3 25 5140 874.6500 521.8500 39 6248 478.5400 362.5500 20 5503 332.3100 72.1500
-2.2158848073e+00 -4.6416380726e-01 1.2325479361e+00
154 159 154
3 25 4406 -578.1600 -101.3600 39 3869 -199.3200 -125.0600 20 6397 -232.3800 -245.5000
-4.9627662991e+00 8.5892544052e-01 1.2534366689e+00
153 160 154
3 25 9308 -1065.8199 87.7100 39 5570 -663.9300 -25.7500 20 6978 -397.1700 -133.7100
-1.8598500823e+00 3.5097393073e-01 1.3395032372e+00
47 47 39
2 25 6614 -417.9100 130.2100 39 4140 -215.5900 43.5500
-3.5276287160e+00 8.6031582584e-01 1.3736042365e+00
97 94 80
4 25 6649 -765.3100 151.4600 39 5688 -457.4100 37.1000 75 5394 -716.4500 -12.3800 20 7097 -289.9900 -110.1600
-3.8197643423e+00 3.1250304810e+00 1.8542863620e+00
140 139 129
4 25 7378 -622.4800 517.6500 39 6139 -466.3900 300.7900 75 5987 -563.8500 355.0200 20 8154 -233.5000 61.2200
2.0101639387e+00 9.9500919463e-01 1.8504858517e+00
171 179 171
3 25 5127 884.8500 518.5601 39 4531 484.3199 361.3000 20 8241 336.3300 70.7000
-7.8086551287e-01 -1.7346583334e+00 1.0750339052e+00
61 66 74
3 25 5807 -231.7200 -489.1600 39 5013 150.6000 -344.5600 75 4672 -164.9700 -673.5900
6.3306741227e-01 5.4760397406e-03 1.5747199568e+00
156 162 158
2 25 9477 385.9000 159.8000 39 7760 273.0900 108.5900
9.7487755640e-03 1.4182934459e+00 1.7993623297e+00
116 117 111
3 25 14884 188.0300 453.5100 39 11111 78.6700 292.3400 75 11256 267.5200 292.1600
-3.8441674615e+00 3.2084178890e+00 1.8763683968e+00
64 61 51
2 25 23384 -618.5200 524.0300 39 11188 -464.2800 305.6900
-3.8441674615e+00 3.2084178890e+00 1.8763683968e+00
64 61 51
2 25 23385 -618.5200 524.0300 39 11189 -464.2800 305.6900
3.0443242124e-01 -2.2614094815e+00 1.0499235710e+00
122 124 113
2 25 108 229.7900 -723.4200 39 103 452.9301 -447.4000
7.1932024490e-01 -2.2074531179e+00 1.0866879453e+00
170 186 202
2 25 109 445.1500 -692.9000 39 106 572.4100 -410.6700
7.6867352212e-01 -2.0281344532e+00 1.1279099629e+00
165 175 177
2 25 179 467.6600 -596.3400 39 182 561.9200 -353.1300
-2.5091606688e+00 -9.3933057769e-01 1.1215719104e+00
47 38 29
2 25 205 -717.0000 -251.7900 39 205 -226.3900 -233.1100
-8.2643744816e-01 -1.0715137041e+00 1.2078274100e+00
119 116 106
3 25 209 -194.0800 -237.3700 39 222 91.1700 -185.4900 75 176 -125.4900 -408.6801
7.0868814605e-01 -1.2127080377e+00 1.2890232087e+00
136 139 130
3 25 218 423.1000 -229.5200 39 231 448.1899 -139.1400 75 92 530.3400 -406.0100
-2.3618546620e+00 -8.4892230386e-01 1.1536823582e+00
111 113 108
2 25 222 -664.7900 -217.2500 39 213 -199.3300 -208.8300
-2.3618546620e+00 -8.4892230386e-01 1.1536823582e+00
111 113 108
2 25 223 -664.7900 -217.2500 39 214 -199.3300 -208.8300
4.5706166727e-01 -1.2766134454e+00 1.2613437557e+00
45 41 30
3 25 345 309.7800 -264.9000 39 562 388.4500 -166.6500 75 282 409.8000 -441.1899
7.6587521511e-01 -2.3357940151e+00 1.0617108075e+00
71 72 64
2 25 447 474.3300 -764.9600 39 460 604.3800 -451.0000
-4.8361807051e+00 1.6722375638e+00 1.4491926249e+00
168 179 174
3 25 624 -946.4000 248.1300 39 400 -614.2500 92.9000 75 546 -898.8300 84.9400
2.1853852730e+00 6.8950255278e-01 1.8011065594e+00
136 139 132
2 25 660 979.7200 459.6600 39 691 548.8300 328.0300
8.3485488801e-01 -2.3750340845e+00 1.0581984430e+00
88 85 71
2 25 696 514.5900 -788.1100 39 1171 629.5699 -458.9500
8.6788419051e-01 -2.3578022017e+00 1.0632773000e+00
162 164 178
2 25 697 532.5601 -778.1801 39 1173 639.1100 -452.0400
9.5040019008e-01 -2.4156481644e+00 1.0552066469e+00
160 166 177
2 25 1116 583.1600 -812.6700 39 1680 673.2200 -467.5800
5.2326422722e-01 -2.4125087152e+00 1.0331066706e+00
143 145 144
2 25 1118 343.8500 -808.2200 39 1669 532.7500 -485.3600
4.8343759153e-01 -2.1779150298e+00 1.0774349757e+00
82 77 64
2 25 1138 319.5400 -678.5300 39 1183 500.4700 -412.4900
-7.1722791532e-01 -2.1460231327e+00 9.9736711616e-01
164 168 169
2 25 1139 -238.0500 -673.3199 39 1172 186.4900 -456.7200
4.4841234585e-01 -2.1263308828e+00 1.0855638961e+00
168 179 181
2 25 1140 301.4000 -651.6300 39 1703 485.0699 -398.3700
-1.2180598423e-01 -1.9140471119e+00 1.0887366257e+00
144 146 143
2 25 1162 34.5200 -554.9700 39 1714 313.1801 -362.8800
-1.2180598423e-01 -1.9140471119e+00 1.0887366257e+00
144 146 143
2 25 1163 34.5200 -554.9700 39 1715 313.1801 -362.8800
1.1361818683e+00 -1.3810665475e+00 1.2884866308e+00
57 59 46
3 25 1247 633.4800 -280.9500 39 1832 572.8101 -154.2800 75 1009 759.2700 -461.2600
-2.5552107179e+00 -9.5132938840e-01 1.1107209758e+00
46 42 31
3 25 1250 -735.5600 -257.2200 39 1229 -237.4400 -238.8100 75 1015 -692.7100 -427.6000
-2.3121930205e+00 -4.6709598542e-01 1.2272016244e+00
138 140 135
3 25 1306 -605.5400 -108.1700 39 1266 -213.8000 -131.2400 75 1045 -556.1500 -273.4200
1.8897668814e+00 -7.3199368829e-01 1.4973366218e+00
81 82 71
2 25 1371 972.5500 11.8700 39 1428 634.4500 47.4100
1.8509915591e+00 -6.9928430618e-01 1.5018050551e+00
80 80 68
2 25 1374 949.8201 21.0000 39 1431 620.3101 51.7500
1.4271518752e-01 -4.9184296329e-02 1.5865013405e+00
151 145 133
2 25 1407 211.7300 104.6500 39 1441 163.3100 65.8900
1.4271518752e-01 -4.9184296329e-02 1.5865013405e+00
151 145 133
2 25 1408 211.7300 104.6500 39 1442 163.3100 65.8900
-4.8565337521e+00 9.9979092981e-01 1.2910879232e+00
34 32 19
3 25 1419 -1028.0000 123.2800 39 1378 -647.6000 2.4400 75 1123 -984.7300 -41.8100
-4.5673161047e+00 1.0545355700e+00 1.3269653370e+00
156 158 155
3 25 1433 -964.0200 146.3800 39 1400 -607.0600 21.8000 75 1134 -919.8400 -18.4900
3.7469516883e-01 2.0077339549e-01 1.6026562140e+00
160 171 164
2 25 1458 292.0300 193.7100 39 1479 207.7700 125.7400
-3.3053178189e+00 1.1267886463e+00 1.4487281917e+00
157 158 151
3 25 1469 -687.8500 216.6799 39 1458 -424.4100 87.0300 75 1161 -635.3600 53.2300
-1.0326273726e-01 5.0382291571e-01 1.6416579948e+00
163 168 156
2 25 1477 137.0000 235.8401 39 1490 103.6800 145.0700
-2.1072664528e-01 5.5186419267e-01 1.6476465298e+00
168 172 161
2 25 1479 104.6801 239.5100 39 1491 82.7700 145.8700
-5.9681889317e+00 3.5565113814e+00 1.7662218001e+00
153 162 163
3 25 1551 -953.1500 474.8000 39 1072 -690.2200 254.1000 75 1244 -899.3400 310.8400
8.8994777541e-01 -2.4037540321e+00 1.0542544190e+00
90 91 78
2 25 1684 547.1899 -805.3900 39 2383 652.9399 -466.7800
-6.7680949524e-01 -2.1638801697e+00 9.9658548377e-01
83 77 62
2 25 1705 -221.8700 -681.5400 39 1684 196.4400 -461.0500
-2.3679185191e+00 -3.9869350110e-01 1.2393252983e+00
61 63 51
3 25 1865 -614.4300 -90.8900 39 1870 -222.2600 -120.8400 75 1055 -563.8700 -255.8400
4.2125729728e-01 -2.9930874059e-01 1.5349754762e+00
156 155 150
2 25 1945 308.9200 54.7100 39 1417 233.3700 39.4400
-2.3027582436e+00 1.5732305997e-01 1.3638474358e+00
171 173 172
3 25 1946 -537.9600 54.4100 39 1943 -223.7600 -19.1200 75 1590 -483.5700 -107.4200
-4.4368151594e+00 7.4840602875e-01 1.2698494079e+00
138 145 140
3 25 1968 -974.1700 89.8900 39 1944 -598.2300 -17.1400 75 1607 -931.6000 -75.8300
-1.4818066006e-03 4.0503630666e-02 1.6082413754e+00
142 138 126
2 25 1982 164.9500 117.6000 39 1448 132.1500 71.8300
-1.5428206234e-01 1.2742529756e-01 1.6357530774e+00
147 143 130
2 25 1991 118.2000 127.7500 39 2039 100.9600 75.6000
8.7096769891e-02 1.1415843361e-01 1.6023608999e+00
143 143 133
2 25 2008 193.9301 146.0800 39 2059 149.4600 91.2500
1.3381427516e-02 1.6505372493e-01 1.6142028812e+00
146 143 131
2 25 2015 170.6200 153.5400 39 2062 132.9300 94.4900
-1.2670500521e-01 2.4094211433e-01 1.6312365114e+00
148 143 129
2 25 2022 127.1500 162.0300 39 2069 104.6100 97.9500
-4.3028029684e+00 1.0790547168e+00 1.3547487430e+00
68 66 53
3 25 2026 -907.0400 163.1699 39 993 -569.2700 35.8000 75 1141 -862.2700 -2.1400
2.9977635568e-01 2.5690345956e-01 1.6086690291e+00
177 182 180
2 25 2062 266.0900 203.4700 39 2111 190.9000 130.5400
-4.3600338994e+00 1.3323851687e+00 1.4127885571e+00
164 165 161
3 25 2068 -890.5900 208.3800 39 2028 -562.3300 68.1200 75 1699 -843.6000 44.9500
2.0886641381e-01 3.6785473552e-01 1.6244987572e+00
98 99 91
2 25 2087 236.1500 225.4700 39 2124 167.9700 143.2700
1.2353204535e-01 4.2268263564e-01 1.6328770420e+00
107 106 95
2 25 2096 208.6000 232.7000 39 2128 148.6600 146.4100
3.6165455662e-02 4.6944724712e-01 1.6372830605e+00
104 104 94
2 25 2097 180.6500 238.1599 39 2129 130.7700 148.6800
-2.9228652171e-01 5.8950517703e-01 1.6521930675e+00
171 175 171
2 25 2102 80.6899 242.7300 39 1492 67.3800 146.4200
9.6592889685e-01 6.9604073298e-01 1.7059672302e+00
79 73 66
2 25 2146 497.3700 373.2800 39 2175 313.0800 248.2500
2.1357942992e+00 7.2506086229e-01 1.8055047285e+00
138 139 132
2 25 2184 956.0200 464.5400 39 2224 534.1100 329.2100
-5.7127754364e+00 3.6567208023e+00 1.8100704142e+00
154 158 157
3 25 2215 -904.1700 498.0100 39 2197 -662.1000 274.1500 75 1859 -849.6000 334.5500
8.1068380376e-01 -2.4257473957e+00 1.0466271103e+00
67 61 50
2 25 2432 503.5900 -817.4500 39 2377 625.5800 -477.6600
3.7827026050e-01 -2.3685216910e+00 1.0328962975e+00
71 68 50
2 25 2449 266.8199 -782.6300 39 2378 485.0601 -477.5900
5.6508503988e-01 -2.2449808889e+00 1.0690714660e+00
126 123 108
2 25 2472 362.9600 -714.3000 39 2406 531.3101 -429.6899
5.6508503988e-01 -2.2449808889e+00 1.0690714660e+00
126 123 108
2 25 2473 362.9600 -714.3000 39 2407 531.3101 -429.6899
1.4166057849e-01 -2.2367715275e+00 1.0445016725e+00
130 134 129
2 25 2476 149.6000 -711.0500 39 2400 404.0000 -446.1600
5.5168899833e-01 -2.2020963500e+00 1.0766607542e+00
80 77 68
2 25 2483 355.0900 -691.1600 39 3422 523.6400 -416.9100
-5.2417000447e-01 -2.1739134139e+00 1.0079157309e+00
61 58 48
2 25 2486 -154.3900 -684.8600 39 3376 228.9000 -456.7300
3.3280510850e-01 -2.0835109329e+00 1.0863141098e+00
166 171 172
2 25 2496 243.5200 -630.7200 39 3461 448.5400 -391.1000
-1.9738283078e-01 -2.0401906812e+00 1.0595260976e+00
119 114 97
2 25 2500 -3.1400 -615.6000 39 3442 300.7600 -402.1200
-1.6094844486e+00 -1.8666542668e+00 9.8837533700e-01
