# Bundle file v0.3
90 9395
0 0 0
0 0 0
0 0 0
0 0 0
0 0 0
0 0 0
0 0 0
0 0 0
0 0 0
0 0 0
2.0287974739e+03 4.0191514563e-02 6.2420513938e-02
8.5050357158e-01 2.3642214089e-01 -4.6983853187e-01
3.8363951730e-02 8.6301719918e-01 5.0371571460e-01
5.2456828148e-01 -4.4643687708e-01 7.2492912263e-01
1.3001272097e+00 -2.1890421696e+00 -1.3056029426e+01
0 0 0
0 0 0
0 0 0
0 0 0
0 0 0
1.9286866418e+03 -1.7283072878e-02 4.6166352832e-02
8.5922942606e-01 2.1357750078e-01 -4.6487573023e-01
-1.4872278222e-02 9.1873112457e-01 3.9460351758e-01
5.1137423550e-01 -3.3214119274e-01 7.9257720088e-01
1.0968293651e+00 -4.2239498423e-01 -1.3249464217e+01
0 0 0
0 0 0
0 0 0
0 0 0
0 0 0
0 0 0
0 0 0
0 0 0
0 0 0
0 0 0
1.8860418600e+03 -1.3336160906e-02 2.3857133205e-02
8.6475818274e-01 2.0507979550e-01 -4.5840545684e-01
-4.5486016404e-02 9.4104962396e-01 3.3519640147e-01
5.0012429225e-01 -2.6901279287e-01 8.2310862562e-01
9.5618709253e-01 5.1468452885e-01 -1.3256924721e+01
0 0 0
0 0 0
0 0 0
0 0 0
0 0 0
0 0 0
0 0 0
0 0 0
0 0 0
0 0 0
2.1453807207e+03 -6.0971475290e-02 9.4732923314e-03
8.3833973858e-01 2.1912714877e-01 -4.9916908497e-01
-3.8147523005e-01 8.8992710602e-01 -2.5001278933e-01
3.8943950953e-01 4.0001629797e-01 8.2965283690e-01
5.0395750277e-01 8.7564681713e+00 -1.0016978601e+01
1.2322375492e+03 -4.0447980020e-02 -1.9837889071e-01
7.4776371398e-01 1.8964909917e-01 -6.3630389535e-01
-1.3061697411e-01 9.8162980969e-01 1.3907596056e-01
6.5099050233e-01 -2.0883867372e-02 7.5879854372e-01
1.0182246458e+00 4.0312691658e+00 -6.5360008525e+00
0 0 0
0 0 0
0 0 0
0 0 0
0 0 0
0 0 0
0 0 0
0 0 0
0 0 0
0 0 0
0 0 0
0 0 0
0 0 0
0 0 0
0 0 0
0 0 0
0 0 0
0 0 0
0 0 0
0 0 0
1.9286666751e+03 1.9945255175e-01 3.2307250420e-01
8.4759166958e-01 2.1628275324e-01 -4.8457211260e-01
-1.1434630994e-01 9.6615774518e-01 2.3122312350e-01
5.1818267345e-01 -1.4057376032e-01 8.4363839105e-01
8.6930960452e-01 2.0755030902e+00 -1.2568663191e+01
0 0 0
0 0 0
0 0 0
0 0 0
0 0 0
0 0 0
0 0 0
0 0 0
0 0 0
0 0 0
8.1164597201e+02 8.7555475677e-02 -1.3142590685e-01
9.7929662304e-01 1.1369467951e-01 -1.6748625003e-01
3.7263063330e-02 7.1199113864e-01 7.0119903209e-01
1.9897132509e-01 -6.9292289495e-01 6.9301390567e-01
8.9274775619e-01 7.6194666389e-02 -5.2975801862e+00
9.9238250820e+02 3.8668639104e-02 -3.5843881015e-01
8.7325486437e-01 2.5160276447e-01 -4.1727927191e-01
1.8404653641e-01 6.2261811065e-01 7.6057449387e-01
4.5116827714e-01 -7.4097418120e-01 4.9739767642e-01
8.5712860135e-01 -1.9669362029e+00 -7.2337934917e+00
0 0 0
0 0 0
0 0 0
0 0 0
0 0 0
0 0 0
0 0 0
0 0 0
0 0 0
0 0 0
2.3856840541e+03 -5.3376893132e-02 9.5212186849e-02
8.7136574953e-01 2.1177892434e-01 -4.4257362975e-01
-1.9965846026e-01 9.7703479182e-01 7.4427916987e-02
4.4817209840e-01 2.3509631797e-02 8.9363810764e-01
5.2210158901e-01 4.6110012514e+00 -8.5149369636e+00
0 0 0
0 0 0
0 0 0
0 0 0
0 0 0
-1.8321964543e+03 6.0805414064e-02 -1.3146062201e-01
9.0876755897e-01 3.4329561830e-02 4.1588821209e-01
1.6864722540e-01 8.8138501391e-01 -4.4126927224e-01
-3.8170621836e-01 4.7114959243e-01 7.9518452225e-01
-2.0277147417e-01 1.0147455658e+00 3.8810585352e+00
0 0 0
0 0 0
0 0 0
0 0 0
0 0 0
0 0 0
0 0 0
0 0 0
0 0 0
0 0 0
0 0 0
0 0 0
0 0 0
0 0 0
0 0 0
0 0 0
0 0 0
0 0 0
0 0 0
0 0 0
1.8559384392e+03 -3.3018895533e-02 1.0772774267e-01
7.8046556963e-01 2.0426237091e-01 -5.9088948075e-01
-1.1429375205e-01 9.7581060167e-01 1.8636149796e-01
6.1466286115e-01 -7.7913756859e-02 7.8493248985e-01
9.3762274707e-01 2.9675543405e+00 -9.7165880592e+00
0 0 0
0 0 0
0 0 0
0 0 0
0 0 0
0 0 0
0 0 0
0 0 0
0 0 0
0 0 0
2.5656030808e+03 1.3485649155e-01 -5.1062922081e-01
8.6362478130e-01 2.1649615970e-01 -4.5528194557e-01
-6.2369850338e-02 9.4204055844e-01 3.2965070608e-01
5.0026217016e-01 -2.5629865214e-01 8.2707240434e-01
1.1414767374e+00 2.4487907424e+00 -8.4071765368e+00
0 0 0
0 0 0
0 0 0
0 0 0
0 0 0
1.1159146773e+03 -8.2480181687e-02 3.7792144230e-01
8.4946307833e-01 1.7233379139e-01 -4.9871188366e-01
1.1641967417e-01 8.6065288076e-01 4.9570462809e-01
5.1464447730e-01 -4.7914265432e-01 7.1102980162e-01
1.3568356837e+00 -2.5645906260e+00 -1.2981843601e+01
0 0 0
0 0 0
0 0 0
0 0 0
0 0 0
2.1006145630e+03 5.7624635093e-02 -2.3404501945e-01
8.2381921550e-01 2.0950051697e-01 -5.2671760324e-01
-5.8587158405e-02 9.5568914509e-01 2.8848882617e-01
5.6381685417e-01 -2.0680375080e-01 7.9958912174e-01
1.0462326523e+00 8.8424533036e-01 -1.3910799484e+01
0 0 0
0 0 0
0 0 0
0 0 0
0 0 0
-6.8361824708e+01 1.5680254405e-04 -2.5334298929e-06
9.5829016869e-01 -2.8309894034e-01 3.9178343262e-02
2.7151896978e-01 9.4460766930e-01 1.8437407669e-01
-8.9204269252e-02 -1.6604620165e-01 9.8207497538e-01
8.4560878360e-01 1.1446863276e-01 -1.1105262773e+00
0 0 0
0 0 0
0 0 0
0 0 0
0 0 0
0 0 0
0 0 0
0 0 0
0 0 0
0 0 0
0 0 0
0 0 0
0 0 0
0 0 0
0 0 0
0 0 0
0 0 0
0 0 0
0 0 0
0 0 0
0 0 0
0 0 0
0 0 0
0 0 0
0 0 0
0 0 0
0 0 0
0 0 0
0 0 0
0 0 0
0 0 0
0 0 0
0 0 0
0 0 0
0 0 0
0 0 0
0 0 0
0 0 0
0 0 0
0 0 0
1.6698036589e+03 -5.9921321968e-02 -2.7825778970e-01
4.4559655071e-02 8.8001638335e-01 4.7284839238e-01
-8.5927382487e-01 -2.0766741746e-01 4.6746415651e-01
5.0957132086e-01 -4.2713628827e-01 7.4692145517e-01
-1.8075164163e+00 -1.1004064621e+00 -1.3130642229e+01
0 0 0
0 0 0
0 0 0
0 0 0
0 0 0
0 0 0
0 0 0
0 0 0
0 0 0
0 0 0
0 0 0
0 0 0
0 0 0
0 0 0
0 0 0
0 0 0
0 0 0
0 0 0
0 0 0
0 0 0
0 0 0
0 0 0
0 0 0
0 0 0
0 0 0
0 0 0
0 0 0
0 0 0
0 0 0
0 0 0
0 0 0
0 0 0
0 0 0
0 0 0
0 0 0
1.1471101248e+03 -5.1262423191e-03 2.9062882792e-01
8.3931746733e-01 2.2230240928e-01 -4.9611271689e-01
3.3696425851e-02 8.8954544376e-01 4.5560229846e-01
5.4259629552e-01 -3.9911219263e-01 7.3912023229e-01
1.5991567793e+00 -1.5114747973e+00 -1.3118754782e+01
2.4439218192e+03 -3.8828136186e-02 -6.7143756371e-02
8.2938045859e-01 2.1300447516e-01 -5.1648538070e-01
-5.9028787863e-02 9.5270267641e-01 2.9811610586e-01
5.5555706918e-01 -2.1676416662e-01 8.0272637863e-01
5.4359293342e-01 8.8718952522e-02 -1.5869367861e+01
0 0 0
0 0 0
0 0 0
0 0 0
0 0 0
0 0 0
0 0 0
0 0 0
0 0 0
0 0 0
0 0 0
0 0 0
0 0 0
0 0 0
0 0 0
0 0 0
0 0 0
0 0 0
0 0 0
0 0 0
0 0 0
0 0 0
0 0 0
0 0 0
0 0 0
0 0 0
0 0 0
0 0 0
0 0 0
0 0 0
0 0 0
0 0 0
0 0 0
0 0 0
0 0 0
0 0 0
0 0 0
0 0 0
0 0 0
0 0 0
0 0 0
0 0 0
0 0 0
0 0 0
0 0 0
0 0 0
0 0 0
0 0 0
0 0 0
0 0 0
0 0 0
0 0 0
0 0 0
0 0 0
0 0 0
0 0 0
0 0 0
0 0 0
0 0 0
0 0 0
0 0 0
0 0 0
0 0 0
0 0 0
0 0 0
0 0 0
0 0 0
0 0 0
0 0 0
0 0 0
0 0 0
0 0 0
0 0 0
0 0 0
0 0 0
0 0 0
0 0 0
0 0 0
0 0 0
0 0 0
0 0 0
0 0 0
0 0 0
0 0 0
0 0 0
1.9638658744e+03 1.2330429250e-01 -3.0010240863e-01
9.5269133270e-01 1.9459055196e-01 -2.3348178021e-01
9.2464541107e-02 5.4621844801e-01 8.3252370278e-01
2.8953330247e-01 -8.1472690157e-01 5.0238485509e-01
9.8028751845e-01 -1.3347908449e+00 -6.0215659684e+00
0 0 0
0 0 0
0 0 0
0 0 0
0 0 0
0 0 0
0 0 0
0 0 0
0 0 0
0 0 0
0 0 0
0 0 0
0 0 0
0 0 0
0 0 0
0 0 0
0 0 0
0 0 0
0 0 0
0 0 0
0 0 0
0 0 0
0 0 0
0 0 0
0 0 0
0 0 0
0 0 0
0 0 0
0 0 0
0 0 0
0 0 0
0 0 0
0 0 0
0 0 0
0 0 0
0 0 0
0 0 0
0 0 0
0 0 0
0 0 0
0 0 0
0 0 0
0 0 0
0 0 0
0 0 0
0 0 0
0 0 0
0 0 0
0 0 0
0 0 0
0 0 0
0 0 0
0 0 0
0 0 0
0 0 0
0 0 0
0 0 0
0 0 0
0 0 0
0 0 0
0 0 0
0 0 0
0 0 0
0 0 0
0 0 0
0 0 0
0 0 0
0 0 0
0 0 0
0 0 0
1.3509035995e+00 1.2618989558e+00 1.8612732216e+00
99 99 89
4 25 3516 623.6600 520.8000 39 3187 332.3600 353.2200 75 2887 720.7600 361.2400 20 3746 235.7400 70.1200
5.1172215614e-01 -6.6119629226e-01 1.4675652099e+00
121 120 107
2 25 1894 344.7100 -48.8100 39 1940 272.6801 -24.6700
1.9275940109e+00 -1.1884875843e-01 1.6221120931e+00
169 174 167
3 25 2078 932.9199 214.9299 39 2136 576.5900 170.3900 20 2381 336.7100 -74.8600
4.4217829387e-02 -1.9783251977e+00 1.0884592175e+00
168 173 175
14 25 2509 108.1200 -581.2300 39 2448 360.3000 -372.6100 19 2225 138.9200 -145.0700 33 4261 91.6000 341.8800 7 9070 16.0800 -155.6500 16 17222 -11.7500 68.3400 30 7509 -13.6300 263.1900 2 5120 68.6300 -595.6500 10 11494 -93.2800 1415.8101 23 2379 -106.3600 860.5000 37 21490 12.4200 -113.6801 48 5868 -439.6700 -33.3800 57 15091 -70.7300 -244.2400 4 10938 35.2700 -297.3000
2.0963822955e+00 -2.0475162471e-01 1.6155726977e+00
169 172 165
3 25 2059 1020.0100 200.8301 39 2134 626.4700 165.9200 20 2359 368.5700 -81.1500
-1.5336778773e+00 5.1770379734e-01 1.3845083968e+00
94 91 82
2 25 3178 -313.2800 195.0400 39 2912 -166.9800 93.5200
1.7468998859e-01 -2.0525838693e+00 1.0827800787e+00
76 68 45
6 25 2502 166.1100 -614.6000 39 1706 400.0800 -387.6900 33 4258 129.8700 316.9000 11 3194 21.1400 466.7800 30 16217 8.3600 248.9900 10 48904 -71.2600 1398.2700
1.6387952137e+00 -2.0453809487e-01 1.5875262432e+00
107 98 81
4 25 3143 806.7300 170.7700 39 2967 513.8900 136.8800 75 2550 925.9800 4.7400 20 3334 287.1100 -95.0400
-8.2688290946e-02 -2.0104926733e+00 1.0738073828e+00
82 76 56
4 25 115 48.2600 -598.9000 39 107 327.4301 -388.1700 19 86 105.6500 -156.2700 33 348 54.0200 332.8500
3.0914626211e-01 -2.0353582751e+00 1.0947465800e+00
154 155 155
3 25 114 231.2100 -607.2400 39 108 437.7300 -376.9400 19 142 209.7600 -158.1600
6.0590416829e-01 -1.4006390769e+00 1.2483814306e+00
159 160 152
4 25 328 377.7700 -309.3400 39 548 436.3199 -188.9400 75 271 484.1600 -489.5601 19 405 272.8800 -3.6700
-3.9541699904e-02 -2.1103742406e+00 1.0589056370e+00
138 140 135
3 25 450 66.9500 -646.5900 39 742 342.1300 -414.5400 19 593 116.3800 -182.5500
3.7919984488e-01 -1.3466954945e+00 1.2433099286e+00
135 135 130
4 25 790 274.4700 -295.5800 39 829 375.0400 -186.4000 75 447 372.0601 -473.9399 19 652 217.1800 2.1000
6.3216568808e-01 4.8694124762e-01 1.6568702677e+00
141 148 140
3 25 1003 385.9700 291.1400 39 1049 244.4600 193.2000 19 740 240.7400 294.8800
7.8234897381e-02 -2.0205168395e+00 1.0824866845e+00
76 68 47
3 25 1146 122.3700 -602.6600 39 1192 372.2500 -383.8400 19 919 146.3600 -156.2300
-1.9499588961e-01 -1.9173090998e+00 1.0835677512e+00
148 151 149
5 25 1160 1.5300 -556.4301 39 1200 295.3199 -366.0400 19 926 77.4600 -132.3400 30 3617 -54.2700 271.2900 35 2372 30.9100 -359.6300
2.0508914411e-02 -1.9107016162e+00 1.1003076849e+00
141 142 132
4 25 708 99.5900 -548.1500 39 1202 349.5200 -353.2000 19 927 131.9300 -128.0500 33 2056 86.2500 366.1300
1.2936497651e+00 -8.6482688296e-01 1.4012130905e+00
150 153 153
3 25 1339 685.4301 -68.1000 39 1350 555.3300 -23.2500 19 1053 436.0800 122.3200
1.5331546553e+00 2.1156515402e+00 2.0575346815e+00
135 141 140
5 25 1091 658.2400 691.9000 39 1130 290.5200 471.3700 75 932 751.8101 530.1799 19 1196 372.5000 500.9299 20 1084 266.4600 171.9700
4.7485502171e-01 -2.4351832370e+00 1.0261487941e+00
45 43 31
3 25 1682 321.1700 -820.9700 39 1665 517.6500 -496.3101 19 1432 263.4200 -269.6100
3.3022721531e-01 -2.1086104198e+00 1.0814479388e+00
65 59 44
3 25 1142 242.3400 -644.2500 39 1704 450.2400 -398.6700 19 1456 215.2100 -176.3600
8.9623785305e-03 -1.9976168341e+00 1.0827810257e+00
83 75 59
3 25 1147 91.2600 -592.5000 39 1707 351.3400 -379.7700 19 1461 127.7500 -151.2200
-2.4311662228e+00 1.6790867968e+00 1.6742965549e+00
93 95 88
4 25 1509 -443.2000 361.7500 39 1517 -271.3200 196.3400 75 1204 -382.6900 201.9100 19 1740 -220.6000 333.9600
1.7001064067e-01 -2.0266326413e+00 1.0877508194e+00
159 165 161
4 25 2506 166.0800 -602.0800 39 2437 397.9500 -380.0400 19 2217 171.2100 -154.4700 33 4259 129.9900 325.5801
-8.6753888609e-02 -1.9644798365e+00 1.0821198104e+00
73 62 44
3 25 2512 48.4200 -577.9800 39 2443 324.4200 -375.4000 19 2226 103.7900 -144.3300
-4.1630140641e+00 1.0134750178e+00 1.3531316505e+00
72 68 50
5 25 2018 -884.5400 154.7400 39 1410 -549.7300 32.3800 75 1138 -838.2100 -9.7000 19 2476 -466.9200 216.3300 20 3314 -331.4700 -105.4600
-3.9937422254e+00 1.1639564109e+00 1.4062131186e+00
161 162 153
5 25 2050 -832.5800 192.2900 39 2019 -515.4200 60.6200 75 1682 -784.7600 28.9100 19 2512 -438.2600 237.3700 20 2335 -313.7200 -91.7000
1.5792612771e+00 1.9698591196e+00 2.0299753853e+00
165 182 189
4 25 3655 679.9700 670.8500 39 3250 306.1600 459.6700 75 2997 775.1100 509.1000 19 2780 385.6600 489.0900
9.8973260823e-02 -2.2217693113e+00 1.0446561128e+00
131 132 125
3 25 2477 128.8500 -703.6400 39 3385 391.8300 -443.1700 19 3233 152.7400 -209.0200
4.1566959311e-01 -2.1388282739e+00 1.0808316424e+00
68 64 50
3 25 2491 285.1500 -659.4100 39 3439 477.7200 -404.2100 19 3240 239.9500 -183.3000
-1.2453823985e-02 -1.8879941646e+00 1.1019679185e+00
145 148 139
4 25 2548 84.4600 -540.9200 39 3544 338.8600 -350.0300 75 2081 172.4500 -732.9000 19 3278 123.6600 -123.8400
5.9440023980e-01 -1.5681126155e-01 1.5142168624e+00
139 138 127
4 25 3099 372.2800 125.5900 39 2888 297.1300 71.3600 75 2518 464.6300 -40.7300 19 3654 238.5600 207.2600
-4.1615177015e+00 1.1915938820e+00 1.3979638201e+00
88 82 71
5 25 3163 -864.7600 189.6799 39 2869 -538.6800 57.8500 75 2574 -817.1100 26.4200 19 3696 -456.4700 235.9900 20 4874 -324.6900 -92.1700
-4.5426665644e-01 5.4456143951e-01 1.6547944131e+00
71 67 51
2 25 4768 32.2700 217.4700 39 4243 41.6900 128.3400
6.1320502694e-01 1.1403836058e+00 1.7855386757e+00
56 56 48
5 25 5015 374.6700 439.8300 39 4438 198.8200 290.5400 75 4098 461.5800 278.9000 19 3873 228.9100 372.1000 20 5256 137.9700 30.9400
-4.0319998189e+00 2.9375770181e+00 1.7945285563e+00
168 173 169
4 25 3469 -675.2700 480.5200 39 3135 -495.0000 272.4500 75 2831 -618.0600 317.9500 19 3896 -362.3700 390.7700
2.3740523378e-01 -2.0865831146e+00 1.0798451906e+00
119 120 108
3 25 5557 197.0000 -633.7400 39 4919 421.6600 -396.4500 19 4779 189.5400 -171.4000
-1.4173932415e+00 -1.8728793542e+00 1.0010481412e+00
150 156 151
3 25 3883 -484.4900 -560.8600 39 3436 8.9400 -409.8600 19 4805 -195.5400 -139.2300
-1.9588097978e+00 -1.8024344291e+00 9.7326445447e-01
53 50 39
4 25 5648 -666.7800 -541.5800 39 3433 -108.4900 -413.8000 75 3146 -626.6500 -727.4900 19 4844 -298.5100 -130.2600
-1.6498157496e+00 -1.8116330330e+00 9.9530441280e-01
72 68 56
4 25 5657 -561.8200 -539.4200 39 4900 -43.7700 -403.4800 75 3154 -515.2500 -725.9301 19 4853 -240.0500 -128.7000
-4.6128862404e-01 -1.8700756217e+00 1.0732485895e+00
143 149 141
4 25 3930 -110.5800 -540.9301 39 3513 227.7100 -365.5700 75 3138 -36.7200 -731.3199 19 4864 14.0600 -125.4900
-3.0130545771e+00 -8.5619747822e-01 1.0978505360e+00
60 59 48
4 25 4211 -851.8400 -242.9600 39 3699 -312.4600 -239.1900 75 3437 -813.6000 -411.2500 19 5150 -417.2500 24.2800
-1.8893373505e+00 -8.8193692221e-01 1.1745095324e+00
136 137 120
3 25 6129 -530.2600 -213.7700 39 5275 -122.8200 -195.0800 19 5175 -238.4300 40.2200
-1.5496400585e+00 -8.9159178663e-01 1.1985453774e+00
133 126 110
6 25 4250 -423.9200 -201.8900 39 3793 -58.3600 -179.8100 75 3468 -367.7600 -370.7300 19 5195 -178.9800 46.9200 20 4206 -182.8000 -293.5800 33 6391 -302.5200 682.9500
-2.4936080433e+00 -7.1312106744e-01 1.1719501101e+00
80 72 49
4 25 6191 -689.5700 -182.6000 39 3779 -224.9100 -187.1300 75 3497 -643.6100 -349.0800 19 5221 -328.6100 56.3900
2.1378825239e-01 -2.7579984886e-01 1.5507189348e+00
143 139 119
2 25 6492 234.6801 46.8000 39 5672 185.2500 29.5800
5.7909392663e-01 1.0849066472e+00 1.7727159904e+00
49 49 42
4 25 10180 365.0601 425.4500 39 6094 192.9500 281.4700 75 5790 451.5800 264.2400 19 5722 223.5200 363.6000
5.9896666015e-01 1.1005064561e+00 1.7772702753e+00
125 127 119
5 25 7132 370.2000 429.8900 39 6098 197.0400 283.9400 75 5797 457.3000 269.0800 19 5729 226.6900 366.3200 20 7886 136.4600 27.6300
5.9896666015e-01 1.1005064561e+00 1.7772702753e+00
125 127 119
5 25 7133 370.2000 429.8900 39 6099 197.0400 283.9400 75 5798 457.3000 269.0800 19 5730 226.6900 366.3200 20 7887 136.4600 27.6300
1.0997050390e+00 2.7846185718e+00 2.1624538028e+00
111 111 110
4 25 7726 506.3300 767.8700 39 6349 189.8400 517.2700 75 6335 592.5601 605.2300 19 6047 288.2200 540.8800
7.9492013183e-01 -2.4503622512e+00 1.0406652116e+00
76 73 65
3 25 7851 499.0400 -833.6300 39 6495 623.5699 -487.4100 19 6761 363.1400 -272.9000
-6.9850990043e-02 -1.9529771081e+00 1.0858741573e+00
144 147 143
4 25 5591 57.3600 -570.5300 39 4965 328.7000 -370.0900 19 6904 108.9200 -139.5500 33 8631 56.8300 351.2000
6.0478674858e-02 -1.8587512717e+00 1.1118344004e+00
56 49 41
4 25 5723 118.4301 -526.3101 39 5031 356.5500 -339.4300 75 4583 209.2400 -717.7100 19 7015 141.7100 -115.3700
1.1790920334e+00 -1.5961931823e+00 1.2450181732e+00
59 55 45
4 25 8371 667.1500 -374.6500 39 7090 618.2000 -209.6000 75 4776 798.6899 -562.7900 19 7224 438.9200 -34.9200
5.0670013382e-01 -1.0945040311e+00 1.2972422390e+00
148 134 117
4 25 6172 331.6100 -194.3800 39 5401 388.2600 -122.7100 75 3474 431.1801 -366.8500 19 7450 243.8900 55.3000
5.0670013382e-01 -1.0945040311e+00 1.2972422390e+00
148 134 117
4 25 6173 331.6100 -194.3800 39 5402 388.2600 -122.7100 75 3475 431.1801 -366.8500 19 7451 243.8900 55.3000
2.1378825239e-01 -2.7579984886e-01 1.5507189348e+00
143 139 119
2 25 6491 234.6801 46.8000 39 5671 185.2500 29.5800
3.0017690104e-01 1.1298542034e+00 1.7610885877e+00
166 175 177
4 25 10165 274.7700 415.6200 39 8069 140.9900 270.8300 75 8015 357.9700 254.2900 19 8223 173.4000 358.6800
-3.3075906501e+00 2.4592645345e+00 1.7497816474e+00
140 143 132
4 25 7172 -571.7100 446.4000 39 6047 -411.5300 252.8300 75 5817 -513.5400 284.2300 19 8265 -301.6100 372.5400
4.7526675041e-03 1.3844665843e+00 1.7903565323e+00
169 181 178
4 25 7174 186.7200 447.4700 39 6110 78.7300 288.3000 75 5822 265.9200 286.4100 19 8273 123.0100 375.1700
-4.1074776158e+00 3.1468364442e+00 1.8358080935e+00
168 171 165
4 25 7341 -673.2500 505.4500 39 4440 -498.8000 290.3900 75 5958 -615.3500 342.7200 19 8405 -361.3200 404.2100
-4.1074776158e+00 3.1468364442e+00 1.8358080935e+00
168 171 165
4 25 7342 -673.2500 505.4500 39 4441 -498.8000 290.3900 75 5959 -615.3500 342.7200 19 8406 -361.3200 404.2100
-1.7764412478e-01 1.7485616222e+00 1.8521652131e+00
176 176 163
4 25 10476 138.9000 504.3101 39 6189 37.7500 324.6800 75 5960 216.0400 344.4299 19 8414 94.7600 405.5701
9.6397198653e-01 2.3672266858e+00 2.0674102258e+00
130 140 142
5 25 7606 476.2900 690.2300 39 6328 177.8900 466.3101 75 6194 561.8500 527.3900 19 8577 271.5700 498.7900 20 8705 195.0400 169.8000
-7.8314005078e-01 -2.2652335675e+00 9.6891363469e-01
44 47 35
3 25 11469 -275.7700 -732.5000 39 8662 174.2000 -494.9301 19 9888 -71.0200 -226.0600
-1.1150999149e-01 -1.9679461814e+00 1.0794214298e+00
130 130 114
3 25 8015 36.6700 -580.3101 39 8960 319.0500 -377.5600 19 10025 97.8400 -144.9500
2.2993906588e-01 -1.6606938607e+00 1.1670886242e+00
152 151 139
5 25 12072 203.4900 -431.2900 39 9322 373.1400 -276.4200 75 6711 298.5000 -618.3101 19 10420 183.1700 -68.4600 33 33312 164.8500 468.7500
8.6600613791e-01 -1.7021391129e+00 1.2047858942e+00
63 54 47
4 25 12067 510.2100 -432.8500 39 9445 540.2500 -254.1000 75 9344 629.3700 -622.7600 19 10427 353.2100 -67.1200
9.9395225648e-01 4.4921493459e-02 1.5757432740e+00
175 191 194
4 25 9625 522.5601 202.4600 39 7841 374.7300 139.1800 75 7617 623.5699 41.0100 19 11611 327.1000 256.4100
-3.1994743047e+00 1.1728209638e+00 1.4702656247e+00
53 54 46
4 25 14102 -658.3000 231.0300 39 7737 -406.1000 97.9500 75 10649 -605.6000 68.2600 19 11632 -340.7900 259.3600
7.1778867114e-01 2.8107854022e-01 1.6224992319e+00
76 73 61
4 25 14154 417.4200 247.3301 39 10721 271.2200 166.5000 75 10692 509.8500 84.4800 19 11682 261.2100 271.3500
1.4299575573e+00 9.7474317017e-01 1.8092236529e+00
112 112 103
3 25 14976 664.2600 464.9700 39 11256 364.8900 319.0500 19 12245 389.1500 386.0100
-5.0021779499e+00 3.4259396564e+00 1.8246851235e+00
77 78 70
3 25 10453 -804.2800 498.5400 39 8089 -590.4500 279.4300 19 12370 -435.8400 400.0300
1.7191061636e+00 1.0832833768e+00 1.8504681464e+00
169 171 168
3 25 10512 765.5200 512.4000 39 8273 416.1200 353.0100 19 12455 443.8800 412.5100
-4.0532325962e+00 5.2558977373e+00 2.2854709788e+00
151 157 151
3 25 16336 -520.1400 750.3600 39 11679 -485.1800 475.9399 19 12868 -288.2300 530.6500
-3.7505819838e+00 5.3002359328e+00 2.3235455711e+00
68 67 72
3 25 11089 -469.5200 768.9800 39 8448 -451.1800 490.4600 19 12934 -260.0900 540.9900
-4.4328436121e+00 2.8036580617e+00 1.7277300781e+00
46 52 51
4 25 424 -760.4100 443.9399 39 271 -547.8700 241.4500 75 356 -707.1000 278.6700 20 416 -285.0000 28.6100
-2.4530125706e+00 -3.8318213204e-01 1.2387643236e+00
156 158 151
3 25 1329 -634.6000 -86.4200 39 1274 -234.2300 -119.6500 20 1346 -253.0700 -241.8200
-5.2849123897e+00 1.1501912492e+00 1.2946692675e+00
83 83 75
3 25 975 -1089.3800 132.6600 39 967 -689.8600 3.4300 20 1536 -405.8500 -116.0800
-2.7206314532e-01 1.3157635872e-01 1.6605077295e+00
104 97 78
2 25 965 83.6500 117.5500 39 1007 79.8500 67.0400
-4.8403496738e+00 1.0890876762e+00 1.3135077551e+00
149 159 152
4 25 979 -1013.4200 139.3300 39 979 -641.1000 14.6400 75 821 -969.8700 -26.1100 20 1560 -377.8800 -110.6600
2.0002240933e+00 -4.2323641599e-01 1.5679107917e+00
31 28 24
2 25 1420 997.3101 125.1800 39 1476 622.9301 118.8800
-5.1789146500e+00 1.2038479621e+00 1.3140270937e+00
87 88 76
3 25 1435 -1063.5900 147.3100 39 980 -676.5000 15.3300 20 1562 -397.2300 -109.5400
-5.6091632226e+00 1.3827715502e+00 1.3227099200e+00
87 82 68
3 25 1442 -1118.4800 162.6000 39 984 -715.4400 22.7300 20 1593 -415.9100 -104.0900
-4.2132723186e+00 1.2711871659e+00 1.4106891004e+00
167 173 168
4 25 2060 -867.8800 202.3101 39 2024 -545.0100 65.4400 75 1691 -819.8400 38.6300 20 2341 -326.3700 -87.1900
1.7731754326e+00 -1.2535270150e-01 1.6115074084e+00
167 170 163
4 25 3195 861.6300 204.0500 39 3003 538.2000 160.3700 75 1689 983.1000 39.1900 20 2365 309.3200 -79.8800
-2.7485094791e+00 -5.9295102179e-01 1.1841636760e+00
142 145 134
3 25 2878 -743.8100 -156.1500 39 2611 -263.3600 -174.1100 75 2352 -699.1600 -321.0000
-2.3454336981e+00 -3.7546311871e-01 1.2481277095e+00
143 160 164
3 25 1874 -604.7700 -79.9700 39 1875 -216.6900 -113.5400 20 3011 -241.8400 -238.5300
6.5364992440e-01 9.5027744320e-02 1.5942779739e+00
95 96 88
3 25 4708 390.8500 184.4600 39 4229 270.0900 124.5200 20 3351 132.6400 -90.1900
-4.5391099432e+00 1.7079359878e+00 1.4831603104e+00
92 92 90
4 25 3260 -885.4800 266.3900 39 2083 -574.5700 109.9000 75 2659 -837.4600 103.1200 20 3426 -331.9100 -58.0800
-4.0023928241e+00 1.5746243478e+00 1.4959967886e+00
68 69 64
4 25 3264 -792.7700 267.0100 39 2091 -510.3800 115.6200 75 2657 -742.1400 104.3100 20 3427 -298.8100 -57.4400
-4.2407945269e+00 3.3595559368e+00 1.8717471491e+00
63 64 49
4 25 3536 -682.2300 528.8400 39 3152 -509.2100 306.1500 75 2897 -623.8900 366.0300 20 3725 -255.1500 65.2700
1.3041748230e+00 1.2906296189e+00 1.8636233590e+00
90 91 84
4 25 3520 606.2600 523.1600 39 3189 321.8000 354.3700 75 2893 702.3500 363.8700 20 3751 229.2200 70.7300
-5.6560849516e+00 5.2606633189e+00 2.1351521540e+00
147 157 162
4 25 2342 -769.4600 678.9900 39 2262 -651.5700 416.9400 75 1971 -709.2800 511.3700 20 3908 -283.3500 154.3700
1.9885230495e+00 -8.3204412441e-01 1.4812273886e+00
171 176 179
2 25 4520 1033.8601 -17.8900 39 5673 676.0900 32.2600
-4.8251105486e+00 1.4809240610e+00 1.4081957856e+00
156 158 145
3 25 4759 -965.7100 214.1400 39 2882 -617.6900 67.9500 20 4932 -360.9600 -81.6500
-4.8301717944e+00 1.4831790184e+00 1.4088579345e+00
156 158 145
4 25 4760 -965.7100 214.1400 39 2883 -617.6900 67.9500 75 3861 -919.9200 50.7800 20 4933 -360.9600 -81.6500
-4.7400754728e+00 1.4717507101e+00 1.4140817574e+00
157 155 147
4 25 4766 -949.4900 216.0601 39 2887 -606.1900 70.4600 75 3869 -903.9900 52.4100 20 4935 -355.3200 -80.8400
1.6906492528e+00 1.0966739437e+00 1.8496704761e+00
171 173 166
3 25 5115 755.2300 514.7300 39 4516 410.2000 354.3200 20 5477 286.2700 68.2400
1.5647346411e+00 1.1553747957e+00 1.8549068948e+00
159 163 158
4 25 5118 704.8000 514.5701 39 4513 380.5800 352.2800 75 2882 806.4200 355.2200 20 5480 267.0900 67.7900
1.7413507019e+00 1.0823041191e+00 1.8501496018e+00
168 170 164
3 25 5120 775.1600 515.8101 39 4522 421.6400 355.6700 20 5488 294.1000 68.7700
1.8351330946e+00 1.0539430213e+00 1.8506906569e+00
164 169 163
3 25 5125 812.7500 517.1899 39 4528 443.0400 358.0900 20 5492 308.5300 69.6700
1.9879737282e+00 1.0155063734e+00 1.8529077722e+00
119 120 121
3 25 5140 874.6500 521.8500 39 6248 478.5400 362.5500 20 5503 332.3100 72.1500
-2.2161730302e+00 -4.6413489098e-01 1.2326907190e+00
154 159 154
3 25 4406 -578.1600 -101.3600 39 3869 -199.3200 -125.0600 20 6397 -232.3800 -245.5000
-4.9629482619e+00 8.5894989568e-01 1.2535490372e+00
153 160 154
3 25 9308 -1065.8199 87.7100 39 5570 -663.9300 -25.7500 20 6978 -397.1700 -133.7100
-1.8599188822e+00 3.5097895985e-01 1.3394876223e+00
47 47 39
2 25 6614 -417.9100 130.2100 39 4140 -215.5900 43.5500
-3.5278000855e+00 8.6037220606e-01 1.3736596813e+00
97 94 80
4 25 6649 -765.3100 151.4600 39 5688 -457.4100 37.1000 75 5394 -716.4500 -12.3800 20 7097 -289.9900 -110.1600
-3.8198160624e+00 3.1250506215e+00 1.8542346801e+00
140 139 129
4 25 7378 -622.4800 517.6500 39 6139 -466.3900 300.7900 75 5987 -563.8500 355.0200 20 8154 -233.5000 61.2200
2.0101716299e+00 9.9503824060e-01 1.8505501125e+00
171 179 171
3 25 5127 884.8500 518.5601 39 4531 484.3199 361.3000 20 8241 336.3300 70.7000
-7.8098918863e-01 -1.7346091564e+00 1.0752029624e+00
61 66 74
3 25 5807 -231.7200 -489.1600 39 5013 150.6000 -344.5600 75 4672 -164.9700 -673.5900
6.3297171585e-01 5.4962582296e-03 1.5747544807e+00
156 162 158
2 25 9477 385.9000 159.8000 39 7760 273.0900 108.5900
9.6147180931e-03 1.4183953039e+00 1.7993368728e+00
116 117 111
3 25 14884 188.0300 453.5100 39 11111 78.6700 292.3400 75 11256 267.5200 292.1600
-3.8441601144e+00 3.2083621151e+00 1.8762675515e+00
64 61 51
2 25 23384 -618.5200 524.0300 39 11188 -464.2800 305.6900
-3.8441601144e+00 3.2083621151e+00 1.8762675515e+00
64 61 51
2 25 23385 -618.5200 524.0300 39 11189 -464.2800 305.6900
3.0429110132e-01 -2.2613984391e+00 1.0501721514e+00
122 124 113
2 25 108 229.7900 -723.4200 39 103 452.9301 -447.4000
7.1918071083e-01 -2.2074370960e+00 1.0869444958e+00
170 186 202
2 25 109 445.1500 -692.9000 39 106 572.4100 -410.6700
7.6853838355e-01 -2.0281164139e+00 1.1281479122e+00
165 175 177
2 25 179 467.6600 -596.3400 39 182 561.9200 -353.1300
-2.5092031081e+00 -9.3934157611e-01 1.1216689620e+00
47 38 29
2 25 205 -717.0000 -251.7900 39 205 -226.3900 -233.1100
-8.2655508283e-01 -1.0714703739e+00 1.2079302100e+00
119 116 106
3 25 209 -194.0800 -237.3700 39 222 91.1700 -185.4900 75 176 -125.4900 -408.6801
7.0851104015e-01 -1.2126505784e+00 1.2891649634e+00
136 139 130
3 25 218 423.1000 -229.5200 39 231 448.1899 -139.1400 75 92 530.3400 -406.0100
-2.3618963943e+00 -8.4893299238e-01 1.1537633764e+00
111 113 108
2 25 222 -664.7900 -217.2500 39 213 -199.3300 -208.8300
-2.3618963943e+00 -8.4893299238e-01 1.1537633764e+00
111 113 108
2 25 223 -664.7900 -217.2500 39 214 -199.3300 -208.8300
4.5689195420e-01 -1.2765566606e+00 1.2614829612e+00
45 41 30
3 25 345 309.7800 -264.9000 39 562 388.4500 -166.6500 75 282 409.8000 -441.1899
7.6573325846e-01 -2.3357796165e+00 1.0619836006e+00
71 72 64
2 25 447 474.3300 -764.9600 39 460 604.3800 -451.0000
-4.8361451975e+00 1.6722139532e+00 1.4492159826e+00
168 179 174
3 25 624 -946.4000 248.1300 39 400 -614.2500 92.9000 75 546 -898.8300 84.9400
2.1853155096e+00 6.8959305208e-01 1.8011977120e+00
136 139 132
2 25 660 979.7200 459.6600 39 691 548.8300 328.0300
8.3471317092e-01 -2.3750201716e+00 1.0584778496e+00
88 85 71
2 25 696 514.5900 -788.1100 39 1171 629.5699 -458.9500
8.6774332403e-01 -2.3577877486e+00 1.0635560333e+00
162 164 178
2 25 697 532.5601 -778.1801 39 1173 639.1100 -452.0400
9.5026011813e-01 -2.4156351148e+00 1.0554942598e+00
160 166 177
2 25 1116 583.1600 -812.6700 39 1680 673.2200 -467.5800
5.2311835204e-01 -2.4124974181e+00 1.0333797017e+00
143 145 144
2 25 1118 343.8500 -808.2200 39 1669 532.7500 -485.3600
4.8329832490e-01 -2.1779013376e+00 1.0776797239e+00
82 77 64
2 25 1138 319.5400 -678.5300 39 1183 500.4700 -412.4900
-7.1735224435e-01 -2.1460245198e+00 9.9758328960e-01
164 168 169
2 25 1139 -238.0500 -673.3199 39 1172 186.4900 -456.7200
4.4827469378e-01 -2.1263173859e+00 1.0858014303e+00
168 179 181
2 25 1140 301.4000 -651.6300 39 1703 485.0699 -398.3700
-1.2193019144e-01 -1.9140419126e+00 1.0889327064e+00
144 146 143
2 25 1162 34.5200 -554.9700 39 1714 313.1801 -362.8800
-1.2193019144e-01 -1.9140419126e+00 1.0889327064e+00
144 146 143
2 25 1163 34.5200 -554.9700 39 1715 313.1801 -362.8800
1.1359941966e+00 -1.3810128931e+00 1.2886630647e+00
57 59 46
3 25 1247 633.4800 -280.9500 39 1832 572.8101 -154.2800 75 1009 759.2700 -461.2600
-2.5552615916e+00 -9.5129741501e-01 1.1108297000e+00
46 42 31
3 25 1250 -735.5600 -257.2200 39 1229 -237.4400 -238.8100 75 1015 -692.7100 -427.6000
-2.3122585224e+00 -4.6706189725e-01 1.2272643200e+00
138 140 135
3 25 1306 -605.5400 -108.1700 39 1266 -213.8000 -131.2400 75 1045 -556.1500 -273.4200
1.8896707184e+00 -7.3194350904e-01 1.4975028131e+00
81 82 71
2 25 1371 972.5500 11.8700 39 1428 634.4500 47.4100
1.8508943210e+00 -6.9923493267e-01 1.5019659043e+00
80 80 68
2 25 1374 949.8201 21.0000 39 1431 620.3101 51.7500
1.4262892111e-01 -4.9168779154e-02 1.5865144375e+00
151 145 133
2 25 1407 211.7300 104.6500 39 1441 163.3100 65.8900
1.4262892111e-01 -4.9168779154e-02 1.5865144375e+00
151 145 133
2 25 1408 211.7300 104.6500 39 1442 163.3100 65.8900
-4.8565019212e+00 9.9977416732e-01 1.2911564529e+00
34 32 19
3 25 1419 -1028.0000 123.2800 39 1378 -647.6000 2.4400 75 1123 -984.7300 -41.8100
-4.5672950931e+00 1.0545239839e+00 1.3270168116e+00
156 158 155
3 25 1433 -964.0200 146.3800 39 1400 -607.0600 21.8000 75 1134 -919.8400 -18.4900
3.7460636245e-01 2.0079341414e-01 1.6026679611e+00
160 171 164
2 25 1458 292.0300 193.7100 39 1479 207.7700 125.7400
-3.3053534137e+00 1.1268059643e+00 1.4487240515e+00
157 158 151
3 25 1469 -687.8500 216.6799 39 1458 -424.4100 87.0300 75 1161 -635.3600 53.2300
-1.0334099212e-01 5.0385268335e-01 1.6416488620e+00
163 168 156
2 25 1477 137.0000 235.8401 39 1490 103.6800 145.0700
-2.1080396749e-01 5.5189684300e-01 1.6476368967e+00
168 172 161
2 25 1479 104.6801 239.5100 39 1491 82.7700 145.8700
-5.9680706539e+00 3.5564040941e+00 1.7661800814e+00
153 162 163
3 25 1551 -953.1500 474.8000 39 1072 -690.2200 254.1000 75 1244 -899.3400 310.8400
8.8980657324e-01 -2.4037407146e+00 1.0545388455e+00
90 91 78
2 25 1684 547.1899 -805.3900 39 2383 652.9399 -466.7800
-6.7693531670e-01 -2.1638811351e+00 9.9680415431e-01
83 77 62
2 25 1705 -221.8700 -681.5400 39 1684 196.4400 -461.0500
-2.3679826882e+00 -3.9865956268e-01 1.2393841391e+00
61 63 51
3 25 1865 -614.4300 -90.8900 39 1870 -222.2600 -120.8400 75 1055 -563.8700 -255.8400
4.2116133071e-01 -2.9929596235e-01 1.5350149651e+00
156 155 150
2 25 1945 308.9200 54.7100 39 1417 233.3700 39.4400
-2.3028353378e+00 1.5736219742e-01 1.3638728046e+00
171 173 172
3 25 1946 -537.9600 54.4100 39 1943 -223.7600 -19.1200 75 1590 -483.5700 -107.4200
-4.4367998823e+00 7.4839892238e-01 1.2699152281e+00
138 145 140
3 25 1968 -974.1700 89.8900 39 1944 -598.2300 -17.1400 75 1607 -931.6000 -75.8300
-1.5646178232e-03 4.0522332045e-02 1.6082492744e+00
142 138 126
2 25 1982 164.9500 117.6000 39 1448 132.1500 71.8300
-1.5436298408e-01 1.2744859312e-01 1.6357606041e+00
147 143 130
2 25 1991 118.2000 127.7500 39 2039 100.9600 75.6000
8.7013054059e-02 1.1417695995e-01 1.6023666296e+00
143 143 133
2 25 2008 193.9301 146.0800 39 2059 149.4600 91.2500
1.3299381664e-02 1.6507444831e-01 1.6142063500e+00
146 143 131
2 25 2015 170.6200 153.5400 39 2062 132.9300 94.4900
-1.2678506018e-01 2.4096660926e-01 1.6312388665e+00
148 143 129
2 25 2022 127.1500 162.0300 39 2069 104.6100 97.9500
-4.3027927424e+00 1.0790483880e+00 1.3547865608e+00
68 66 53
3 25 2026 -907.0400 163.1699 39 993 -569.2700 35.8000 75 1141 -862.2700 -2.1400
2.9968958878e-01 2.5692407183e-01 1.6086754049e+00
177 182 180
2 25 2062 266.0900 203.4700 39 2111 190.9000 130.5400
-4.3600207440e+00 1.3323760500e+00 1.4128120929e+00
164 165 161
3 25 2068 -890.5900 208.3800 39 2028 -562.3300 68.1200 75 1699 -843.6000 44.9500
2.0878253584e-01 3.6787813808e-01 1.6244978090e+00
98 99 91
2 25 2087 236.1500 225.4700 39 2124 167.9700 143.2700
1.2345018286e-01 4.2270801918e-01 1.6328721374e+00
107 106 95
2 25 2096 208.6000 232.7000 39 2128 148.6600 146.4100
3.6085310529e-02 4.6947441621e-01 1.6372752317e+00
104 104 94
2 25 2097 180.6500 238.1599 39 2129 130.7700 148.6800
-2.9236352990e-01 5.8954006759e-01 1.6521834762e+00
171 175 171
2 25 2102 80.6899 242.7300 39 1492 67.3800 146.4200
9.6583898227e-01 6.9608528200e-01 1.7059854581e+00
79 73 66
2 25 2146 497.3700 373.2800 39 2175 313.0800 248.2500
2.1357228945e+00 7.2515032745e-01 1.8055906015e+00
138 139 132
2 25 2184 956.0200 464.5400 39 2224 534.1100 329.2100
-5.7126690499e+00 3.6566154398e+00 1.8100141455e+00
154 158 157
3 25 2215 -904.1700 498.0100 39 2197 -662.1000 274.1500 75 1859 -849.6000 334.5500
8.1054075538e-01 -2.4257348778e+00 1.0469111161e+00
67 61 50
2 25 2432 503.5900 -817.4500 39 2377 625.5800 -477.6600
3.7812529507e-01 -2.3685109265e+00 1.0331597462e+00
71 68 50
2 25 2449 266.8199 -782.6300 39 2378 485.0601 -477.5900
5.6494390118e-01 -2.2449668195e+00 1.0693267969e+00
126 123 108
2 25 2472 362.9600 -714.3000 39 2406 531.3101 -429.6899
5.6494390118e-01 -2.2449668195e+00 1.0693267969e+00
126 123 108
2 25 2473 362.9600 -714.3000 39 2407 531.3101 -429.6899
1.4152117590e-01 -2.2367623113e+00 1.0447425793e+00
130 134 129
2 25 2476 149.6000 -711.0500 39 2400 404.0000 -446.1600
5.5154901067e-01 -2.2020820355e+00 1.0769107199e+00
80 77 68
2 25 2483 355.0900 -691.1600 39 3422 523.6400 -416.9100
-5.2429847960e-01 -2.1739125852e+00 1.0081366118e+00
61 58 48
2 25 2486 -154.3900 -684.8600 39 3376 228.9000 -456.7300
3.3266941569e-01 -2.0834988875e+00 1.0865428134e+00
166 171 172
2 25 2496 243.5200 -630.7200 39 3461 448.5400 -391.1000
-1.9751055187e-01 -2.0401859636e+00 1.0597354775e+00
119 114 97
2 25 2500 -3.1400 -615.6000 39 3442 300.7600 -402.1200
-1.6095794378e+00 -1.8666626875e+00 9.8856033495e-01
144 145 140
2 25 2515 -550.6300 -561.5300 39 1700 -31.2200 -415.8300
-9.5458121419e-01 -1.8868837113e+00 1.0335977322e+00
150 154 152
2 25 2519 -310.2000 -557.9500 39 2427 113.2600 -393.1500
-6.2614608980e-01 -1.8296965680e+00 1.0689235927e+00
132 134 123
3 25 2557 -175.9200 -526.3000 39 2462 187.0800 -362.3500 75 2092 -105.7900 -714.7000
-7.8939038364e-01 -1.8228635297e+00 1.0583153330e+00
128 128 118
3 25 2561 -241.0900 -526.6200 39 2457 148.9200 -368.1000 75 2096 -175.2700 -714.4399
-8.7739609246e-01 -1.8192196284e+00 1.0528075219e+00
129 132 124
2 25 2563 -275.3400 -526.9900 39 2451 128.5900 -370.9500
1.5970964466e+00 -1.6494998168e+00 1.2581152287e+00
146 152 148
2 25 2640 904.4299 -384.4399 39 3764 752.2800 -198.5000
8.8168801568e-01 -1.3623890386e+00 1.2755468741e+00
97 91 77
3 25 2697 508.5601 -283.0300 39 3808 502.2600 -164.2900 75 2233 622.0699 -462.2100
-1.8588924808e+00 -1.0104278384e+00 1.1504857820e+00
122 123 114
2 25 2713 -533.2300 -252.6899 39 2562 -112.1700 -220.8200
1.0208995529e+00 -1.2403316341e+00 1.3071712928e+00
141 144 142
3 25 2728 571.5800 -228.1100 39 2692 528.9900 -127.5700 75 2248 688.8500 -403.7000
-3.7503765479e+00 -6.7488797603e-01 1.0758873514e+00
71 62 44
2 25 2738 -1004.1000 -216.8300 39 2550 -438.5800 -233.8600
-3.8947072525e+00 -6.5833654014e-01 1.0685378087e+00
74 68 49
2 25 2739 -1035.5400 -216.9399 39 2543 -460.1000 -236.0400
-1.5096306087e+00 -8.9687945345e-01 1.2009725254e+00
133 129 112
3 25 2750 -410.8100 -203.2200 39 2598 -50.0500 -179.7100 75 2263 -353.7000 -372.0400
-1.5919456689e+00 -8.4322736134e-01 1.2055334105e+00
82 76 62
2 25 2764 -433.6300 -189.3101 39 2617 -67.4100 -172.3300
-1.8119628846e+00 -8.1310164637e-01 1.1979598561e+00
92 86 70
2 25 2765 -498.1400 -187.8600 39 2602 -107.9000 -176.4900
-8.8924768626e-01 -9.1300342717e-01 1.2294596276e+00
98 94 82
2 25 2772 -209.4700 -186.0200 39 2641 70.4700 -154.6300
-1.0790916515e+00 -8.9555293305e-01 1.2226775101e+00
80 74 60
2 25 2775 -273.0900 -187.2900 39 2633 31.8200 -159.6900
-1.1788168271e+00 -8.8419203939e-01 1.2194884686e+00
80 75 55
2 25 2776 -305.6100 -187.1600 39 2629 12.1200 -161.9300
-1.7076510463e+00 -8.2508677266e-01 1.2041902989e+00
92 86 71
3 25 2778 -466.3400 -187.4399 39 2612 -87.7800 -173.7500 75 2305 -412.0600 -355.3700
-1.7031550765e+00 -8.2481089114e-01 1.2026346548e+00
92 86 71
2 25 2779 -466.3400 -187.4399 39 2613 -87.7800 -173.7500
-1.4739496310e-02 -1.0089402749e+00 1.2726954753e+00
90 85 64
3 25 2795 116.2100 -185.1801 39 3854 263.3199 -131.6000 75 2279 201.2400 -355.6899
-5.3268676148e-01 -9.4943520800e-01 1.2474095044e+00
97 91 75
3 25 2798 -80.0300 -185.3500 39 2661 147.9200 -144.8200 75 2299 -5.8200 -354.8101
1.0055365377e+00 -1.1290633244e+00 1.3268190361e+00
104 96 81
2 25 2810 560.2800 -182.2300 39 2729 514.2000 -101.0000
9.4044646870e-01 -1.1216152545e+00 1.3235771564e+00
99 92 76
2 25 2811 529.0500 -182.4900 39 2727 496.9301 -102.9700
1.9347901100e+00 -1.2399286967e+00 1.3676684014e+00
96 90 74
2 25 2816 1051.9099 -180.0200 39 3970 777.2100 -69.1300
1.9635169619e+00 -1.2419143874e+00 1.3690043986e+00
145 142 134
2 25 2824 1068.2200 -179.2000 39 3973 785.4600 -67.7500
1.4379379240e+00 -1.0933779197e+00 1.3600865083e+00
96 92 83
2 25 2893 772.0100 -145.7100 39 3979 631.6000 -66.5600
1.3775822093e+00 -1.0851195346e+00 1.3573248852e+00
94 89 70
2 25 2894 740.7600 -145.6700 39 3971 614.8500 -68.3500
9.0312162014e-01 -6.7235229767e-01 1.4554393423e+00
156 161 157
2 25 2990 504.6000 -27.3200 39 1953 383.3101 -3.5200
7.2731269598e-01 -2.8289521586e-01 1.5266694220e+00
143 144 136
2 25 3062 425.0000 83.2600 39 2874 310.7900 61.6800
5.5564375233e-01 -1.4811486349e-01 1.5498686587e+00
131 130 125
2 25 3086 357.8900 109.8900 39 2896 262.1400 75.9200
-4.7743732508e+00 9.9749869465e-01 1.2977420437e+00
129 131 118
3 25 3100 -1011.6100 126.1500 39 1962 -636.3500 5.7300 75 2521 -969.1800 -38.8800
-1.4862613726e+00 2.3713645415e-01 1.2840160349e+00
75 75 66
2 25 3103 -332.7300 131.5100 39 2854 -167.3100 50.2100
-1.4309464101e+00 2.5632097845e-01 1.2848945990e+00
76 76 66
2 25 3115 -316.3300 142.4900 39 2872 -158.5900 59.2900
-1.4309464101e+00 2.5632097845e-01 1.2848945990e+00
76 76 66
2 25 3116 -316.3300 142.4900 39 2873 -158.5900 59.2900
4.6131826704e-01 2.7487322824e-03 1.5724742159e+00
69 66 54
2 25 3118 322.5699 146.3100 39 2915 234.9900 96.5100
3.3852675333e-01 1.0719658934e-01 1.5901539601e+00
70 70 62
2 25 3138 279.1700 165.1699 39 2921 203.2100 106.9200
2.0720124593e-01 1.6191956519e-01 1.6012428207e+00
137 136 122
2 25 3142 234.4000 169.3900 39 2924 173.1100 107.3700
-4.3935836491e+00 1.2381063304e+00 1.3874499178e+00
93 88 75
3 25 3164 -908.0600 189.3700 39 2011 -571.0800 54.5200 75 2575 -861.6000 25.1500
-4.8946771760e+00 1.3724137392e+00 1.3766948723e+00
142 143 128
3 25 3176 -990.4900 192.6599 39 2857 -631.9100 51.5200 75 2586 -946.1500 28.6600
-4.6821074867e+00 1.3505740397e+00 1.3887275186e+00
143 142 128
3 25 3184 -952.4700 197.6799 39 2870 -606.1400 57.4700 75 2591 -906.6800 33.8500
-5.3417029875e+00 1.5071182510e+00 1.3723021698e+00
157 159 148
2 25 3187 -1058.1500 198.4800 39 2860 -678.5100 51.3000
-5.1834838101e+00 1.5659308974e+00 1.3979837090e+00
106 107 96
2 25 3221 -1022.9400 215.5300 39 2026 -658.0700 65.6000
2.0208719654e+00 -1.4339799645e-01 1.6217883414e+00
92 91 82
2 25 3222 980.6201 217.4299 39 3038 602.4600 174.3700
-3.0063362094e-01 5.0916707391e-01 1.6458198257e+00
137 137 128
2 25 3227 76.6400 221.3800 39 2962 68.7800 132.5300
3.5770941542e-01 4.2166070563e-01 1.6398640629e+00
174 180 177
2 25 3246 287.4399 249.6799 39 3007 193.1000 161.5200
7.1845841844e-02 6.3564084060e-01 1.6631658648e+00
47 48 41
2 25 3271 194.6100 282.1699 39 3053 130.2900 178.1700
-1.0082220868e-01 6.9513813423e-01 1.6652292059e+00
55 57 46
2 25 3276 140.9000 284.2200 39 3046 97.3600 176.8100
-6.0654535436e+00 2.2475116128e+00 1.4780415287e+00
82 80 67
2 25 3304 -1096.1000 289.2600 39 2086 -731.2900 112.4900
-4.4806720809e+00 1.8356808918e+00 1.5172429289e+00
82 82 69
3 25 3312 -860.7600 291.4299 39 2105 -563.2800 128.0400 75 2715 -811.5800 128.8200
2.3050490864e+00 1.8739172416e-01 1.7073630801e+00
167 179 185
2 25 3355 1079.2100 337.2800 39 3112 630.3300 253.0600
1.1370930199e+00 6.3164825012e-01 1.7059802528e+00
64 63 52
2 25 3377 562.7400 369.8500 39 3109 351.3199 249.1000
