# Bundle file v0.3
90 18077
0 0 0
0 0 0
0 0 0
0 0 0
0 0 0
0 0 0
0 0 0
0 0 0
0 0 0
0 0 0
2.0273132156e+03 4.0551285794e-02 6.2636388500e-02
8.5079084923e-01 2.3652011023e-01 -4.6926875917e-01
3.7967047953e-02 8.6298761490e-01 5.0379646663e-01
5.2413112305e-01 -4.4644217317e-01 7.2524199539e-01
1.2971245164e+00 -2.1896040810e+00 -1.3041012797e+01
0 0 0
0 0 0
0 0 0
0 0 0
0 0 0
1.9297978366e+03 -2.0933362667e-02 4.4869226291e-02
8.5945457306e-01 2.1390945084e-01 -4.6430656218e-01
-1.5579812625e-02 9.1878455036e-01 3.9445179611e-01
5.1097466305e-01 -3.3177959078e-01 7.9298625263e-01
1.0954853489e+00 -4.2028945202e-01 -1.3234883228e+01
2.1542798395e+03 2.8991037261e-02 -2.8259987116e-03
8.3770779178e-01 2.1902718150e-01 -5.0027267501e-01
1.4875899993e-02 9.0655957412e-01 4.2181565426e-01
5.4591607706e-01 -3.6080026655e-01 7.5617379250e-01
9.3623651918e-01 -1.0551140774e+00 -1.3823971936e+01
0 0 0
0 0 0
0 0 0
0 0 0
0 0 0
1.8855813811e+03 -1.1051824901e-02 2.3311972990e-02
8.6500576933e-01 2.0516015186e-01 -4.5790209774e-01
-4.5900085030e-02 9.4111617009e-01 3.3495303640e-01
4.9965808431e-01 -2.6871856372e-01 8.2348778515e-01
9.5457384264e-01 5.1519550543e-01 -1.3242380047e+01
0 0 0
0 0 0
0 0 0
0 0 0
0 0 0
0 0 0
0 0 0
0 0 0
0 0 0
0 0 0
2.1468085448e+03 -6.0712616959e-02 9.1064297641e-03
8.3845368158e-01 2.1904818631e-01 -4.9901234044e-01
-3.8138976613e-01 8.8991668306e-01 -2.5018022204e-01
3.8927788292e-01 4.0008272804e-01 8.2969665577e-01
5.0381862529e-01 8.7547191568e+00 -1.0022267088e+01
1.2321585586e+03 -4.0433692244e-02 -1.9836973907e-01
7.4770292912e-01 1.8958136309e-01 -6.3639550325e-01
-1.3055024832e-01 9.8164289768e-01 1.3904623005e-01
6.5107369971e-01 -2.0883682518e-02 7.5872716398e-01
1.0178196825e+00 4.0312448560e+00 -6.5359077293e+00
0 0 0
0 0 0
0 0 0
0 0 0
0 0 0
1.5772989409e+03 -1.2643428540e-01 -7.4596273807e-02
7.6487492163e-01 1.1607181287e-01 -6.3363529614e-01
2.0149167871e-01 8.9116835461e-01 4.0647271391e-01
6.1185574907e-01 -4.3857302471e-01 6.5824482097e-01
6.9226477835e-01 -3.4057681029e+00 -1.3067678170e+01
1.5757393749e+03 2.3473217636e-01 -5.1803918299e-01
9.4036780559e-01 2.3561037659e-01 -2.4534901804e-01
-1.5350972957e-01 9.3759489535e-01 3.1201053690e-01
3.0355090699e-01 -2.5574120250e-01 9.1785253947e-01
1.2243498916e+00 -3.2462269856e-01 -1.2860265083e+01
6.2627528641e+02 -1.8137612621e-01 2.0006757861e-01
7.8994741401e-01 2.1652434644e-01 -5.7367263356e-01
-8.7188789687e-02 9.6573564780e-01 2.4444380441e-01
6.0694414739e-01 -1.4307992857e-01 7.8175887330e-01
2.1281557404e+00 -2.3733599997e-01 -2.0824086304e+01
1.9596241740e+03 1.6560106388e-01 3.1013151964e-01
8.4624489432e-01 2.1671545296e-01 -4.8672784108e-01
-1.1480958500e-01 9.6624941500e-01 2.3060968583e-01
5.2027717423e-01 -1.3927124777e-01 8.4256464531e-01
8.7062956534e-01 2.0760528706e+00 -1.2738579330e+01
0 0 0
0 0 0
0 0 0
0 0 0
0 0 0
0 0 0
0 0 0
0 0 0
0 0 0
0 0 0
8.1425416805e+02 8.7632261542e-02 -1.3094519271e-01
9.7933251631e-01 1.1348967200e-01 -1.6741540204e-01
3.7579332048e-02 7.1122301074e-01 7.0196126872e-01
1.9873504043e-01 -6.9374485464e-01 6.9225895471e-01
8.9251156022e-01 7.4996314810e-02 -5.3116330552e+00
9.9313013526e+02 3.8702476551e-02 -3.5847423464e-01
8.7356645853e-01 2.5149625499e-01 -4.1669086414e-01
1.8384964998e-01 6.2220162036e-01 7.6096284392e-01
4.5064503629e-01 -7.4136008616e-01 4.9729696754e-01
8.5525579596e-01 -1.9676743986e+00 -7.2342184685e+00
1.2098348084e+03 -8.4795022149e-02 -2.3776070197e-01
8.7059106440e-01 2.2911088785e-01 -4.3540716538e-01
-3.1235904457e-02 9.0891328081e-01 4.1581361960e-01
4.9101478274e-01 -3.4840328506e-01 7.9844826639e-01
1.3486088372e+00 -3.1228770937e+00 -2.0642770591e+01
0 0 0
0 0 0
0 0 0
0 0 0
0 0 0
2.3855971641e+03 -5.3232856145e-02 9.5205714102e-02
8.7129103079e-01 2.1194376606e-01 -4.4264181874e-01
-1.9980237165e-01 9.7699884717e-01 7.4513521692e-02
4.4825322303e-01 2.3517922052e-02 8.9359719974e-01
5.2239806644e-01 4.6100281505e+00 -8.5141731063e+00
0 0 0
0 0 0
0 0 0
0 0 0
0 0 0
-1.8321693093e+03 6.0820462593e-02 -1.3141522682e-01
9.0876038741e-01 3.4311981974e-02 4.1590533319e-01
1.6865316386e-01 8.8140572682e-01 -4.4122562827e-01
-3.8172066829e-01 4.7111212319e-01 7.9519978545e-01
-2.0287606935e-01 1.0146869301e+00 3.8811644360e+00
1.2798662103e+03 -2.4555573023e-01 3.6476527701e-01
8.6712789831e-01 2.0738471908e-01 -4.5285846163e-01
-6.9786525012e-02 9.5081506221e-01 3.0179555730e-01
4.9317243324e-01 -2.3009192896e-01 8.3895092545e-01
-7.8374944345e-01 -4.0519178882e-01 -1.9838047639e+01
1.4766594298e+03 1.5446812068e-02 -1.3242381975e-01
8.1156048788e-01 1.7228121219e-01 -5.5829092634e-01
1.0864465662e-01 8.9437491960e-01 4.3392377416e-01
5.7407831617e-01 -4.1281071585e-01 7.0712191296e-01
7.3608734266e-01 -5.8058593757e+00 -2.3725841214e+01
0 0 0
0 0 0
0 0 0
0 0 0
0 0 0
0 0 0
0 0 0
0 0 0
0 0 0
0 0 0
1.8565882646e+03 -2.8536131138e-02 1.0938481958e-01
7.7955549262e-01 2.0441961675e-01 -5.9203534878e-01
-1.1427603563e-01 9.7579507526e-01 1.8645363709e-01
6.1581995876e-01 -7.7695504304e-02 7.8404667400e-01
9.3837889166e-01 2.9665418529e+00 -9.7191805387e+00
0 0 0
0 0 0
0 0 0
0 0 0
0 0 0
7.1879554184e+02 -5.4585062833e-02 -4.5637466719e-03
7.9523160146e-01 1.7450095974e-01 -5.8065145750e-01
4.2615875826e-03 9.5605511011e-01 2.9315604258e-01
6.0629080392e-01 -2.3560144626e-01 7.5954158517e-01
1.6099165839e+00 -6.6049568846e-01 -1.8171843248e+01
2.5661344677e+03 1.3471125888e-01 -5.1070143265e-01
8.6351288651e-01 2.1660569539e-01 -4.5544205730e-01
-6.2407559009e-02 9.4202206512e-01 3.2969641399e-01
5.0045058838e-01 -2.5627407505e-01 8.2696602533e-01
1.1419576715e+00 2.4480728224e+00 -8.4055123503e+00
3.1493474707e+03 1.3975528928e-01 -3.6966782511e-01
7.9287629424e-01 2.3835973831e-01 -5.6083136252e-01
2.9144993722e-03 9.1883332965e-01 3.9463504408e-01
6.0937565403e-01 -3.1453131398e-01 7.2782646613e-01
1.0284996996e+00 2.8559737345e+00 -5.8714924930e+00
1.1114854817e+03 -8.2174059483e-02 3.7824240137e-01
8.4965706306e-01 1.7181905208e-01 -4.9855901209e-01
1.1713179517e-01 8.6032111221e-01 4.9611261469e-01
5.1416244296e-01 -4.7992269923e-01 7.1085243547e-01
1.3566328029e+00 -2.5754990944e+00 -1.2964292619e+01
6.9989663667e+02 -1.9979490045e-01 3.1055144029e-01
7.0509306178e-01 2.1133991035e-01 -6.7688936801e-01
8.6819819279e-03 9.5191104023e-01 3.0625152192e-01
7.0906163161e-01 -2.2181256452e-01 6.6935102061e-01
3.5861673805e+00 -1.2522441746e+00 -1.8920608378e+01
2.1014511515e+03 6.0191932760e-02 -2.3305091763e-01
8.2354851468e-01 2.0942086462e-01 -5.2717240579e-01
-5.8131730880e-02 9.5562005450e-01 2.8880964892e-01
5.6425928954e-01 -2.0720331297e-01 7.9917347382e-01
1.0458752799e+00 8.8204055481e-01 -1.3916580071e+01
7.2886478048e+02 -9.9718638711e-02 -1.0832209895e-01
8.5285436728e-01 2.0338663679e-01 -4.8090883147e-01
-9.6867384057e-02 9.6665992001e-01 2.3703440456e-01
5.1308492291e-01 -1.5557144665e-01 8.4412166592e-01
1.4144122702e+00 3.4787063378e+00 -6.5459834691e+00
-6.8361351718e+01 1.5171763082e-04 -2.5158668332e-06
9.5828953287e-01 -2.8310391395e-01 3.9157950588e-02
2.7152124701e-01 9.4459406607e-01 1.8444040439e-01
-8.9204168138e-02 -1.6611509339e-01 9.8206333408e-01
8.4552745447e-01 1.1438960696e-01 -1.1104993663e+00
1.0982479669e+03 -1.2211624508e-01 3.2089069086e-02
6.1460496890e-01 1.1749263990e-01 -7.8003603235e-01
-2.9767175575e-01 9.5028238656e-01 -9.1405205629e-02
7.3051506352e-01 2.8837278886e-01 6.1902251705e-01
1.1958207575e+00 4.2059211605e+00 -8.6419214661e+00
0 0 0
0 0 0
0 0 0
0 0 0
0 0 0
2.5133510625e+03 -1.4488195595e-01 -1.5102553823e-01
8.3597842537e-01 1.7715729140e-01 -5.1937979015e-01
1.8999324255e-01 7.9448305137e-01 5.7680087454e-01
5.1482292111e-01 -5.8087173730e-01 6.3051200203e-01
-1.3770247397e-01 -3.3880663517e+00 -1.0634030230e+01
1.8002491517e+03 -5.4169248589e-02 -2.3720256381e-01
8.6347611088e-01 1.9440391081e-01 -4.6542037492e-01
-6.6890221811e-04 9.2318012421e-01 3.8436702621e-01
5.0438929261e-01 -3.3158042422e-01 7.9727402050e-01
9.1125894570e-01 -1.4210618094e+00 -1.6876272101e+01
1.9321360483e+03 -2.6845065064e-01 4.1879658689e-01
8.4578869004e-01 1.7192512170e-01 -5.0505766436e-01
5.0387144021e-02 9.1668313039e-01 3.9642549638e-01
5.3113334250e-01 -3.6074061456e-01 7.6665740817e-01
-8.2443260484e-01 -4.8474130603e+00 -2.3653708618e+01
0 0 0
0 0 0
0 0 0
0 0 0
0 0 0
1.2163960070e+03 2.9679128239e+00 -7.1336388999e+00
6.6766692922e-01 1.4861875889e-02 -7.4431176014e-01
1.9496641691e-01 9.6141480470e-01 1.9408675789e-01
7.1847683881e-01 -2.7470110658e-01 6.3900730366e-01
3.4886650292e-01 1.0742609719e+00 -1.1985012931e+01
1.2137706340e+03 -1.3411430963e-01 2.6214903236e-02
8.4352072614e-01 2.0313869688e-01 -4.9719961224e-01
-2.3119352406e-01 9.7289355821e-01 5.2610667043e-03
4.8479102612e-01 1.1051151171e-01 8.6762023188e-01
-1.7970993013e-01 5.5218225421e+00 -1.6067289316e+01
1.6819793477e+03 -7.0693285206e-02 -2.8034686122e-01
4.3000473314e-02 8.8066860198e-01 4.7177724912e-01
-8.5968137971e-01 -2.0797203932e-01 4.6657856385e-01
5.0901756814e-01 -4.2564121552e-01 7.4815150269e-01
-1.7861145637e+00 -1.0943784228e+00 -1.3120030127e+01
3.3662428336e+02 -1.8866841313e-02 -1.1807050932e-02
7.5989723521e-01 1.5542515923e-01 -6.3118872914e-01
3.6370624938e-02 9.5930814044e-01 2.8000905221e-01
6.4902493755e-01 -2.3573483314e-01 7.2332269347e-01
-6.9643014494e-02 -6.3425488848e-01 -1.4581659130e+01
1.5693887275e+03 -2.6425902375e-02 -1.6802984504e-01
8.9276230278e-01 1.7862901472e-01 -4.1360264245e-01
-8.2805869337e-02 9.6745894962e-01 2.3909489499e-01
4.4285286354e-01 -1.7920618266e-01 8.7850241056e-01
-2.6376286235e+00 -4.2055468071e-01 -2.0588960118e+01
1.5385167600e+03 -4.4848880583e-01 -1.8203752254e-01
9.2006059426e-01 1.9183464676e-01 -3.4159621073e-01
-1.7467046565e-01 9.8131984552e-01 8.0632432775e-02
3.5068323501e-01 -1.4519954823e-02 9.3638156731e-01
-1.8455504303e+00 4.3148349494e+00 -7.5109614290e+00
2.0940866850e+03 -3.1289656086e-01 1.7617957921e+00
6.9414022784e-01 6.0628850957e-02 -7.1728201324e-01
3.2696109486e-01 8.6117189526e-01 3.8920355762e-01
6.4130007527e-01 -5.0468515854e-01 5.7795078010e-01
3.2431100298e-01 -3.4939845750e+00 -1.1242866105e+01
2.6902127475e+03 -2.9312246714e-01 7.0658872363e-01
8.2719180529e-01 2.3549881816e-01 -5.1019018406e-01
1.2709587115e-01 8.0600116366e-01 5.7810791701e-01
5.4735761327e-01 -5.4304919742e-01 6.3678663018e-01
1.2291606726e+00 -2.8236458497e+00 -1.1443553827e+01
2.4987647483e+03 -1.9920270147e-01 3.3738909575e-01
7.9847460804e-01 2.2458212143e-01 -5.5857065001e-01
-1.5542284750e-01 9.7326048115e-01 1.6913832892e-01
5.8162018431e-01 -4.8238019934e-02 8.1202897401e-01
1.0727988387e+00 4.5332531560e+00 -3.3305766596e+00
2.6970964804e+03 -6.5109689150e-02 -3.5455121529e-01
8.4623026270e-01 2.5055566026e-01 -4.7022994757e-01
-2.8429101795e-01 9.5873773050e-01 -7.6238810192e-04
4.5063617209e-01 1.3432730635e-01 8.8254360525e-01
3.6059186684e+00 5.2314534164e+00 -1.3947125698e+01
1.1442073188e+03 -4.7226539735e-03 2.9058811088e-01
8.3945106878e-01 2.2255226125e-01 -4.9577453963e-01
3.3476874853e-02 8.8938704770e-01 4.5592760196e-01
5.4240317291e-01 -3.9932589497e-01 7.3914655355e-01
1.5999609449e+00 -1.5169497892e+00 -1.3102840166e+01
2.4468884003e+03 -3.4488621123e-02 -6.6101476597e-02
8.2915603339e-01 2.1235413506e-01 -5.1711313426e-01
-5.7855653507e-02 9.5267028531e-01 2.9844941085e-01
5.5601528365e-01 -2.1754321135e-01 8.0219820216e-01
5.4297368303e-01 8.7537213266e-02 -1.5877488356e+01
0 0 0
0 0 0
0 0 0
0 0 0
0 0 0
0 0 0
0 0 0
0 0 0
0 0 0
0 0 0
8.2202865672e+02 -8.0520557569e-02 -4.0486099639e-02
8.1412892699e-01 2.0140738070e-01 -5.4463672042e-01
4.2750964080e-02 9.1458813111e-01 4.0212051118e-01
5.7910831915e-01 -3.5066168516e-01 7.3598229412e-01
1.5526618640e+00 -2.3450844027e+00 -1.7620956892e+01
0 0 0
0 0 0
0 0 0
0 0 0
0 0 0
0 0 0
0 0 0
0 0 0
0 0 0
0 0 0
1.6066055316e+03 1.0320134278e-01 -8.0465303575e-01
8.5305760043e-01 2.2177095215e-01 -4.7234560984e-01
1.3712712978e-03 9.0423854610e-01 4.2702549264e-01
5.2181495759e-01 -3.6492505605e-01 7.7106345621e-01
2.2413166600e+00 -3.0675253346e+00 -1.9471957612e+01
0 0 0
0 0 0
0 0 0
0 0 0
0 0 0
0 0 0
0 0 0
0 0 0
0 0 0
0 0 0
0 0 0
0 0 0
0 0 0
0 0 0
0 0 0
2.1755847751e+03 -2.0295043820e-01 4.6073393868e-01
8.0842329766e-01 2.1438419558e-01 -5.4817076580e-01
1.8275054426e-01 7.9386289516e-01 5.7998615696e-01
5.5951229689e-01 -5.6905282741e-01 6.0259843117e-01
6.7336920193e-01 -3.9260977263e+00 -1.0916425951e+01
1.8124960334e+03 -8.9219728081e-01 1.4260964633e+00
7.2413346494e-01 8.9750582089e-02 -6.8379496779e-01
1.5496026856e-01 9.4496933954e-01 2.8813236974e-01
6.7202532700e-01 -3.1460734311e-01 6.7037614780e-01
-1.7937365321e-01 -2.7572045463e+00 -1.2730870006e+01
3.8744630718e+03 -1.5819772471e-01 -8.8383622906e-02
9.4637139582e-01 1.8449025857e-01 -2.6522542423e-01
-1.4947711613e-01 9.7780696551e-01 1.4679962516e-01
2.8642236805e-01 -9.9281834627e-02 9.5294561461e-01
-3.4877299267e+00 2.9423866821e+00 -1.6236686397e+01
1.8816535200e+03 -7.3150030281e-02 6.8309321491e-02
8.1273524921e-01 1.8881898975e-01 -5.5118853744e-01
-7.5678147455e-02 9.7222748255e-01 2.2146453480e-01
5.7769735389e-01 -1.3827910647e-01 8.0445301666e-01
4.0888926877e-01 9.7608158971e-01 -1.5644330930e+01
0 0 0
0 0 0
0 0 0
0 0 0
0 0 0
9.2309470398e+02 -5.5364446138e-02 1.9764471497e-01
7.6117200757e-01 3.0065297923e-01 -5.7465203469e-01
2.6798724236e-01 6.6106886172e-01 7.0083578533e-01
5.9059293326e-01 -6.8745599579e-01 4.2261594981e-01
-2.2996838887e-01 -2.4819454202e-01 -6.8594104379e+00
0 0 0
0 0 0
0 0 0
0 0 0
0 0 0
3.4516051209e+03 5.0375589173e-01 -7.0038436246e-02
9.7453091939e-01 2.2282407125e-01 -2.5276875367e-02
-1.9242863511e-01 8.8878293017e-01 4.1597610921e-01
1.1515514555e-01 -4.0051758553e-01 9.0902417797e-01
-1.0306896671e+00 3.0583488254e+00 -5.4847423682e+00
1.9638805221e+03 1.2340452529e-01 -3.0006178636e-01
9.5268747786e-01 1.9459779974e-01 -2.3349146849e-01
9.2472025326e-02 5.4621022201e-01 8.3252826853e-01
2.8954359612e-01 -8.1473068539e-01 5.0237278612e-01
9.8012988601e-01 -1.3347113374e+00 -6.0219492949e+00
0 0 0
0 0 0
0 0 0
0 0 0
0 0 0
0 0 0
0 0 0
0 0 0
0 0 0
0 0 0
0 0 0
0 0 0
0 0 0
0 0 0
0 0 0
0 0 0
0 0 0
0 0 0
0 0 0
0 0 0
1.7612351603e+03 -1.0126943541e-01 -7.5321582935e-02
8.1301220347e-01 2.4550982193e-01 -5.2795462337e-01
-6.6702636318e-03 9.1062205798e-01 4.1318636850e-01
5.8220843740e-01 -3.3240396337e-01 7.4198446112e-01
2.5903112757e+00 -2.4102702916e+00 -1.8371495676e+01
0 0 0
0 0 0
0 0 0
0 0 0
0 0 0
1.8406009965e+03 -1.7339663834e-01 1.8684691921e-01
7.5737181739e-01 2.2878940824e-01 -6.1159082474e-01
-2.6409683437e-02 9.4657560516e-01 3.2139874352e-01
6.5244958338e-01 -2.2726643041e-01 7.2295194222e-01
2.2426901619e+00 -1.2605599014e+00 -1.8673772958e+01
0 0 0
0 0 0
0 0 0
0 0 0
0 0 0
5.7886753235e+02 -1.6548807855e-01 4.8515139195e-02
8.9301989669e-01 1.3613949550e-01 -4.2893064927e-01
4.2019779095e-02 9.2375310916e-01 3.8067641310e-01
4.4805111571e-01 -3.5797518223e-01 8.1920935458e-01
-2.4373586200e+00 -2.2928113036e+00 -1.7470486556e+01
1.0230709613e+03 -9.3128708922e-02 -6.2027939214e-02
8.4183677641e-01 2.1507885931e-01 -4.9502719739e-01
1.4984538885e-02 9.0750486608e-01 4.1977420315e-01
5.3952414725e-01 -3.6079911629e-01 7.6074811351e-01
6.7641338722e-01 -2.3758368274e+00 -1.7208305150e+01
0 0 0
0 0 0
0 0 0
0 0 0
0 0 0
5.9653518413e+02 -9.1707365619e-02 9.1234441919e-02
8.2400176250e-01 2.0279386483e-01 -5.2905174018e-01
-3.7385718817e-02 9.5117720931e-01 3.0637268891e-01
5.6535245947e-01 -2.3267265605e-01 7.9135329133e-01
9.8605554455e-01 -4.9270842846e-01 -1.8089404027e+01
0 0 0
0 0 0
0 0 0
0 0 0
0 0 0
1.6699919327e+03 -1.4390677349e-01 -2.5978241627e-02
8.5617236456e-01 2.1935921459e-01 -4.6781451147e-01
-1.1338436930e-02 9.1316442150e-01 4.0743365001e-01
5.1656589320e-01 -3.4352914619e-01 7.8431333260e-01
1.1873435209e-01 -2.3339987187e+00 -1.8181933002e+01
1.3510030526e+00 1.2617948215e+00 1.8612550987e+00
99 99 89
4 25 3516 623.6600 520.8000 39 3187 332.3600 353.2200 75 2887 720.7600 361.2400 20 3746 235.7400 70.1200
5.1182650623e-01 -6.6120819670e-01 1.4674925787e+00
121 120 107
2 25 1894 344.7100 -48.8100 39 1940 272.6801 -24.6700
1.9276046199e+00 -1.1890366941e-01 1.6219769735e+00
169 174 167
3 25 2078 932.9199 214.9299 39 2136 576.5900 170.3900 20 2381 336.7100 -74.8600
4.4075196428e-02 -1.9773143600e+00 1.0883205226e+00
168 173 175
17 25 2509 108.1200 -581.2300 39 2448 360.3000 -372.6100 19 2225 138.9200 -145.0700 33 4261 91.6000 341.8800 7 9070 16.0800 -155.6500 16 17222 -11.7500 68.3400 30 7509 -13.6300 263.1900 2 5120 68.6300 -595.6500 10 11494 -93.2800 1415.8101 23 2379 -106.3600 860.5000 37 21490 12.4200 -113.6801 48 5868 -439.6700 -33.3800 57 15091 -70.7300 -244.2400 4 10938 35.2700 -297.3000 70 13515 -69.6400 -88.1899 14 31752 73.1000 -257.7200 55 6242 528.2300 671.4900
2.0963808340e+00 -2.0480794446e-01 1.6154193682e+00
169 172 165
3 25 2059 1020.0100 200.8301 39 2134 626.4700 165.9200 20 2359 368.5700 -81.1500
-1.5335905792e+00 5.1767431546e-01 1.3845261503e+00
94 91 82
2 25 3178 -313.2800 195.0400 39 2912 -166.9800 93.5200
1.7476315074e-01 -2.0524123256e+00 1.0825727554e+00
76 68 45
6 25 2502 166.1100 -614.6000 39 1706 400.0800 -387.6900 33 4258 129.8700 316.9000 11 3194 21.1400 466.7800 30 16217 8.3600 248.9900 10 48904 -71.2600 1398.2700
1.6389182131e+00 -2.0463576936e-01 1.5874183055e+00
107 98 81
4 25 3143 806.7300 170.7700 39 2967 513.8900 136.8800 75 2550 925.9800 4.7400 20 3334 287.1100 -95.0400
-8.2527313815e-02 -2.0107577213e+00 1.0735831660e+00
82 76 56
4 25 115 48.2600 -598.9000 39 107 327.4301 -388.1700 19 86 105.6500 -156.2700 33 348 54.0200 332.8500
3.0948467147e-01 -2.0358428106e+00 1.0944953959e+00
154 155 155
3 25 114 231.2100 -607.2400 39 108 437.7300 -376.9400 19 142 209.7600 -158.1600
6.0623059893e-01 -1.4008783883e+00 1.2482261984e+00
159 160 152
4 25 328 377.7700 -309.3400 39 548 436.3199 -188.9400 75 271 484.1600 -489.5601 19 405 272.8800 -3.6700
-3.9307703432e-02 -2.1108407345e+00 1.0586462430e+00
138 140 135
3 25 450 66.9500 -646.5900 39 742 342.1300 -414.5400 19 593 116.3800 -182.5500
3.7948033558e-01 -1.3469101777e+00 1.2431623824e+00
135 135 130
4 25 790 274.4700 -295.5800 39 829 375.0400 -186.4000 75 447 372.0601 -473.9399 19 652 217.1800 2.1000
6.3255500238e-01 4.8700284578e-01 1.6569940353e+00
141 148 140
3 25 1003 385.9700 291.1400 39 1049 244.4600 193.2000 19 740 240.7400 294.8800
7.8502804532e-02 -2.0209683373e+00 1.0822401094e+00
76 68 47
3 25 1146 122.3700 -602.6600 39 1192 372.2500 -383.8400 19 919 146.3600 -156.2300
-1.9481666526e-01 -1.9175202989e+00 1.0833507441e+00
148 151 149
5 25 1160 1.5300 -556.4301 39 1200 295.3199 -366.0400 19 926 77.4600 -132.3400 30 3617 -54.2700 271.2900 35 2372 30.9100 -359.6300
2.0686215246e-02 -1.9109660484e+00 1.1000965974e+00
141 142 132
4 25 708 99.5900 -548.1500 39 1202 349.5200 -353.2000 19 927 131.9300 -128.0500 33 2056 86.2500 366.1300
1.2942182515e+00 -8.6506946254e-01 1.4011269205e+00
150 153 153
3 25 1339 685.4301 -68.1000 39 1350 555.3300 -23.2500 19 1053 436.0800 122.3200
1.5332932720e+00 2.1155246711e+00 2.0575517153e+00
135 141 140
5 25 1091 658.2400 691.9000 39 1130 290.5200 471.3700 75 932 751.8101 530.1799 19 1196 372.5000 500.9299 20 1084 266.4600 171.9700
4.7527314867e-01 -2.4358492180e+00 1.0258307522e+00
45 43 31
3 25 1682 321.1700 -820.9700 39 1665 517.6500 -496.3101 19 1432 263.4200 -269.6100
3.3057899223e-01 -2.1091274517e+00 1.0811852730e+00
65 59 44
3 25 1142 242.3400 -644.2500 39 1704 450.2400 -398.6700 19 1456 215.2100 -176.3600
9.2092525721e-03 -1.9980521103e+00 1.0825386268e+00
83 75 59
3 25 1147 91.2600 -592.5000 39 1707 351.3400 -379.7700 19 1461 127.7500 -151.2200
-2.4310669775e+00 1.6790945501e+00 1.6743674736e+00
93 95 88
4 25 1509 -443.2000 361.7500 39 1517 -271.3200 196.3400 75 1204 -382.6900 201.9100 19 1740 -220.6000 333.9600
1.7022360235e-01 -2.0269380918e+00 1.0875200964e+00
159 165 161
4 25 2506 166.0800 -602.0800 39 2437 397.9500 -380.0400 19 2217 171.2100 -154.4700 33 4259 129.9900 325.5801
-8.6536543284e-02 -1.9648927087e+00 1.0818832074e+00
73 62 44
3 25 2512 48.4200 -577.9800 39 2443 324.4200 -375.4000 19 2226 103.7900 -144.3300
-4.1627515248e+00 1.0134672914e+00 1.3530581626e+00
72 68 50
5 25 2018 -884.5400 154.7400 39 1410 -549.7300 32.3800 75 1138 -838.2100 -9.7000 19 2476 -466.9200 216.3300 20 3314 -331.4700 -105.4600
-3.9934965392e+00 1.1639392884e+00 1.4061542351e+00
161 162 153
5 25 2050 -832.5800 192.2900 39 2019 -515.4200 60.6200 75 1682 -784.7600 28.9100 19 2512 -438.2600 237.3700 20 2335 -313.7200 -91.7000
1.5794648016e+00 1.9696853089e+00 2.0299854222e+00
165 182 189
4 25 3655 679.9700 670.8500 39 3250 306.1600 459.6700 75 2997 775.1100 509.1000 19 2780 385.6600 489.0900
9.9256942017e-02 -2.2222994664e+00 1.0443778983e+00
131 132 125
3 25 2477 128.8500 -703.6400 39 3385 391.8300 -443.1700 19 3233 152.7400 -209.0200
4.1605088294e-01 -2.1393693903e+00 1.0805631673e+00
68 64 50
3 25 2491 285.1500 -659.4100 39 3439 477.7200 -404.2100 19 3240 239.9500 -183.3000
-1.2242400374e-02 -1.8882694226e+00 1.1017542809e+00
145 148 139
4 25 2548 84.4600 -540.9200 39 3544 338.8600 -350.0300 75 2081 172.4500 -732.9000 19 3278 123.6600 -123.8400
5.9472374043e-01 -1.5689480198e-01 1.5142176405e+00
139 138 127
4 25 3099 372.2800 125.5900 39 2888 297.1300 71.3600 75 2518 464.6300 -40.7300 19 3654 238.5600 207.2600
-4.1612559275e+00 1.1915801807e+00 1.3978986973e+00
88 82 71
5 25 3163 -864.7600 189.6799 39 2869 -538.6800 57.8500 75 2574 -817.1100 26.4200 19 3696 -456.4700 235.9900 20 4874 -324.6900 -92.1700
-4.5418800720e-01 5.4452591565e-01 1.6547967765e+00
71 67 51
2 25 4768 32.2700 217.4700 39 4243 41.6900 128.3400
6.1346374657e-01 1.1403413522e+00 1.7856100609e+00
56 56 48
5 25 5015 374.6700 439.8300 39 4438 198.8200 290.5400 75 4098 461.5800 278.9000 19 3873 228.9100 372.1000 20 5256 137.9700 30.9400
-4.0318427630e+00 2.9375873892e+00 1.7945769787e+00
168 173 169
4 25 3469 -675.2700 480.5200 39 3135 -495.0000 272.4500 75 2831 -618.0600 317.9500 19 3896 -362.3700 390.7700
2.3772576545e-01 -2.0870793627e+00 1.0795868890e+00
119 120 108
3 25 5557 197.0000 -633.7400 39 4919 421.6600 -396.4500 19 4779 189.5400 -171.4000
-1.4174883451e+00 -1.8732064162e+00 1.0008486603e+00
150 156 151
3 25 3883 -484.4900 -560.8600 39 3436 8.9400 -409.8600 19 4805 -195.5400 -139.2300
-1.9588615803e+00 -1.8026133640e+00 9.7307710897e-01
53 50 39
4 25 5648 -666.7800 -541.5800 39 3433 -108.4900 -413.8000 75 3146 -626.6500 -727.4900 19 4844 -298.5100 -130.2600
-1.6498375898e+00 -1.8118266315e+00 9.9511849816e-01
72 68 56
4 25 5657 -561.8200 -539.4200 39 4900 -43.7700 -403.4800 75 3154 -515.2500 -725.9301 19 4853 -240.0500 -128.7000
-4.6115254138e-01 -1.8703223614e+00 1.0730429660e+00
143 149 141
4 25 3930 -110.5800 -540.9301 39 3513 227.7100 -365.5700 75 3138 -36.7200 -731.3199 19 4864 14.0600 -125.4900
-3.0131001338e+00 -8.5624398438e-01 1.0977427783e+00
60 59 48
4 25 4211 -851.8400 -242.9600 39 3699 -312.4600 -239.1900 75 3437 -813.6000 -411.2500 19 5150 -417.2500 24.2800
-1.8894810171e+00 -8.8204435367e-01 1.1744806185e+00
136 137 120
3 25 6129 -530.2600 -213.7700 39 5275 -122.8200 -195.0800 19 5175 -238.4300 40.2200
-1.5495311529e+00 -8.9164292982e-01 1.1984250325e+00
133 126 110
6 25 4250 -423.9200 -201.8900 39 3793 -58.3600 -179.8100 75 3468 -367.7600 -370.7300 19 5195 -178.9800 46.9200 20 4206 -182.8000 -293.5800 33 6391 -302.5200 682.9500
-2.4936530871e+00 -7.1317803577e-01 1.1718853673e+00
80 72 49
4 25 6191 -689.5700 -182.6000 39 3779 -224.9100 -187.1300 75 3497 -643.6100 -349.0800 19 5221 -328.6100 56.3900
2.1387963447e-01 -2.7581141853e-01 1.5506927702e+00
143 139 119
2 25 6492 234.6801 46.8000 39 5672 185.2500 29.5800
5.7938763259e-01 1.0848858406e+00 1.7728035105e+00
49 49 42
4 25 10180 365.0601 425.4500 39 6094 192.9500 281.4700 75 5790 451.5800 264.2400 19 5722 223.5200 363.6000
5.9922693889e-01 1.1004636496e+00 1.7773414712e+00
125 127 119
5 25 7132 370.2000 429.8900 39 6098 197.0400 283.9400 75 5797 457.3000 269.0800 19 5729 226.6900 366.3200 20 7886 136.4600 27.6300
5.9922693889e-01 1.1004636496e+00 1.7773414712e+00
125 127 119
5 25 7133 370.2000 429.8900 39 6099 197.0400 283.9400 75 5798 457.3000 269.0800 19 5730 226.6900 366.3200 20 7887 136.4600 27.6300
1.0998901999e+00 2.7844467460e+00 2.1625024337e+00
111 111 110
4 25 7726 506.3300 767.8700 39 6349 189.8400 517.2700 75 6335 592.5601 605.2300 19 6047 288.2200 540.8800
7.9543263513e-01 -2.4510724595e+00 1.0403387364e+00
76 73 65
3 25 7851 499.0400 -833.6300 39 6495 623.5699 -487.4100 19 6761 363.1400 -272.9000
-6.9743621012e-02 -1.9532517397e+00 1.0856720449e+00
144 147 143
5 25 5591 57.3600 -570.5300 39 4965 328.7000 -370.0900 19 6904 108.9200 -139.5500 33 8631 56.8300 351.2000 55 17354 509.7100 678.3800
6.0703800866e-02 -1.8590271750e+00 1.1116238869e+00
56 49 41
4 25 5723 118.4301 -526.3101 39 5031 356.5500 -339.4300 75 4583 209.2400 -717.7100 19 7015 141.7100 -115.3700
1.1795225268e+00 -1.5965012063e+00 1.2448244378e+00
59 55 45
4 25 8371 667.1500 -374.6500 39 7090 618.2000 -209.6000 75 4776 798.6899 -562.7900 19 7224 438.9200 -34.9200
5.0700273949e-01 -1.0946934873e+00 1.2971256537e+00
148 134 117
4 25 6172 331.6100 -194.3800 39 5401 388.2600 -122.7100 75 3474 431.1801 -366.8500 19 7450 243.8900 55.3000
5.0700273949e-01 -1.0946934873e+00 1.2971256537e+00
148 134 117
4 25 6173 331.6100 -194.3800 39 5402 388.2600 -122.7100 75 3475 431.1801 -366.8500 19 7451 243.8900 55.3000
2.1387963447e-01 -2.7581141853e-01 1.5506927702e+00
143 139 119
2 25 6491 234.6801 46.8000 39 5671 185.2500 29.5800
3.0044470708e-01 1.1298465211e+00 1.7611855840e+00
166 175 177
4 25 10165 274.7700 415.6200 39 8069 140.9900 270.8300 75 8015 357.9700 254.2900 19 8223 173.4000 358.6800
-3.3074605457e+00 2.4592676636e+00 1.7498417960e+00
140 143 132
4 25 7172 -571.7100 446.4000 39 6047 -411.5300 252.8300 75 5817 -513.5400 284.2300 19 8265 -301.6100 372.5400
4.9901934709e-03 1.3844666688e+00 1.7904641159e+00
169 181 178
4 25 7174 186.7200 447.4700 39 6110 78.7300 288.3000 75 5822 265.9200 286.4100 19 8273 123.0100 375.1700
-4.1073145024e+00 3.1468475748e+00 1.8358610548e+00
168 171 165
4 25 7341 -673.2500 505.4500 39 4440 -498.8000 290.3900 75 5958 -615.3500 342.7200 19 8405 -361.3200 404.2100
-4.1073145024e+00 3.1468475748e+00 1.8358610548e+00
168 171 165
4 25 7342 -673.2500 505.4500 39 4441 -498.8000 290.3900 75 5959 -615.3500 342.7200 19 8406 -361.3200 404.2100
-1.7742251419e-01 1.7485573169e+00 1.8522795810e+00
176 176 163
4 25 10476 138.9000 504.3101 39 6189 37.7500 324.6800 75 5960 216.0400 344.4299 19 8414 94.7600 405.5701
9.6414577430e-01 2.3671404280e+00 2.0674749029e+00
130 140 142
5 25 7606 476.2900 690.2300 39 6328 177.8900 466.3101 75 6194 561.8500 527.3900 19 8577 271.5700 498.7900 20 8705 195.0400 169.8000
-7.8310089452e-01 -2.2657061323e+00 9.6864127013e-01
44 47 35
3 25 11469 -275.7700 -732.5000 39 8662 174.2000 -494.9301 19 9888 -71.0200 -226.0600
-1.1129961137e-01 -1.9683588781e+00 1.0791845575e+00
130 130 114
3 25 8015 36.6700 -580.3101 39 8960 319.0500 -377.5600 19 10025 97.8400 -144.9500
2.3012903855e-01 -1.6608945839e+00 1.1669145462e+00
152 151 139
5 25 12072 203.4900 -431.2900 39 9322 373.1400 -276.4200 75 6711 298.5000 -618.3101 19 10420 183.1700 -68.4600 33 33312 164.8500 468.7500
8.6638789547e-01 -1.7024444449e+00 1.2045864694e+00
63 54 47
4 25 12067 510.2100 -432.8500 39 9445 540.2500 -254.1000 75 9344 629.3700 -622.7600 19 10427 353.2100 -67.1200
9.9431746215e-01 4.4835333014e-02 1.5757479716e+00
175 191 194
4 25 9625 522.5601 202.4600 39 7841 374.7300 139.1800 75 7617 623.5699 41.0100 19 11611 327.1000 256.4100
-3.1994048688e+00 1.1728381966e+00 1.4702810616e+00
53 54 46
4 25 14102 -658.3000 231.0300 39 7737 -406.1000 97.9500 75 10649 -605.6000 68.2600 19 11632 -340.7900 259.3600
7.1812096176e-01 2.8102422697e-01 1.6225408409e+00
76 73 61
4 25 14154 417.4200 247.3301 39 10721 271.2200 166.5000 75 10692 509.8500 84.4800 19 11682 261.2100 271.3500
1.4303566587e+00 9.7472238881e-01 1.8092890508e+00
112 112 103
3 25 14976 664.2600 464.9700 39 11256 364.8900 319.0500 19 12245 389.1500 386.0100
-5.0019532071e+00 3.4260001302e+00 1.8247184688e+00
77 78 70
3 25 10453 -804.2800 498.5400 39 8089 -590.4500 279.4300 19 12370 -435.8400 400.0300
1.7194410910e+00 1.0832034989e+00 1.8504876646e+00
169 171 168
3 25 10512 765.5200 512.4000 39 8273 416.1200 353.0100 19 12455 443.8800 412.5100
-4.0530784531e+00 5.2559709440e+00 2.2856053722e+00
151 157 151
3 25 16336 -520.1400 750.3600 39 11679 -485.1800 475.9399 19 12868 -288.2300 530.6500
-3.7504294746e+00 5.3002934043e+00 2.3236862339e+00
68 67 72
3 25 11089 -469.5200 768.9800 39 8448 -451.1800 490.4600 19 12934 -260.0900 540.9900
-4.4327930173e+00 2.8036464313e+00 1.7277502404e+00
46 52 51
4 25 424 -760.4100 443.9399 39 271 -547.8700 241.4500 75 356 -707.1000 278.6700 20 416 -285.0000 28.6100
-2.4527169592e+00 -3.8321778579e-01 1.2386228553e+00
156 158 151
3 25 1329 -634.6000 -86.4200 39 1274 -234.2300 -119.6500 20 1346 -253.0700 -241.8200
-5.2847579770e+00 1.1501699026e+00 1.2945605735e+00
83 83 75
3 25 975 -1089.3800 132.6600 39 967 -689.8600 3.4300 20 1536 -405.8500 -116.0800
-2.7198134060e-01 1.3155015629e-01 1.6604963554e+00
104 97 78
2 25 965 83.6500 117.5500 39 1007 79.8500 67.0400
-4.8402175913e+00 1.0890700993e+00 1.3134198470e+00
149 159 152
4 25 979 -1013.4200 139.3300 39 979 -641.1000 14.6400 75 821 -969.8700 -26.1100 20 1560 -377.8800 -110.6600
2.0003138950e+00 -4.2329560483e-01 1.5677602765e+00
31 28 24
2 25 1420 997.3101 125.1800 39 1476 622.9301 118.8800
-5.1787626752e+00 1.2038239358e+00 1.3139260465e+00
87 88 76
3 25 1435 -1063.5900 147.3100 39 980 -676.5000 15.3300 20 1562 -397.2300 -109.5400
-5.6090358250e+00 1.3827566343e+00 1.3226023719e+00
87 82 68
3 25 1442 -1118.4800 162.6000 39 984 -715.4400 22.7300 20 1593 -415.9100 -104.0900
-4.2131335478e+00 1.2711482437e+00 1.4106349728e+00
167 173 168
4 25 2060 -867.8800 202.3101 39 2024 -545.0100 65.4400 75 1691 -819.8400 38.6300 20 2341 -326.3700 -87.1900
1.7732894402e+00 -1.2545026343e-01 1.6113958142e+00
167 170 163
4 25 3195 861.6300 204.0500 39 3003 538.2000 160.3700 75 1689 983.1000 39.1900 20 2365 309.3200 -79.8800
-2.7484633936e+00 -5.9298161269e-01 1.1840808503e+00
142 145 134
3 25 2878 -743.8100 -156.1500 39 2611 -263.3600 -174.1100 75 2352 -699.1600 -321.0000
-2.3451402857e+00 -3.7550013298e-01 1.2479852901e+00
143 160 164
3 25 1874 -604.7700 -79.9700 39 1875 -216.6900 -113.5400 20 3011 -241.8400 -238.5300
6.5372267411e-01 9.4973085928e-02 1.5942300202e+00
95 96 88
3 25 4708 390.8500 184.4600 39 4229 270.0900 124.5200 20 3351 132.6400 -90.1900
-4.5390024810e+00 1.7079077525e+00 1.4831192965e+00
92 92 90
4 25 3260 -885.4800 266.3900 39 2083 -574.5700 109.9000 75 2659 -837.4600 103.1200 20 3426 -331.9100 -58.0800
-4.0022646606e+00 1.5745788172e+00 1.4959661714e+00
68 69 64
4 25 3264 -792.7700 267.0100 39 2091 -510.3800 115.6200 75 2657 -742.1400 104.3100 20 3427 -298.8100 -57.4400
-4.2407660031e+00 3.3595568571e+00 1.8718000289e+00
63 64 49
4 25 3536 -682.2300 528.8400 39 3152 -509.2100 306.1500 75 2897 -623.8900 366.0300 20 3725 -255.1500 65.2700
1.3042749285e+00 1.2905253554e+00 1.8636082302e+00
90 91 84
4 25 3520 606.2600 523.1600 39 3189 321.8000 354.3700 75 2893 702.3500 363.8700 20 3751 229.2200 70.7300
-5.6562196929e+00 5.2608221723e+00 2.1352635415e+00
147 157 162
4 25 2342 -769.4600 678.9900 39 2262 -651.5700 416.9400 75 1971 -709.2800 511.3700 20 3908 -283.3500 154.3700
1.9886170295e+00 -8.3209652335e-01 1.4810443687e+00
171 176 179
2 25 4520 1033.8601 -17.8900 39 5673 676.0900 32.2600
-4.8249751450e+00 1.4808919169e+00 1.4081258316e+00
156 158 145
3 25 4759 -965.7100 214.1400 39 2882 -617.6900 67.9500 20 4932 -360.9600 -81.6500
-4.8300600397e+00 1.4831587566e+00 1.4087935841e+00
156 158 145
4 25 4760 -965.7100 214.1400 39 2883 -617.6900 67.9500 75 3861 -919.9200 50.7800 20 4933 -360.9600 -81.6500
-4.7399606550e+00 1.4717276794e+00 1.4140201626e+00
157 155 147
4 25 4766 -949.4900 216.0601 39 2887 -606.1900 70.4600 75 3869 -903.9900 52.4100 20 4935 -355.3200 -80.8400
1.6906537592e+00 1.0966416488e+00 1.8496291970e+00
171 173 166
3 25 5115 755.2300 514.7300 39 4516 410.2000 354.3200 20 5477 286.2700 68.2400
1.5648298420e+00 1.1552719542e+00 1.8548751096e+00
159 163 158
4 25 5118 704.8000 514.5701 39 4513 380.5800 352.2800 75 2882 806.4200 355.2200 20 5480 267.0900 67.7900
1.7413534498e+00 1.0822724477e+00 1.8501049104e+00
168 170 164
3 25 5120 775.1600 515.8101 39 4522 421.6400 355.6700 20 5488 294.1000 68.7700
1.8351323267e+00 1.0539123462e+00 1.8506393857e+00
164 169 163
3 25 5125 812.7500 517.1899 39 4528 443.0400 358.0900 20 5492 308.5300 69.6700
1.9879666751e+00 1.0154774016e+00 1.8528459367e+00
119 120 121
3 25 5140 874.6500 521.8500 39 6248 478.5400 362.5500 20 5503 332.3100 72.1500
-2.2158818773e+00 -4.6416367026e-01 1.2325466791e+00
154 159 154
3 25 4406 -578.1600 -101.3600 39 3869 -199.3200 -125.0600 20 6397 -232.3800 -245.5000
-4.9627641033e+00 8.5892555168e-01 1.2534355658e+00
153 160 154
3 25 9308 -1065.8199 87.7100 39 5570 -663.9300 -25.7500 20 6978 -397.1700 -133.7100
-1.8598495584e+00 3.5097389653e-01 1.3395033049e+00
47 47 39
2 25 6614 -417.9100 130.2100 39 4140 -215.5900 43.5500
-3.5276268743e+00 8.6031559603e-01 1.3736037514e+00
97 94 80
4 25 6649 -765.3100 151.4600 39 5688 -457.4100 37.1000 75 5394 -716.4500 -12.3800 20 7097 -289.9900 -110.1600
-3.8197635660e+00 3.1250303784e+00 1.8542868700e+00
140 139 129
4 25 7378 -622.4800 517.6500 39 6139 -466.3900 300.7900 75 5987 -563.8500 355.0200 20 8154 -233.5000 61.2200
2.0101638504e+00 9.9500928653e-01 1.8504858838e+00
171 179 171
3 25 5127 884.8500 518.5601 39 4531 484.3199 361.3000 20 8241 336.3300 70.7000
-7.8086453828e-01 -1.7346589706e+00 1.0750324329e+00
61 66 74
3 25 5807 -231.7200 -489.1600 39 5013 150.6000 -344.5600 75 4672 -164.9700 -673.5900
6.3306836671e-01 5.4757832470e-03 1.5747196803e+00
156 162 158
2 25 9477 385.9000 159.8000 39 7760 273.0900 108.5900
9.7500319452e-03 1.4182925841e+00 1.7993626068e+00
116 117 111
3 25 14884 188.0300 453.5100 39 11111 78.6700 292.3400 75 11256 267.5200 292.1600
-3.8441675367e+00 3.2084184082e+00 1.8763691937e+00
64 61 51
2 25 23384 -618.5200 524.0300 39 11188 -464.2800 305.6900
-3.8441675367e+00 3.2084184082e+00 1.8763691937e+00
64 61 51
2 25 23385 -618.5200 524.0300 39 11189 -464.2800 305.6900
3.0443374758e-01 -2.2614100221e+00 1.0499213968e+00
122 124 113
2 25 108 229.7900 -723.4200 39 103 452.9301 -447.4000
7.1932159617e-01 -2.2074537049e+00 1.0866856976e+00
170 186 202
2 25 109 445.1500 -692.9000 39 106 572.4100 -410.6700
7.6867484400e-01 -2.0281350342e+00 1.1279078880e+00
165 175 177
2 25 179 467.6600 -596.3400 39 182 561.9200 -353.1300
-2.5091603356e+00 -9.3933062219e-01 1.1215709339e+00
47 38 29
2 25 205 -717.0000 -251.7900 39 205 -226.3900 -233.1100
-8.2643648366e-01 -1.0715142086e+00 1.2078264811e+00
119 116 106
3 25 209 -194.0800 -237.3700 39 222 91.1700 -185.4900 75 176 -125.4900 -408.6801
7.0868973938e-01 -1.2127087111e+00 1.2890220198e+00
136 139 130
3 25 218 423.1000 -229.5200 39 231 448.1899 -139.1400 75 92 530.3400 -406.0100
-2.3618543440e+00 -8.4892234266e-01 1.1536815170e+00
111 113 108
2 25 222 -664.7900 -217.2500 39 213 -199.3300 -208.8300
-2.3618543440e+00 -8.4892234266e-01 1.1536815170e+00
111 113 108
2 25 223 -664.7900 -217.2500 39 214 -199.3300 -208.8300
4.5706316788e-01 -1.2766141193e+00 1.2613425853e+00
45 41 30
3 25 345 309.7800 -264.9000 39 562 388.4500 -166.6500 75 282 409.8000 -441.1899
7.6587658756e-01 -2.3357946031e+00 1.0617084058e+00
71 72 64
2 25 447 474.3300 -764.9600 39 460 604.3800 -451.0000
-4.8361809420e+00 1.6722378527e+00 1.4491922953e+00
168 179 174
3 25 624 -946.4000 248.1300 39 400 -614.2500 92.9000 75 546 -898.8300 84.9400
2.1853860718e+00 6.8950166103e-01 1.8011057718e+00
136 139 132
2 25 660 979.7200 459.6600 39 691 548.8300 328.0300
8.3485626273e-01 -2.3750346721e+00 1.0581959765e+00
88 85 71
2 25 696 514.5900 -788.1100 39 1171 629.5699 -458.9500
8.6788556142e-01 -2.3578027924e+00 1.0632748389e+00
162 164 178
2 25 697 532.5601 -778.1801 39 1173 639.1100 -452.0400
9.5040155836e-01 -2.4156487472e+00 1.0552040955e+00
160 166 177
2 25 1116 583.1600 -812.6700 39 1680 673.2200 -467.5800
5.2326560902e-01 -2.4125092804e+00 1.0331042698e+00
143 145 144
2 25 1118 343.8500 -808.2200 39 1669 532.7500 -485.3600
4.8343891867e-01 -2.1779155878e+00 1.0774328379e+00
82 77 64
2 25 1138 319.5400 -678.5300 39 1183 500.4700 -412.4900
-7.1722681075e-01 -2.1460235009e+00 9.9736521169e-01
164 168 169
2 25 1139 -238.0500 -673.3199 39 1172 186.4900 -456.7200
4.4841365647e-01 -2.1263314308e+00 1.0855618245e+00
168 179 181
2 25 1140 301.4000 -651.6300 39 1703 485.0699 -398.3700
-1.2180484259e-01 -1.9140475286e+00 1.0887349172e+00
144 146 143
2 25 1162 34.5200 -554.9700 39 1714 313.1801 -362.8800
-1.2180484259e-01 -1.9140475286e+00 1.0887349172e+00
144 146 143
2 25 1163 34.5200 -554.9700 39 1715 313.1801 -362.8800
1.1361835819e+00 -1.3810672026e+00 1.2884851243e+00
57 59 46
3 25 1247 633.4800 -280.9500 39 1832 572.8101 -154.2800 75 1009 759.2700 -461.2600
-2.5552103552e+00 -9.5132973759e-01 1.1107199472e+00
46 42 31
3 25 1250 -735.5600 -257.2200 39 1229 -237.4400 -238.8100 75 1015 -692.7100 -427.6000
-2.3121925219e+00 -4.6709633628e-01 1.2272009901e+00
138 140 135
3 25 1306 -605.5400 -108.1700 39 1266 -213.8000 -131.2400 75 1045 -556.1500 -273.4200
1.8897679509e+00 -7.3199436617e-01 1.4973351871e+00
81 82 71
2 25 1371 972.5500 11.8700 39 1428 634.4500 47.4100
1.8509926366e+00 -6.9928497106e-01 1.5018036703e+00
80 80 68
2 25 1374 949.8201 21.0000 39 1431 620.3101 51.7500
1.4271602612e-01 -4.9184474872e-02 1.5865012147e+00
151 145 133
2 25 1407 211.7300 104.6500 39 1441 163.3100 65.8900
1.4271602612e-01 -4.9184474872e-02 1.5865012147e+00
151 145 133
2 25 1408 211.7300 104.6500 39 1442 163.3100 65.8900
-4.8565339601e+00 9.9979117382e-01 1.2910872063e+00
34 32 19
3 25 1419 -1028.0000 123.2800 39 1378 -647.6000 2.4400 75 1123 -984.7300 -41.8100
-4.5673162362e+00 1.0545357493e+00 1.3269647779e+00
156 158 155
3 25 1433 -964.0200 146.3800 39 1400 -607.0600 21.8000 75 1134 -919.8400 -18.4900
3.7469604598e-01 2.0077317952e-01 1.6026561232e+00
160 171 164
2 25 1458 292.0300 193.7100 39 1479 207.7700 125.7400
-3.3053175009e+00 1.1267885223e+00 1.4487281504e+00
157 158 151
3 25 1469 -687.8500 216.6799 39 1458 -424.4100 87.0300 75 1161 -635.3600 53.2300
-1.0326198547e-01 5.0382266441e-01 1.6416580870e+00
163 168 156
2 25 1477 137.0000 235.8401 39 1490 103.6800 145.0700
-2.1072591038e-01 5.5186392028e-01 1.6476466283e+00
168 172 161
2 25 1479 104.6801 239.5100 39 1491 82.7700 145.8700
-5.9681898425e+00 3.5565124092e+00 1.7662219737e+00
153 162 163
3 25 1551 -953.1500 474.8000 39 1072 -690.2200 254.1000 75 1244 -899.3400 310.8400
8.8994914917e-01 -2.4037546169e+00 1.0542519015e+00
90 91 78
2 25 1684 547.1899 -805.3900 39 2383 652.9399 -466.7800
-6.7680837599e-01 -2.1638805466e+00 9.9658355897e-01
83 77 62
2 25 1705 -221.8700 -681.5400 39 1684 196.4400 -461.0500
-2.3679180298e+00 -3.9869384457e-01 1.2393246966e+00
61 63 51
3 25 1865 -614.4300 -90.8900 39 1870 -222.2600 -120.8400 75 1055 -563.8700 -255.8400
4.2125824064e-01 -2.9930895012e-01 1.5349751183e+00
156 155 150
2 25 1945 308.9200 54.7100 39 1417 233.3700 39.4400
-2.3027576202e+00 1.5732270116e-01 1.3638471358e+00
171 173 172
3 25 1946 -537.9600 54.4100 39 1943 -223.7600 -19.1200 75 1590 -483.5700 -107.4200
-4.4368152518e+00 7.4840616434e-01 1.2698487308e+00
138 145 140
3 25 1968 -974.1700 89.8900 39 1944 -598.2300 -17.1400 75 1607 -931.6000 -75.8300
-1.4810122588e-03 4.0503441274e-02 1.6082413049e+00
142 138 126
2 25 1982 164.9500 117.6000 39 1448 132.1500 71.8300
-1.5428130092e-01 1.2742507852e-01 1.6357530205e+00
147 143 130
2 25 1991 118.2000 127.7500 39 2039 100.9600 75.6000
8.7097582055e-02 1.1415824678e-01 1.6023608462e+00
143 143 133
2 25 2008 193.9301 146.0800 39 2059 149.4600 91.2500
1.3382218209e-02 1.6505352724e-01 1.6142028521e+00
