# Bundle file v0.3
90 11055
0 0 0
0 0 0
0 0 0
0 0 0
0 0 0
0 0 0
0 0 0
0 0 0
0 0 0
0 0 0
2.0268569596e+03 4.0806322439e-02 6.2644600554e-02
8.5063434760e-01 2.3619959973e-01 -4.6971369554e-01
3.8444848688e-02 8.6306757739e-01 5.0362322272e-01
5.2435026490e-01 -4.4645728344e-01 7.2507426776e-01
1.2988008581e+00 -2.1892788100e+00 -1.3046009993e+01
0 0 0
0 0 0
0 0 0
0 0 0
0 0 0
1.9297892657e+03 -1.9688178689e-02 4.5260855739e-02
8.5932725768e-01 2.1373554386e-01 -4.6462219222e-01
-1.5291077116e-02 9.1881497477e-01 3.9439222242e-01
5.1119746397e-01 -3.3180741317e-01 7.9283099927e-01
1.0960614984e+00 -4.1964732876e-01 -1.3239822416e+01
0 0 0
0 0 0
0 0 0
0 0 0
0 0 0
0 0 0
0 0 0
0 0 0
0 0 0
0 0 0
1.8863400384e+03 -1.1292504934e-02 2.3680715759e-02
8.6488176976e-01 2.0512101939e-01 -4.5815378612e-01
-4.5760511948e-02 9.4111849893e-01 3.3496559006e-01
4.9988548676e-01 -2.6874028054e-01 8.2334267577e-01
9.5491994221e-01 5.1610784924e-01 -1.3247249948e+01
0 0 0
0 0 0
0 0 0
0 0 0
0 0 0
0 0 0
0 0 0
0 0 0
0 0 0
0 0 0
2.1464512145e+03 -6.0876728233e-02 9.2515558152e-03
8.3834088832e-01 2.1917126731e-01 -4.9914778428e-01
-3.8143300018e-01 8.8999197058e-01 -2.4984627008e-01
3.8947839650e-01 3.9984778089e-01 8.2971581326e-01
5.0423200483e-01 8.7549110192e+00 -1.0020500502e+01
1.2323065801e+03 -4.0454700495e-02 -1.9837594694e-01
7.4774572010e-01 1.8966698554e-01 -6.3631970948e-01
-1.3060176425e-01 9.8162553764e-01 1.3912039039e-01
6.5101422200e-01 -2.0922199811e-02 7.5877713744e-01
1.0182288651e+00 4.0309823872e+00 -6.5361182060e+00
0 0 0
0 0 0
0 0 0
0 0 0
0 0 0
0 0 0
0 0 0
0 0 0
0 0 0
0 0 0
0 0 0
0 0 0
0 0 0
0 0 0
0 0 0
0 0 0
0 0 0
0 0 0
0 0 0
0 0 0
1.9507171491e+03 1.7260906174e-01 3.1323591613e-01
8.4639568329e-01 2.1652827056e-01 -4.8654892391e-01
-1.1455973423e-01 9.6625202506e-01 2.3072297536e-01
5.2008692985e-01 -1.3954401497e-01 8.4263696411e-01
8.7005369017e-01 2.0763295479e+00 -1.2689697760e+01
0 0 0
0 0 0
0 0 0
0 0 0
0 0 0
0 0 0
0 0 0
0 0 0
0 0 0
0 0 0
8.1286513669e+02 8.7656147314e-02 -1.3115488141e-01
9.7932478512e-01 1.1364700941e-01 -1.6735388401e-01
3.7300540159e-02 7.1164912433e-01 7.0154414940e-01
1.9882563956e-01 -6.9328196363e-01 6.9269653093e-01
8.9263277389e-01 7.5791933199e-02 -5.3048190469e+00
9.9278508957e+02 3.8719837544e-02 -3.5844677341e-01
8.7338839150e-01 2.5145034441e-01 -4.1709164687e-01
1.8406357483e-01 6.2246801570e-01 7.6069321665e-01
4.5090278111e-01 -7.4115200447e-01 4.9737348971e-01
8.5673379347e-01 -1.9664867567e+00 -7.2340602814e+00
0 0 0
0 0 0
0 0 0
0 0 0
0 0 0
0 0 0
0 0 0
0 0 0
0 0 0
0 0 0
2.3859415157e+03 -5.3374598096e-02 9.5187453767e-02
8.7132979575e-01 2.1177976818e-01 -4.4264400688e-01
-1.9968255096e-01 9.7703306713e-01 7.4385916463e-02
4.4823126384e-01 2.3573619063e-02 8.9360674718e-01
5.2216718049e-01 4.6104197198e+00 -8.5143316093e+00
0 0 0
0 0 0
0 0 0
0 0 0
0 0 0
-1.8321705038e+03 6.0810979762e-02 -1.3143653650e-01
9.0876406733e-01 3.4320295444e-02 4.1589660644e-01
1.6864950727e-01 8.8139660148e-01 -4.4124525448e-01
-3.8171352298e-01 4.7112858991e-01 7.9519345957e-01
-2.0282956215e-01 1.0147123908e+00 3.8810720278e+00
0 0 0
0 0 0
0 0 0
0 0 0
0 0 0
0 0 0
0 0 0
0 0 0
0 0 0
0 0 0
0 0 0
0 0 0
0 0 0
0 0 0
0 0 0
0 0 0
0 0 0
0 0 0
0 0 0
0 0 0
1.8552152573e+03 -2.8540040376e-02 1.0943190668e-01
7.8010229448e-01 2.0427515111e-01 -5.9136458534e-01
-1.1418657289e-01 9.7580750600e-01 1.8644339037e-01
6.1514375289e-01 -7.7919021287e-02 7.8455515383e-01
9.3772750333e-01 2.9669929380e+00 -9.7154408482e+00
0 0 0
0 0 0
0 0 0
0 0 0
0 0 0
0 0 0
0 0 0
0 0 0
0 0 0
0 0 0
2.5661841360e+03 1.3479772968e-01 -5.1067264113e-01
8.6347931991e-01 2.1650462686e-01 -4.5555374067e-01
-6.2213860124e-02 9.4200846514e-01 3.2977187148e-01
5.0053261602e-01 -2.5640943461e-01 8.2687441740e-01
1.1415649781e+00 2.4482160259e+00 -8.4057972257e+00
0 0 0
0 0 0
0 0 0
0 0 0
0 0 0
1.1129742377e+03 -8.2115507039e-02 3.7813571293e-01
8.4954256867e-01 1.7218541483e-01 -4.9862772380e-01
1.1673132585e-01 8.6043643876e-01 4.9600698827e-01
5.1444263197e-01 -4.7958452620e-01 7.1087795060e-01
1.3566939454e+00 -2.5711170486e+00 -1.2970323186e+01
0 0 0
0 0 0
0 0 0
0 0 0
0 0 0
2.1009580864e+03 5.8858637874e-02 -2.3382539435e-01
8.2374538248e-01 2.0924065358e-01 -5.2693632797e-01
-5.8196690678e-02 9.5570301874e-01 2.8852189720e-01
5.6396514966e-01 -2.0700263008e-01 7.9943306230e-01
1.0464580765e+00 8.8324926014e-01 -1.3913929891e+01
0 0 0
0 0 0
0 0 0
0 0 0
0 0 0
-6.8361762927e+01 1.5406621055e-04 -2.5239516217e-06
9.5829000556e-01 -2.8310107832e-01 3.9166882729e-02
2.7151973432e-01 9.4460045826e-01 1.8440989163e-01
-8.9203694547e-02 -1.6608357449e-01 9.8206870797e-01
8.4556105331e-01 1.1442495367e-01 -1.1105100801e+00
0 0 0
0 0 0
0 0 0
0 0 0
0 0 0
0 0 0
0 0 0
0 0 0
0 0 0
0 0 0
0 0 0
0 0 0
0 0 0
0 0 0
0 0 0
0 0 0
0 0 0
0 0 0
0 0 0
0 0 0
0 0 0
0 0 0
0 0 0
0 0 0
0 0 0
0 0 0
0 0 0
0 0 0
0 0 0
0 0 0
0 0 0
0 0 0
0 0 0
0 0 0
0 0 0
0 0 0
0 0 0
0 0 0
0 0 0
0 0 0
1.6817314187e+03 -6.7583396494e-02 -2.7985525010e-01
4.3232573829e-02 8.8069067031e-01 4.7171483737e-01
-8.5950028237e-01 -2.0790961912e-01 4.6693988358e-01
5.0930365124e-01 -4.2562604891e-01 7.4796541185e-01
-1.7856858746e+00 -1.0962407064e+00 -1.3124723543e+01
0 0 0
0 0 0
0 0 0
0 0 0
0 0 0
0 0 0
0 0 0
0 0 0
0 0 0
0 0 0
0 0 0
0 0 0
0 0 0
0 0 0
0 0 0
0 0 0
0 0 0
0 0 0
0 0 0
0 0 0
0 0 0
0 0 0
0 0 0
0 0 0
0 0 0
0 0 0
0 0 0
0 0 0
0 0 0
0 0 0
0 0 0
0 0 0
0 0 0
0 0 0
0 0 0
1.1447045707e+03 -4.8389707582e-03 2.9061930169e-01
8.3935802097e-01 2.2264215556e-01 -4.9589170511e-01
3.3479672356e-02 8.8936530958e-01 4.5596979906e-01
5.4254697877e-01 -3.9932419997e-01 7.3904191975e-01
1.5994503922e+00 -1.5165218299e+00 -1.3108036162e+01
2.4459998276e+03 -3.6237039999e-02 -6.6616246289e-02
8.2927958380e-01 2.1253669990e-01 -5.1683993953e-01
-5.8190689776e-02 9.5266806229e-01 2.9839136503e-01
5.5579601971e-01 -2.1737459441e-01 8.0239583136e-01
5.4289072896e-01 8.7928675541e-02 -1.5873452841e+01
0 0 0
0 0 0
0 0 0
0 0 0
0 0 0
0 0 0
0 0 0
0 0 0
0 0 0
0 0 0
0 0 0
0 0 0
0 0 0
0 0 0
0 0 0
0 0 0
0 0 0
0 0 0
0 0 0
0 0 0
0 0 0
0 0 0
0 0 0
0 0 0
0 0 0
0 0 0
0 0 0
0 0 0
0 0 0
0 0 0
0 0 0
0 0 0
0 0 0
0 0 0
0 0 0
0 0 0
0 0 0
0 0 0
0 0 0
0 0 0
0 0 0
0 0 0
0 0 0
0 0 0
0 0 0
0 0 0
0 0 0
0 0 0
0 0 0
0 0 0
0 0 0
0 0 0
0 0 0
0 0 0
0 0 0
0 0 0
0 0 0
0 0 0
0 0 0
0 0 0
1.8795478420e+03 -7.3684021559e-02 6.9097535335e-02
8.1308549859e-01 1.8891510884e-01 -5.5063876874e-01
-7.6562787380e-02 9.7236641751e-01 2.2054861071e-01
5.7708761170e-01 -1.3716643813e-01 8.0508090070e-01
4.0698864566e-01 9.7910215898e-01 -1.5640449984e+01
0 0 0
0 0 0
0 0 0
0 0 0
0 0 0
0 0 0
0 0 0
0 0 0
0 0 0
0 0 0
0 0 0
0 0 0
0 0 0
0 0 0
0 0 0
0 0 0
0 0 0
0 0 0
0 0 0
0 0 0
1.9638621790e+03 1.2335556086e-01 -3.0008123766e-01
9.5268844809e-01 1.9459512178e-01 -2.3348974166e-01
9.2470975060e-02 5.4621299151e-01 8.3252656815e-01
2.8954073919e-01 -8.1472946828e-01 5.0237640656e-01
9.8020185108e-01 -1.3347445942e+00 -6.0217384480e+00
0 0 0
0 0 0
0 0 0
0 0 0
0 0 0
0 0 0
0 0 0
0 0 0
0 0 0
0 0 0
0 0 0
0 0 0
0 0 0
0 0 0
0 0 0
0 0 0
0 0 0
0 0 0
0 0 0
0 0 0
1.7609345736e+03 -1.0234517026e-01 -7.5273814147e-02
8.1317645184e-01 2.4562164867e-01 -5.2764956541e-01
-6.2753472574e-03 9.1023496758e-01 4.1404459157e-01
5.8198340027e-01 -3.3338012762e-01 7.4172300242e-01
2.5905068798e+00 -2.4096548781e+00 -1.8362174821e+01
0 0 0
0 0 0
0 0 0
0 0 0
0 0 0
0 0 0
0 0 0
0 0 0
0 0 0
0 0 0
0 0 0
0 0 0
0 0 0
0 0 0
0 0 0
0 0 0
0 0 0
0 0 0
0 0 0
0 0 0
0 0 0
0 0 0
0 0 0
0 0 0
0 0 0
0 0 0
0 0 0
0 0 0
0 0 0
0 0 0
0 0 0
0 0 0
0 0 0
0 0 0
0 0 0
0 0 0
0 0 0
0 0 0
0 0 0
0 0 0
0 0 0
0 0 0
0 0 0
0 0 0
0 0 0
1.3509674926e+00 1.2618416715e+00 1.8612630673e+00
99 99 89
4 25 3516 623.6600 520.8000 39 3187 332.3600 353.2200 75 2887 720.7600 361.2400 20 3746 235.7400 70.1200
5.1177603730e-01 -6.6119837417e-01 1.4675263176e+00
121 120 107
2 25 1894 344.7100 -48.8100 39 1940 272.6801 -24.6700
1.9276101097e+00 -1.1887199225e-01 1.6220400965e+00
169 174 167
3 25 2078 932.9199 214.9299 39 2136 576.5900 170.3900 20 2381 336.7100 -74.8600
4.4263431847e-02 -1.9777324618e+00 1.0883749340e+00
168 173 175
15 25 2509 108.1200 -581.2300 39 2448 360.3000 -372.6100 19 2225 138.9200 -145.0700 33 4261 91.6000 341.8800 7 9070 16.0800 -155.6500 16 17222 -11.7500 68.3400 30 7509 -13.6300 263.1900 2 5120 68.6300 -595.6500 10 11494 -93.2800 1415.8101 23 2379 -106.3600 860.5000 37 21490 12.4200 -113.6801 48 5868 -439.6700 -33.3800 57 15091 -70.7300 -244.2400 4 10938 35.2700 -297.3000 70 13515 -69.6400 -88.1899
2.0963914704e+00 -2.0477568318e-01 1.6154905333e+00
169 172 165
3 25 2059 1020.0100 200.8301 39 2134 626.4700 165.9200 20 2359 368.5700 -81.1500
-1.5336279819e+00 5.1768592229e-01 1.3845199116e+00
94 91 82
2 25 3178 -313.2800 195.0400 39 2912 -166.9800 93.5200
1.7474695380e-01 -2.0525549496e+00 1.0826623058e+00
76 68 45
6 25 2502 166.1100 -614.6000 39 1706 400.0800 -387.6900 33 4258 129.8700 316.9000 11 3194 21.1400 466.7800 30 16217 8.3600 248.9900 10 48904 -71.2600 1398.2700
1.6388689294e+00 -2.0458867827e-01 1.5874671420e+00
107 98 81
4 25 3143 806.7300 170.7700 39 2967 513.8900 136.8800 75 2550 925.9800 4.7400 20 3334 287.1100 -95.0400
-8.2571182112e-02 -2.0106631786e+00 1.0736818536e+00
82 76 56
4 25 115 48.2600 -598.9000 39 107 327.4301 -388.1700 19 86 105.6500 -156.2700 33 348 54.0200 332.8500
3.0934473403e-01 -2.0356188081e+00 1.0946127055e+00
154 155 155
3 25 114 231.2100 -607.2400 39 108 437.7300 -376.9400 19 142 209.7600 -158.1600
6.0609251011e-01 -1.4007691393e+00 1.2482991106e+00
159 160 152
4 25 328 377.7700 -309.3400 39 548 436.3199 -188.9400 75 271 484.1600 -489.5601 19 405 272.8800 -3.6700
-3.9402234772e-02 -2.1106266250e+00 1.0587663555e+00
138 140 135
3 25 450 66.9500 -646.5900 39 742 342.1300 -414.5400 19 593 116.3800 -182.5500
3.7936272667e-01 -1.3468125460e+00 1.2432310312e+00
135 135 130
4 25 790 274.4700 -295.5800 39 829 375.0400 -186.4000 75 447 372.0601 -473.9399 19 652 217.1800 2.1000
6.3238759675e-01 4.8697138464e-01 1.6569384790e+00
141 148 140
3 25 1003 385.9700 291.1400 39 1049 244.4600 193.2000 19 740 240.7400 294.8800
7.8393558926e-02 -2.0207605009e+00 1.0823546157e+00
76 68 47
3 25 1146 122.3700 -602.6600 39 1192 372.2500 -383.8400 19 919 146.3600 -156.2300
-1.9486862924e-01 -1.9174276655e+00 1.0834513686e+00
148 151 149
5 25 1160 1.5300 -556.4301 39 1200 295.3199 -366.0400 19 926 77.4600 -132.3400 30 3617 -54.2700 271.2900 35 2372 30.9100 -359.6300
2.0634706527e-02 -1.9108773804e+00 1.1001882537e+00
141 142 132
4 25 708 99.5900 -548.1500 39 1202 349.5200 -353.2000 19 927 131.9300 -128.0500 33 2056 86.2500 366.1300
1.2939737733e+00 -8.6495578626e-01 1.4011708699e+00
150 153 153
3 25 1339 685.4301 -68.1000 39 1350 555.3300 -23.2500 19 1053 436.0800 122.3200
1.5332481650e+00 2.1155773595e+00 2.0575464002e+00
135 141 140
5 25 1091 658.2400 691.9000 39 1130 290.5200 471.3700 75 932 751.8101 530.1799 19 1196 372.5000 500.9299 20 1084 266.4600 171.9700
4.7509685533e-01 -2.4355401474e+00 1.0259790155e+00
45 43 31
3 25 1682 321.1700 -820.9700 39 1665 517.6500 -496.3101 19 1432 263.4200 -269.6100
3.3043302736e-01 -2.1088883633e+00 1.0813078867e+00
65 59 44
3 25 1142 242.3400 -644.2500 39 1704 450.2400 -398.6700 19 1456 215.2100 -176.3600
9.1090732763e-03 -1.9978519736e+00 1.0826509757e+00
83 75 59
3 25 1147 91.2600 -592.5000 39 1707 351.3400 -379.7700 19 1461 127.7500 -151.2200
-2.4311197509e+00 1.6790855020e+00 1.6743344963e+00
93 95 88
4 25 1509 -443.2000 361.7500 39 1517 -271.3200 196.3400 75 1204 -382.6900 201.9100 19 1740 -220.6000 333.9600
1.7015492217e-01 -2.0268325199e+00 1.0876218586e+00
159 165 161
4 25 2506 166.0800 -602.0800 39 2437 397.9500 -380.0400 19 2217 171.2100 -154.4700 33 4259 129.9900 325.5801
-8.6624111864e-02 -1.9647032098e+00 1.0819925626e+00
73 62 44
3 25 2512 48.4200 -577.9800 39 2443 324.4200 -375.4000 19 2226 103.7900 -144.3300
-4.1628825055e+00 1.0134728722e+00 1.3530931134e+00
72 68 50
5 25 2018 -884.5400 154.7400 39 1410 -549.7300 32.3800 75 1138 -838.2100 -9.7000 19 2476 -466.9200 216.3300 20 3314 -331.4700 -105.4600
-3.9936186360e+00 1.1639496841e+00 1.4061823313e+00
161 162 153
5 25 2050 -832.5800 192.2900 39 2019 -515.4200 60.6200 75 1682 -784.7600 28.9100 19 2512 -438.2600 237.3700 20 2335 -313.7200 -91.7000
1.5793767673e+00 1.9697577489e+00 2.0299808917e+00
165 182 189
4 25 3655 679.9700 670.8500 39 3250 306.1600 459.6700 75 2997 775.1100 509.1000 19 2780 385.6600 489.0900
9.9140733048e-02 -2.2220555127e+00 1.0445070690e+00
131 132 125
3 25 2477 128.8500 -703.6400 39 3385 391.8300 -443.1700 19 3233 152.7400 -209.0200
4.1589175193e-01 -2.1391187455e+00 1.0806886393e+00
68 64 50
3 25 2491 285.1500 -659.4100 39 3439 477.7200 -404.2100 19 3240 239.9500 -183.3000
-1.2330107056e-02 -1.8881446611e+00 1.1018527227e+00
145 148 139
4 25 2548 84.4600 -540.9200 39 3544 338.8600 -350.0300 75 2081 172.4500 -732.9000 19 3278 123.6600 -123.8400
5.9458696257e-01 -1.5685832954e-01 1.5142182867e+00
139 138 127
4 25 3099 372.2800 125.5900 39 2888 297.1300 71.3600 75 2518 464.6300 -40.7300 19 3654 238.5600 207.2600
-4.1613869368e+00 1.1915885988e+00 1.3979297412e+00
88 82 71
5 25 3163 -864.7600 189.6799 39 2869 -538.6800 57.8500 75 2574 -817.1100 26.4200 19 3696 -456.4700 235.9900 20 4874 -324.6900 -92.1700
-4.5422434074e-01 5.4454135838e-01 1.6547952726e+00
71 67 51
2 25 4768 32.2700 217.4700 39 4243 41.6900 128.3400
6.1336625076e-01 1.1403602172e+00 1.7855789858e+00
56 56 48
5 25 5015 374.6700 439.8300 39 4438 198.8200 290.5400 75 4098 461.5800 278.9000 19 3873 228.9100 372.1000 20 5256 137.9700 30.9400
-4.0319329855e+00 2.9375782252e+00 1.7945553545e+00
168 173 169
4 25 3469 -675.2700 480.5200 39 3135 -495.0000 272.4500 75 2831 -618.0600 317.9500 19 3896 -362.3700 390.7700
2.3759357490e-01 -2.0868502926e+00 1.0797072600e+00
119 120 108
3 25 5557 197.0000 -633.7400 39 4919 421.6600 -396.4500 19 4779 189.5400 -171.4000
-1.4174469556e+00 -1.8730648592e+00 1.0009390793e+00
150 156 151
3 25 3883 -484.4900 -560.8600 39 3436 8.9400 -409.8600 19 4805 -195.5400 -139.2300
-1.9588399097e+00 -1.8025410075e+00 9.7316212597e-01
53 50 39
4 25 5648 -666.7800 -541.5800 39 3433 -108.4900 -413.8000 75 3146 -626.6500 -727.4900 19 4844 -298.5100 -130.2600
-1.6498276640e+00 -1.8117456856e+00 9.9520266230e-01
72 68 56
4 25 5657 -561.8200 -539.4200 39 4900 -43.7700 -403.4800 75 3154 -515.2500 -725.9301 19 4853 -240.0500 -128.7000
-4.6120784871e-01 -1.8702117806e+00 1.0731366567e+00
143 149 141
4 25 3930 -110.5800 -540.9301 39 3513 227.7100 -365.5700 75 3138 -36.7200 -731.3199 19 4864 14.0600 -125.4900
-3.0130890842e+00 -8.5623620464e-01 1.0977917080e+00
60 59 48
4 25 4211 -851.8400 -242.9600 39 3699 -312.4600 -239.1900 75 3437 -813.6000 -411.2500 19 5150 -417.2500 24.2800
-1.8894210539e+00 -8.8200403314e-01 1.1744942237e+00
136 137 120
3 25 6129 -530.2600 -213.7700 39 5275 -122.8200 -195.0800 19 5175 -238.4300 40.2200
-1.5495429549e+00 -8.9160184277e-01 1.1984619010e+00
133 126 110
6 25 4250 -423.9200 -201.8900 39 3793 -58.3600 -179.8100 75 3468 -367.7600 -370.7300 19 5195 -178.9800 46.9200 20 4206 -182.8000 -293.5800 33 6391 -302.5200 682.9500
-2.4936397392e+00 -7.1316203834e-01 1.1719148150e+00
80 72 49
4 25 6191 -689.5700 -182.6000 39 3779 -224.9100 -187.1300 75 3497 -643.6100 -349.0800 19 5221 -328.6100 56.3900
2.1383574557e-01 -2.7580425424e-01 1.5507056322e+00
143 139 119
2 25 6492 234.6801 46.8000 39 5672 185.2500 29.5800
5.7926164441e-01 1.0848905032e+00 1.7727631247e+00
49 49 42
4 25 10180 365.0601 425.4500 39 6094 192.9500 281.4700 75 5790 451.5800 264.2400 19 5722 223.5200 363.6000
5.9912882519e-01 1.1004829846e+00 1.7773104501e+00
125 127 119
5 25 7132 370.2000 429.8900 39 6098 197.0400 283.9400 75 5797 457.3000 269.0800 19 5729 226.6900 366.3200 20 7886 136.4600 27.6300
5.9912882519e-01 1.1004829846e+00 1.7773104501e+00
125 127 119
5 25 7133 370.2000 429.8900 39 6099 197.0400 283.9400 75 5798 457.3000 269.0800 19 5730 226.6900 366.3200 20 7887 136.4600 27.6300
1.0998106499e+00 2.7845211817e+00 2.1624804716e+00
111 111 110
4 25 7726 506.3300 767.8700 39 6349 189.8400 517.2700 75 6335 592.5601 605.2300 19 6047 288.2200 540.8800
7.9521305110e-01 -2.4507405512e+00 1.0404913935e+00
76 73 65
3 25 7851 499.0400 -833.6300 39 6495 623.5699 -487.4100 19 6761 363.1400 -272.9000
-6.9733371175e-02 -1.9531467654e+00 1.0857526631e+00
144 147 143
4 25 5591 57.3600 -570.5300 39 4965 328.7000 -370.0900 19 6904 108.9200 -139.5500 33 8631 56.8300 351.2000
6.0610117520e-02 -1.8589019511e+00 1.1117210468e+00
56 49 41
4 25 5723 118.4301 -526.3101 39 5031 356.5500 -339.4300 75 4583 209.2400 -717.7100 19 7015 141.7100 -115.3700
1.1793371897e+00 -1.5963593761e+00 1.2449158032e+00
59 55 45
4 25 8371 667.1500 -374.6500 39 7090 618.2000 -209.6000 75 4776 798.6899 -562.7900 19 7224 438.9200 -34.9200
5.0687544886e-01 -1.0946076650e+00 1.2971804764e+00
148 134 117
4 25 6172 331.6100 -194.3800 39 5401 388.2600 -122.7100 75 3474 431.1801 -366.8500 19 7450 243.8900 55.3000
5.0687544886e-01 -1.0946076650e+00 1.2971804764e+00
148 134 117
4 25 6173 331.6100 -194.3800 39 5402 388.2600 -122.7100 75 3475 431.1801 -366.8500 19 7451 243.8900 55.3000
2.1383574557e-01 -2.7580425424e-01 1.5507056322e+00
143 139 119
2 25 6491 234.6801 46.8000 39 5671 185.2500 29.5800
3.0032998215e-01 1.1298457624e+00 1.7611404834e+00
166 175 177
4 25 10165 274.7700 415.6200 39 8069 140.9900 270.8300 75 8015 357.9700 254.2900 19 8223 173.4000 358.6800
-3.3075335180e+00 2.4592614909e+00 1.7498142419e+00
140 143 132
4 25 7172 -571.7100 446.4000 39 6047 -411.5300 252.8300 75 5817 -513.5400 284.2300 19 8265 -301.6100 372.5400
4.8879253179e-03 1.3844623916e+00 1.7904137175e+00
169 181 178
4 25 7174 186.7200 447.4700 39 6110 78.7300 288.3000 75 5822 265.9200 286.4100 19 8273 123.0100 375.1700
-4.1074080578e+00 3.1468387504e+00 1.8358375448e+00
168 171 165
4 25 7341 -673.2500 505.4500 39 4440 -498.8000 290.3900 75 5958 -615.3500 342.7200 19 8405 -361.3200 404.2100
-4.1074080578e+00 3.1468387504e+00 1.8358375448e+00
168 171 165
4 25 7342 -673.2500 505.4500 39 4441 -498.8000 290.3900 75 5959 -615.3500 342.7200 19 8406 -361.3200 404.2100
-1.7751878482e-01 1.7485549768e+00 1.8522258883e+00
176 176 163
4 25 10476 138.9000 504.3101 39 6189 37.7500 324.6800 75 5960 216.0400 344.4299 19 8414 94.7600 405.5701
9.6408453135e-01 2.3671768417e+00 2.0674472177e+00
130 140 142
5 25 7606 476.2900 690.2300 39 6328 177.8900 466.3101 75 6194 561.8500 527.3900 19 8577 271.5700 498.7900 20 8705 195.0400 169.8000
-7.8311323574e-01 -2.2654940628e+00 9.6876591787e-01
44 47 35
3 25 11469 -275.7700 -732.5000 39 8662 174.2000 -494.9301 19 9888 -71.0200 -226.0600
-1.1138425384e-01 -1.9681695750e+00 1.0792939572e+00
130 130 114
3 25 8015 36.6700 -580.3101 39 8960 319.0500 -377.5600 19 10025 97.8400 -144.9500
2.3006962332e-01 -1.6608405549e+00 1.1669878738e+00
152 151 139
5 25 12072 203.4900 -431.2900 39 9322 373.1400 -276.4200 75 6711 298.5000 -618.3101 19 10420 183.1700 -68.4600 33 33312 164.8500 468.7500
8.6622472055e-01 -1.7023041172e+00 1.2046801451e+00
63 54 47
4 25 12067 510.2100 -432.8500 39 9445 540.2500 -254.1000 75 9344 629.3700 -622.7600 19 10427 353.2100 -67.1200
9.9416110260e-01 4.4871623048e-02 1.5757476723e+00
175 191 194
4 25 9625 522.5601 202.4600 39 7841 374.7300 139.1800 75 7617 623.5699 41.0100 19 11611 327.1000 256.4100
-3.1994485162e+00 1.1728216106e+00 1.4702735366e+00
53 54 46
4 25 14102 -658.3000 231.0300 39 7737 -406.1000 97.9500 75 10649 -605.6000 68.2600 19 11632 -340.7900 259.3600
7.1797935593e-01 2.8104600402e-01 1.6225226654e+00
76 73 61
4 25 14154 417.4200 247.3301 39 10721 271.2200 166.5000 75 10692 509.8500 84.4800 19 11682 261.2100 271.3500
1.4301809742e+00 9.7472557266e-01 1.8092600772e+00
112 112 103
3 25 14976 664.2600 464.9700 39 11256 364.8900 319.0500 19 12245 389.1500 386.0100
-5.0020835476e+00 3.4259667004e+00 1.8247041760e+00
77 78 70
3 25 10453 -804.2800 498.5400 39 8089 -590.4500 279.4300 19 12370 -435.8400 400.0300
1.7192926904e+00 1.0832339806e+00 1.8504795971e+00
169 171 168
3 25 10512 765.5200 512.4000 39 8273 416.1200 353.0100 19 12455 443.8800 412.5100
-4.0531677936e+00 5.2559411415e+00 2.2855460995e+00
151 157 151
3 25 16336 -520.1400 750.3600 39 11679 -485.1800 475.9399 19 12868 -288.2300 530.6500
-3.7505162032e+00 5.3002715012e+00 2.3236240898e+00
68 67 72
3 25 11089 -469.5200 768.9800 39 8448 -451.1800 490.4600 19 12934 -260.0900 540.9900
-4.4328139346e+00 2.8036603078e+00 1.7277453152e+00
46 52 51
4 25 424 -760.4100 443.9399 39 271 -547.8700 241.4500 75 356 -707.1000 278.6700 20 416 -285.0000 28.6100
-2.4528443382e+00 -3.8318320732e-01 1.2386928937e+00
156 158 151
3 25 1329 -634.6000 -86.4200 39 1274 -234.2300 -119.6500 20 1346 -253.0700 -241.8200
-5.2848301752e+00 1.1501901469e+00 1.2946158605e+00
83 83 75
3 25 975 -1089.3800 132.6600 39 967 -689.8600 3.4300 20 1536 -405.8500 -116.0800
-2.7201921253e-01 1.3156217047e-01 1.6605009803e+00
104 97 78
2 25 965 83.6500 117.5500 39 1007 79.8500 67.0400
-4.8402759055e+00 1.0890893294e+00 1.3134654292e+00
149 159 152
4 25 979 -1013.4200 139.3300 39 979 -641.1000 14.6400 75 821 -969.8700 -26.1100 20 1560 -377.8800 -110.6600
2.0002666288e+00 -4.2326362144e-01 1.5678272549e+00
31 28 24
2 25 1420 997.3101 125.1800 39 1476 622.9301 118.8800
-5.1788332983e+00 1.2038454721e+00 1.3139777786e+00
87 88 76
3 25 1435 -1063.5900 147.3100 39 980 -676.5000 15.3300 20 1562 -397.2300 -109.5400
-5.6090964833e+00 1.3827730868e+00 1.3226571682e+00
87 82 68
3 25 1442 -1118.4800 162.6000 39 984 -715.4400 22.7300 20 1593 -415.9100 -104.0900
-4.2131924869e+00 1.2711774349e+00 1.4106645640e+00
167 173 168
4 25 2060 -867.8800 202.3101 39 2024 -545.0100 65.4400 75 1691 -819.8400 38.6300 20 2341 -326.3700 -87.1900
1.7732441228e+00 -1.2540425062e-01 1.6114460436e+00
167 170 163
4 25 3195 861.6300 204.0500 39 3003 538.2000 160.3700 75 1689 983.1000 39.1900 20 2365 309.3200 -79.8800
-2.7484824644e+00 -5.9296657920e-01 1.1841218998e+00
142 145 134
3 25 2878 -743.8100 -156.1500 39 2611 -263.3600 -174.1100 75 2352 -699.1600 -321.0000
-2.3452662424e+00 -3.7546503924e-01 1.2480558283e+00
143 160 164
3 25 1874 -604.7700 -79.9700 39 1875 -216.6900 -113.5400 20 3011 -241.8400 -238.5300
6.5370144576e-01 9.5006506878e-02 1.5942542667e+00
95 96 88
3 25 4708 390.8500 184.4600 39 4229 270.0900 124.5200 20 3351 132.6400 -90.1900
-4.5390487998e+00 1.7079308526e+00 1.4831429101e+00
92 92 90
4 25 3260 -885.4800 266.3900 39 2083 -574.5700 109.9000 75 2659 -837.4600 103.1200 20 3426 -331.9100 -58.0800
-4.0023184151e+00 1.5746103187e+00 1.4959846510e+00
68 69 64
4 25 3264 -792.7700 267.0100 39 2091 -510.3800 115.6200 75 2657 -742.1400 104.3100 20 3427 -298.8100 -57.4400
-4.2407766866e+00 3.3595645784e+00 1.8717796102e+00
63 64 49
4 25 3536 -682.2300 528.8400 39 3152 -509.2100 306.1500 75 2897 -623.8900 366.0300 20 3725 -255.1500 65.2700
1.3042391147e+00 1.2905723708e+00 1.8636148505e+00
90 91 84
4 25 3520 606.2600 523.1600 39 3189 321.8000 354.3700 75 2893 702.3500 363.8700 20 3751 229.2200 70.7300
-5.6561596846e+00 5.2607578846e+00 2.1352173697e+00
147 157 162
4 25 2342 -769.4600 678.9900 39 2262 -651.5700 416.9400 75 1971 -709.2800 511.3700 20 3908 -283.3500 154.3700
1.9885675794e+00 -8.3206590007e-01 1.4811264696e+00
171 176 179
2 25 4520 1033.8601 -17.8900 39 5673 676.0900 32.2600
-4.8250367228e+00 1.4809170153e+00 1.4081630020e+00
156 158 145
3 25 4759 -965.7100 214.1400 39 2882 -617.6900 67.9500 20 4932 -360.9600 -81.6500
-4.8301092564e+00 1.4831783877e+00 1.4088281882e+00
156 158 145
4 25 4760 -965.7100 214.1400 39 2883 -617.6900 67.9500 75 3861 -919.9200 50.7800 20 4933 -360.9600 -81.6500
-4.7400109007e+00 1.4717487061e+00 1.4140534494e+00
157 155 147
4 25 4766 -949.4900 216.0601 39 2887 -606.1900 70.4600 75 3869 -903.9900 52.4100 20 4935 -355.3200 -80.8400
1.6906630319e+00 1.0966589346e+00 1.8496492609e+00
171 173 166
3 25 5115 755.2300 514.7300 39 4516 410.2000 354.3200 20 5477 286.2700 68.2400
1.5647960087e+00 1.1553176859e+00 1.8548891741e+00
159 163 158
4 25 5118 704.8000 514.5701 39 4513 380.5800 352.2800 75 2882 806.4200 355.2200 20 5480 267.0900 67.7900
1.7413635441e+00 1.0822894135e+00 1.8501264965e+00
168 170 164
3 25 5120 775.1600 515.8101 39 4522 421.6400 355.6700 20 5488 294.1000 68.7700
1.8351440659e+00 1.0539287946e+00 1.8506639051e+00
164 169 163
3 25 5125 812.7500 517.1899 39 4528 443.0400 358.0900 20 5492 308.5300 69.6700
1.9879813622e+00 1.0154929444e+00 1.8528751482e+00
119 120 121
3 25 5140 874.6500 521.8500 39 6248 478.5400 362.5500 20 5503 332.3100 72.1500
-2.2160060935e+00 -4.6413196231e-01 1.2326179405e+00
154 159 154
3 25 4406 -578.1600 -101.3600 39 3869 -199.3200 -125.0600 20 6397 -232.3800 -245.5000
-4.9628491331e+00 8.5894825345e-01 1.2534930241e+00
153 160 154
3 25 9308 -1065.8199 87.7100 39 5570 -663.9300 -25.7500 20 6978 -397.1700 -133.7100
-1.8598779893e+00 3.5097573861e-01 1.3394988454e+00
47 47 39
2 25 6614 -417.9100 130.2100 39 4140 -215.5900 43.5500
-3.5276984020e+00 8.6035421534e-01 1.3736337120e+00
97 94 80
4 25 6649 -765.3100 151.4600 39 5688 -457.4100 37.1000 75 5394 -716.4500 -12.3800 20 7097 -289.9900 -110.1600
-3.8197839682e+00 3.1250478400e+00 1.8542664492e+00
140 139 129
4 25 7378 -622.4800 517.6500 39 6139 -466.3900 300.7900 75 5987 -563.8500 355.0200 20 8154 -233.5000 61.2200
2.0101788771e+00 9.9502484098e-01 1.8505161768e+00
171 179 171
3 25 5127 884.8500 518.5601 39 4531 484.3199 361.3000 20 8241 336.3300 70.7000
-7.8092009642e-01 -1.7346305446e+00 1.0751108415e+00
61 66 74
3 25 5807 -231.7200 -489.1600 39 5013 150.6000 -344.5600 75 4672 -164.9700 -673.5900
6.3302130336e-01 5.4869900869e-03 1.5747353977e+00
156 162 158
2 25 9477 385.9000 159.8000 39 7760 273.0900 108.5900
9.6865766266e-03 1.4183370504e+00 1.7993494840e+00
116 117 111
3 25 14884 188.0300 453.5100 39 11111 78.6700 292.3400 75 11256 267.5200 292.1600
-3.8441638046e+00 3.2083929634e+00 1.8763257307e+00
64 61 51
2 25 23384 -618.5200 524.0300 39 11188 -464.2800 305.6900
-3.8441638046e+00 3.2083929634e+00 1.8763257307e+00
64 61 51
2 25 23385 -618.5200 524.0300 39 11189 -464.2800 305.6900
3.0436573148e-01 -2.2613918234e+00 1.0500363052e+00
122 124 113
2 25 108 229.7900 -723.4200 39 103 452.9301 -447.4000
7.1925318860e-01 -2.2074332476e+00 1.0868040423e+00
170 186 202
2 25 109 445.1500 -692.9000 39 106 572.4100 -410.6700
7.6860827019e-01 -2.0281143780e+00 1.1280174262e+00
165 175 177
2 25 179 467.6600 -596.3400 39 182 561.9200 -353.1300
-2.5091783625e+00 -9.3933110850e-01 1.1216197283e+00
47 38 29
2 25 205 -717.0000 -251.7900 39 205 -226.3900 -233.1100
-8.2648964776e-01 -1.0714908935e+00 1.2078750817e+00
119 116 106
3 25 209 -194.0800 -237.3700 39 222 91.1700 -185.4900 75 176 -125.4900 -408.6801
7.0860531594e-01 -1.2126778691e+00 1.2890858084e+00
136 139 130
3 25 218 423.1000 -229.5200 39 231 448.1899 -139.1400 75 92 530.3400 -406.0100
-2.3618717530e+00 -8.4892294191e-01 1.1537229732e+00
111 113 108
2 25 222 -664.7900 -217.2500 39 213 -199.3300 -208.8300
-2.3618717530e+00 -8.4892294191e-01 1.1537229732e+00
111 113 108
2 25 223 -664.7900 -217.2500 39 214 -199.3300 -208.8300
4.5698300319e-01 -1.2765834083e+00 1.2614054992e+00
45 41 30
3 25 345 309.7800 -264.9000 39 562 388.4500 -166.6500 75 282 409.8000 -441.1899
7.6580700511e-01 -2.3357744518e+00 1.0618344065e+00
71 72 64
2 25 447 474.3300 -764.9600 39 460 604.3800 -451.0000
-4.8361668131e+00 1.6722251817e+00 1.4492068184e+00
168 179 174
3 25 624 -946.4000 248.1300 39 400 -614.2500 92.9000 75 546 -898.8300 84.9400
2.1853489488e+00 6.8954512307e-01 1.8011456932e+00
136 139 132
2 25 660 979.7200 459.6600 39 691 548.8300 328.0300
8.3478663958e-01 -2.3750146443e+00 1.0583250766e+00
88 85 71
2 25 696 514.5900 -788.1100 39 1171 629.5699 -458.9500
8.6781622516e-01 -2.3577825686e+00 1.0634036039e+00
162 164 178
2 25 697 532.5601 -778.1801 39 1173 639.1100 -452.0400
9.5033243220e-01 -2.4156290528e+00 1.0553370686e+00
160 166 177
2 25 1116 583.1600 -812.6700 39 1680 673.2200 -467.5800
5.2319495884e-01 -2.4124903659e+00 1.0332305333e+00
143 145 144
2 25 1118 343.8500 -808.2200 39 1669 532.7500 -485.3600
4.8337130948e-01 -2.1778963957e+00 1.0775457995e+00
82 77 64
2 25 1138 319.5400 -678.5300 39 1183 500.4700 -412.4900
-7.1728478274e-01 -2.1460125787e+00 9.9746593804e-01
164 168 169
2 25 1139 -238.0500 -673.3199 39 1172 186.4900 -456.7200
4.4834688417e-01 -2.1263125661e+00 1.0856714238e+00
168 179 181
2 25 1140 301.4000 -651.6300 39 1703 485.0699 -398.3700
-1.2186383038e-01 -1.9140340376e+00 1.0888257014e+00
144 146 143
2 25 1162 34.5200 -554.9700 39 1714 313.1801 -362.8800
-1.2186383038e-01 -1.9140340376e+00 1.0888257014e+00
144 146 143
2 25 1163 34.5200 -554.9700 39 1715 313.1801 -362.8800
1.1360929854e+00 -1.3810374467e+00 1.2885647552e+00
57 59 46
3 25 1247 633.4800 -280.9500 39 1832 572.8101 -154.2800 75 1009 759.2700 -461.2600
-2.5552317418e+00 -9.5131303034e-01 1.1107730537e+00
46 42 31
3 25 1250 -735.5600 -257.2200 39 1229 -237.4400 -238.8100 75 1015 -692.7100 -427.6000
-2.3122204281e+00 -4.6707930501e-01 1.2272328282e+00
138 140 135
3 25 1306 -605.5400 -108.1700 39 1266 -213.8000 -131.2400 75 1045 -556.1500 -273.4200
1.8897171395e+00 -7.3196493747e-01 1.4974101756e+00
81 82 71
2 25 1371 972.5500 11.8700 39 1428 634.4500 47.4100
1.8509413971e+00 -6.9925608323e-01 1.5018761782e+00
80 80 68
2 25 1374 949.8201 21.0000 39 1431 620.3101 51.7500
1.4267429447e-01 -4.9176442239e-02 1.5865078076e+00
151 145 133
2 25 1407 211.7300 104.6500 39 1441 163.3100 65.8900
1.4267429447e-01 -4.9176442239e-02 1.5865078076e+00
151 145 133
2 25 1408 211.7300 104.6500 39 1442 163.3100 65.8900
-4.8565214424e+00 9.9978108950e-01 1.2911224525e+00
34 32 19
3 25 1419 -1028.0000 123.2800 39 1378 -647.6000 2.4400 75 1123 -984.7300 -41.8100
-4.5673080851e+00 1.0545284971e+00 1.3269920253e+00
156 158 155
3 25 1433 -964.0200 146.3800 39 1400 -607.0600 21.8000 75 1134 -919.8400 -18.4900
3.7465263761e-01 2.0078312287e-01 1.6026618215e+00
160 171 164
2 25 1458 292.0300 193.7100 39 1479 207.7700 125.7400
-3.3053336149e+00 1.1267954625e+00 1.4487291690e+00
157 158 151
3 25 1469 -687.8500 216.6799 39 1458 -424.4100 87.0300 75 1161 -635.3600 53.2300
-1.0329950021e-01 5.0383553851e-01 1.6416539304e+00
163 168 156
2 25 1477 137.0000 235.8401 39 1490 103.6800 145.0700
-2.1076270427e-01 5.5187798809e-01 1.6476420882e+00
168 172 161
2 25 1479 104.6801 239.5100 39 1491 82.7700 145.8700
-5.9681398981e+00 3.5564626065e+00 1.7662075695e+00
153 162 163
3 25 1551 -953.1500 474.8000 39 1072 -690.2200 254.1000 75 1244 -899.3400 310.8400
8.8987964138e-01 -2.4037348003e+00 1.0543833732e+00
90 91 78
2 25 1684 547.1899 -805.3900 39 2383 652.9399 -466.7800
-6.7686709101e-01 -2.1638692938e+00 9.9668539518e-01
83 77 62
2 25 1705 -221.8700 -681.5400 39 1684 196.4400 -461.0500
-2.3679453398e+00 -3.9867708560e-01 1.2393547913e+00
61 63 51
3 25 1865 -614.4300 -90.8900 39 1870 -222.2600 -120.8400 75 1055 -563.8700 -255.8400
4.2121139862e-01 -2.9930052759e-01 1.5349940355e+00
156 155 150
2 25 1945 308.9200 54.7100 39 1417 233.3700 39.4400
-2.3027911110e+00 1.5734072811e-01 1.3638613804e+00
171 173 172
3 25 1946 -537.9600 54.4100 39 1943 -223.7600 -19.1200 75 1590 -483.5700 -107.4200
-4.4368094133e+00 7.4840102450e-01 1.2698824960e+00
138 145 140
3 25 1968 -974.1700 89.8900 39 1944 -598.2300 -17.1400 75 1607 -931.6000 -75.8300
-1.5206905456e-03 4.0512431087e-02 1.6082450787e+00
142 138 126
2 25 1982 164.9500 117.6000 39 1448 132.1500 71.8300
-1.5431955848e-01 1.2743585525e-01 1.6357561617e+00
147 143 130
2 25 1991 118.2000 127.7500 39 2039 100.9600 75.6000
8.7057149457e-02 1.1416708868e-01 1.6023638894e+00
143 143 133
2 25 2008 193.9301 146.0800 39 2059 149.4600 91.2500
1.3342784094e-02 1.6506312426e-01 1.6142046392e+00
146 143 131
2 25 2015 170.6200 153.5400 39 2062 132.9300 94.4900
-1.2674231002e-01 2.4095293958e-01 1.6312374194e+00
148 143 129
2 25 2022 127.1500 162.0300 39 2069 104.6100 97.9500
-4.3027993411e+00 1.0790503159e+00 1.3547691380e+00
68 66 53
3 25 2026 -907.0400 163.1699 39 993 -569.2700 35.8000 75 1141 -862.2700 -2.1400
2.9973487193e-01 2.5691315546e-01 1.6086722690e+00
177 182 180
2 25 2062 266.0900 203.4700 39 2111 190.9000 130.5400
-4.3600291593e+00 1.3323795539e+00 1.4128025574e+00
164 165 161
3 25 2068 -890.5900 208.3800 39 2028 -562.3300 68.1200 75 1699 -843.6000 44.9500
2.0882640278e-01 3.6786521391e-01 1.6244986487e+00
98 99 91
2 25 2087 236.1500 225.4700 39 2124 167.9700 143.2700
1.2349311917e-01 4.2269371294e-01 1.6328751078e+00
107 106 95
2 25 2096 208.6000 232.7000 39 2128 148.6600 146.4100
3.6127490075e-02 4.6945890438e-01 1.6372797502e+00
104 104 94
2 25 2097 180.6500 238.1599 39 2129 130.7700 148.6800
-2.9232222548e-01 5.8951992259e-01 1.6521885438e+00
171 175 171
2 25 2102 80.6899 242.7300 39 1492 67.3800 146.4200
9.6588488773e-01 6.9606132563e-01 1.7059740931e+00
79 73 66
2 25 2146 497.3700 373.2800 39 2175 313.0800 248.2500
2.1357572644e+00 7.2510282991e-01 1.8055414627e+00
138 139 132
2 25 2184 956.0200 464.5400 39 2224 534.1100 329.2100
-5.7127313790e+00 3.6566732402e+00 1.8100494255e+00
154 158 157
3 25 2215 -904.1700 498.0100 39 2197 -662.1000 274.1500 75 1859 -849.6000 334.5500
8.1061506306e-01 -2.4257284573e+00 1.0467558990e+00
67 61 50
2 25 2432 503.5900 -817.4500 39 2377 625.5800 -477.6600
3.7820176531e-01 -2.3685037570e+00 1.0330158319e+00
71 68 50
2 25 2449 266.8199 -782.6300 39 2378 485.0601 -477.5900
5.6501770327e-01 -2.2449617999e+00 1.0691871120e+00
126 123 108
2 25 2472 362.9600 -714.3000 39 2406 531.3101 -429.6899
5.6501770327e-01 -2.2449617999e+00 1.0691871120e+00
126 123 108
2 25 2473 362.9600 -714.3000 39 2407 531.3101 -429.6899
1.4159518241e-01 -2.2367548996e+00 1.0446110105e+00
130 134 129
2 25 2476 149.6000 -711.0500 39 2400 404.0000 -446.1600
5.5162220307e-01 -2.2020773114e+00 1.0767739320e+00
80 77 68
2 25 2483 355.0900 -691.1600 39 3422 523.6400 -416.9100
-5.2422902537e-01 -2.1739015016e+00 1.0080165037e+00
61 58 48
2 25 2486 -154.3900 -684.8600 39 3376 228.9000 -456.7300
3.3274085661e-01 -2.0834935285e+00 1.0864176719e+00
166 171 172
2 25 2496 243.5200 -630.7200 39 3461 448.5400 -391.1000
-1.9744212083e-01 -2.0401772631e+00 1.0596213140e+00
119 114 97
2 25 2500 -3.1400 -615.6000 39 3442 300.7600 -402.1200
-1.6095275547e+00 -1.8666493716e+00 9.8846124302e-01
144 145 140
2 25 2515 -550.6300 -561.5300 39 1700 -31.2200 -415.8300
-9.5452255007e-01 -1.8868717563e+00 1.0334987566e+00
150 154 152
2 25 2519 -310.2000 -557.9500 39 2427 113.2600 -393.1500
-6.2607347412e-01 -1.8297180206e+00 1.0688247136e+00
132 134 123
3 25 2557 -175.9200 -526.3000 39 2462 187.0800 -362.3500 75 2092 -105.7900 -714.7000
-7.8932116150e-01 -1.8228846760e+00 1.0582176948e+00
128 128 118
3 25 2561 -241.0900 -526.6200 39 2457 148.9200 -368.1000 75 2096 -175.2700 -714.4399
-8.7733831822e-01 -1.8192081892e+00 1.0527128652e+00
129 132 124
2 25 2563 -275.3400 -526.9900 39 2451 128.5900 -370.9500
1.5971531297e+00 -1.6495070369e+00 1.2579848912e+00
146 152 148
2 25 2640 904.4299 -384.4399 39 3764 752.2800 -198.5000
8.8178492479e-01 -1.3624146466e+00 1.2754557811e+00
97 91 77
3 25 2697 508.5601 -283.0300 39 3808 502.2600 -164.2900 75 2233 622.0699 -462.2100
-1.8588631197e+00 -1.0104173950e+00 1.1504437563e+00
122 123 114
2 25 2713 -533.2300 -252.6899 39 2562 -112.1700 -220.8200
1.0209970636e+00 -1.2403582406e+00 1.3070834472e+00
141 144 142
3 25 2728 571.5800 -228.1100 39 2692 528.9900 -127.5700 75 2248 688.8500 -403.7000
-3.7503576430e+00 -6.7487795747e-01 1.0758197945e+00
71 62 44
2 25 2738 -1004.1000 -216.8300 39 2550 -438.5800 -233.8600
-3.8946887229e+00 -6.5832656128e-01 1.0684671110e+00
74 68 49
2 25 2739 -1035.5400 -216.9399 39 2543 -460.1000 -236.0400
-1.5095777642e+00 -8.9689714735e-01 1.2009256708e+00
133 129 112
3 25 2750 -410.8100 -203.2200 39 2598 -50.0500 -179.7100 75 2263 -353.7000 -372.0400
-1.5919158422e+00 -8.4321776913e-01 1.2055064390e+00
82 76 62
2 25 2764 -433.6300 -189.3101 39 2617 -67.4100 -172.3300
-1.8119348913e+00 -8.1309191021e-01 1.1979318539e+00
92 86 70
2 25 2765 -498.1400 -187.8600 39 2602 -107.9000 -176.4900
-8.8920790719e-01 -9.1299541337e-01 1.2294272525e+00
98 94 82
2 25 2772 -209.4700 -186.0200 39 2641 70.4700 -154.6300
-1.0790554790e+00 -8.9554438133e-01 1.2226484034e+00
80 74 60
2 25 2775 -273.0900 -187.2900 39 2633 31.8200 -159.6900
-1.1787822730e+00 -8.8418321442e-01 1.2194606204e+00
80 75 55
2 25 2776 -305.6100 -187.1600 39 2629 12.1200 -161.9300
-1.7076016457e+00 -8.2510459608e-01 1.2041466066e+00
92 86 71
3 25 2778 -466.3400 -187.4399 39 2612 -87.7800 -173.7500 75 2305 -412.0600 -355.3700
-1.7031262163e+00 -8.2480122776e-01 1.2026075161e+00
92 86 71
2 25 2779 -466.3400 -187.4399 39 2613 -87.7800 -173.7500
-1.4657899213e-02 -1.0089670887e+00 1.2726393891e+00
90 85 64
3 25 2795 116.2100 -185.1801 39 3854 263.3199 -131.6000 75 2279 201.2400 -355.6899
-5.3261611694e-01 -9.4945742655e-01 1.2473591824e+00
97 91 75
3 25 2798 -80.0300 -185.3500 39 2661 147.9200 -144.8200 75 2299 -5.8200 -354.8101
1.0055962870e+00 -1.1290678704e+00 1.3267343213e+00
104 96 81
2 25 2810 560.2800 -182.2300 39 2729 514.2000 -101.0000
9.4050632968e-01 -1.1216190510e+00 1.3234947613e+00
99 92 76
2 25 2811 529.0500 -182.4900 39 2727 496.9301 -102.9700
1.9348374684e+00 -1.2399437678e+00 1.3675487350e+00
96 90 74
2 25 2816 1051.9099 -180.0200 39 3970 777.2100 -69.1300
1.9635635163e+00 -1.2419297213e+00 1.3688837717e+00
145 142 134
2 25 2824 1068.2200 -179.2000 39 3973 785.4600 -67.7500
1.4379942587e+00 -1.0933881091e+00 1.3599896431e+00
96 92 83
2 25 2893 772.0100 -145.7100 39 3979 631.6000 -66.5600
1.3776391724e+00 -1.0851289728e+00 1.3572303763e+00
94 89 70
2 25 2894 740.7600 -145.6700 39 3971 614.8500 -68.3500
9.0317724932e-01 -6.7235862136e-01 1.4553847301e+00
156 161 157
2 25 2990 504.6000 -27.3200 39 1953 383.3101 -3.5200
7.2736494441e-01 -2.8290237532e-01 1.5266374068e+00
143 144 136
2 25 3062 425.0000 83.2600 39 2874 310.7900 61.6800
5.5569400757e-01 -1.4812165147e-01 1.5498474460e+00
131 130 125
2 25 3086 357.8900 109.8900 39 2896 262.1400 75.9200
-4.7743909264e+00 9.9750486372e-01 1.2977100755e+00
129 131 118
3 25 3100 -1011.6100 126.1500 39 1962 -636.3500 5.7300 75 2521 -969.1800 -38.8800
-1.4862121799e+00 2.3712969583e-01 1.2840246641e+00
75 75 66
2 25 3103 -332.7300 131.5100 39 2854 -167.3100 50.2100
-1.4308945510e+00 2.5631076522e-01 1.2849021389e+00
76 76 66
2 25 3115 -316.3300 142.4900 39 2872 -158.5900 59.2900
-1.4308945510e+00 2.5631076522e-01 1.2849021389e+00
76 76 66
2 25 3116 -316.3300 142.4900 39 2873 -158.5900 59.2900
4.6136669205e-01 2.7409131335e-03 1.5724605822e+00
69 66 54
2 25 3118 322.5699 146.3100 39 2915 234.9900 96.5100
3.3857328518e-01 1.0718770810e-01 1.5901466230e+00
70 70 62
2 25 3138 279.1700 165.1699 39 2921 203.2100 106.9200
2.0724614502e-01 1.6190967746e-01 1.6012395847e+00
137 136 122
2 25 3142 234.4000 169.3900 39 2924 173.1100 107.3700
-4.3935927638e+00 1.2381097493e+00 1.3874362785e+00
93 88 75
3 25 3164 -908.0600 189.3700 39 2011 -571.0800 54.5200 75 2575 -861.6000 25.1500
-4.8946990048e+00 1.3724231151e+00 1.3766740122e+00
142 143 128
3 25 3176 -990.4900 192.6599 39 2857 -631.9100 51.5200 75 2586 -946.1500 28.6600
-4.6821240503e+00 1.3505811643e+00 1.3887109102e+00
143 142 128
3 25 3184 -952.4700 197.6799 39 2870 -606.1400 57.4700 75 2591 -906.6800 33.8500
-5.3417128163e+00 1.5071372892e+00 1.3722760573e+00
157 159 148
2 25 3187 -1058.1500 198.4800 39 2860 -678.5100 51.3000
-5.1834927920e+00 1.5659498453e+00 1.3979636493e+00
106 107 96
2 25 3221 -1022.9400 215.5300 39 2026 -658.0700 65.6000
2.0209127677e+00 -1.4342916044e-01 1.6217147018e+00
92 91 82
2 25 3222 980.6201 217.4299 39 3038 602.4600 174.3700
-3.0059197805e-01 5.0914830820e-01 1.6458225602e+00
137 137 128
2 25 3227 76.6400 221.3800 39 2962 68.7800 132.5300
3.5775416929e-01 4.2164642632e-01 1.6398631428e+00
174 180 177
2 25 3246 287.4399 249.6799 39 3007 193.1000 161.5200
7.1887745035e-02 6.3562224496e-01 1.6631732706e+00
47 48 41
2 25 3271 194.6100 282.1699 39 3053 130.2900 178.1700
-1.0078115908e-01 6.9511752785e-01 1.6652384693e+00
55 57 46
2 25 3276 140.9000 284.2200 39 3046 97.3600 176.8100
