# Bundle file v0.3
90 15137
0 0 0
0 0 0
0 0 0
0 0 0
0 0 0
0 0 0
0 0 0
0 0 0
0 0 0
0 0 0
2.0277861832e+03 4.0654871427e-02 6.2641901723e-02
8.5075922905e-01 2.3665814266e-01 -4.6925649457e-01
3.7877050281e-02 8.6294498345e-01 5.0387625922e-01
5.2418895757e-01 -4.4645142967e-01 7.2519449647e-01
1.2970481896e+00 -2.1897263010e+00 -1.3044794955e+01
0 0 0
0 0 0
0 0 0
0 0 0
0 0 0
1.9302905790e+03 -2.0489607069e-02 4.4993454852e-02
8.5942136297e-01 2.1382294766e-01 -4.6440786807e-01
-1.5452721516e-02 9.1879382620e-01 3.9443518901e-01
5.1103437680e-01 -3.3180966228e-01 7.9293518887e-01
1.0956619695e+00 -4.1985796940e-01 -1.3238563123e+01
2.1541443003e+03 2.9002341054e-02 -2.8254480168e-03
8.3793559407e-01 2.1903583186e-01 -4.9988723184e-01
1.4890750966e-02 9.0641530782e-01 4.2212504697e-01
5.4556594993e-01 -3.6115729829e-01 7.5625604141e-01
9.3659290005e-01 -1.0549256639e+00 -1.3823697160e+01
0 0 0
0 0 0
0 0 0
0 0 0
0 0 0
1.8862908668e+03 -1.1013679427e-02 2.3472398082e-02
8.6497531297e-01 2.0525055618e-01 -4.5791911637e-01
-4.5926806587e-02 9.4107638675e-01 3.3506113284e-01
4.9970835133e-01 -2.6878884556e-01 8.2343434475e-01
9.5449413676e-01 5.1516424074e-01 -1.3246040646e+01
0 0 0
0 0 0
0 0 0
0 0 0
0 0 0
0 0 0
0 0 0
0 0 0
0 0 0
0 0 0
2.1465779152e+03 -6.0733778945e-02 9.2221786125e-03
8.3842196702e-01 2.1912504216e-01 -4.9903188386e-01
-3.8143462041e-01 8.8992544821e-01 -2.5008064096e-01
3.8930224192e-01 4.0002114010e-01 8.2971492207e-01
5.0398128252e-01 8.7547035346e+00 -1.0021545744e+01
1.2323901224e+03 -4.0456456913e-02 -1.9837417374e-01
7.4773804531e-01 1.8965583781e-01 -6.3633205072e-01
-1.3056425422e-01 9.8162682244e-01 1.3914653063e-01
6.5103056081e-01 -2.0962935189e-02 7.5876199446e-01
1.0181198632e+00 4.0308041527e+00 -6.5362555838e+00
0 0 0
0 0 0
0 0 0
0 0 0
0 0 0
1.5732352804e+03 -1.2651436672e-01 -7.4604081569e-02
7.6510356934e-01 1.1573868000e-01 -6.3342014977e-01
2.0190437179e-01 8.9098079930e-01 4.0667903797e-01
6.1143368637e-01 -4.3904188094e-01 6.5832444429e-01
6.9521762974e-01 -3.4081722902e+00 -1.3066882645e+01
0 0 0
0 0 0
0 0 0
0 0 0
0 0 0
0 0 0
0 0 0
0 0 0
0 0 0
0 0 0
1.9563870047e+03 1.6816761106e-01 3.1127336905e-01
8.4628710872e-01 2.1676259799e-01 -4.8663344082e-01
-1.1484670085e-01 9.6623165440e-01 2.3066561367e-01
5.2020031230e-01 -1.3932109007e-01 8.4260386241e-01
8.7065314378e-01 2.0758214170e+00 -1.2720959376e+01
0 0 0
0 0 0
0 0 0
0 0 0
0 0 0
0 0 0
0 0 0
0 0 0
0 0 0
0 0 0
8.1378523518e+02 8.7689027979e-02 -1.3097633767e-01
9.7933761478e-01 1.1358081905e-01 -1.6732373956e-01
3.7393330264e-02 7.1141534108e-01 7.0177628296e-01
1.9874500026e-01 -6.9353270292e-01 6.9246863817e-01
8.9252171579e-01 7.5123485967e-02 -5.3094703616e+00
9.9297251976e+02 3.8710041067e-02 -3.5846364420e-01
8.7348558691e-01 2.5143635829e-01 -4.1689649459e-01
1.8392981552e-01 6.2242192534e-01 7.6076328106e-01
4.5076906774e-01 -7.4119545639e-01 4.9742993777e-01
8.5616188770e-01 -1.9660656916e+00 -7.2343417660e+00
0 0 0
0 0 0
0 0 0
0 0 0
0 0 0
0 0 0
0 0 0
0 0 0
0 0 0
0 0 0
2.3860023056e+03 -5.3345212828e-02 9.5184827841e-02
8.7131511299e-01 2.1182779090e-01 -4.4264993040e-01
-1.9971266741e-01 9.7702328169e-01 7.4433577834e-02
4.4824638800e-01 2.3547697048e-02 8.9359984423e-01
5.2232312733e-01 4.6100416182e+00 -8.5142529604e+00
0 0 0
0 0 0
0 0 0
0 0 0
0 0 0
-1.8321677317e+03 6.0816831467e-02 -1.3142290941e-01
9.0876163955e-01 3.4315418053e-02 4.1590231373e-01
1.6865142920e-01 8.8140258292e-01 -4.4123257160e-01
-3.8171845371e-01 4.7111775481e-01 7.9519751206e-01
-2.0286146068e-01 1.0146953518e+00 3.8811243761e+00
0 0 0
0 0 0
0 0 0
0 0 0
0 0 0
1.4768436340e+03 1.5496444822e-02 -1.3241628892e-01
8.1150597583e-01 1.7103269059e-01 -5.5875385452e-01
1.0965173353e-01 8.9465024274e-01 4.3310211324e-01
5.7396389131e-01 -4.1273328181e-01 7.0725998725e-01
7.4060764499e-01 -5.8025333118e+00 -2.3726432926e+01
0 0 0
0 0 0
0 0 0
0 0 0
0 0 0
0 0 0
0 0 0
0 0 0
0 0 0
0 0 0
1.8558367030e+03 -2.8574771934e-02 1.0940868343e-01
7.7993645224e-01 2.0433096526e-01 -5.9156401775e-01
-1.1424593059e-01 9.7580404156e-01 1.8642515875e-01
6.1534299200e-01 -7.7815995212e-02 7.8440912353e-01
9.3798773100e-01 2.9667404867e+00 -9.7171696246e+00
0 0 0
0 0 0
0 0 0
0 0 0
0 0 0
0 0 0
0 0 0
0 0 0
0 0 0
0 0 0
2.5663873111e+03 1.3476958748e-01 -5.1068982969e-01
8.6349351162e-01 2.1652632854e-01 -4.5551652488e-01
-6.2236367310e-02 9.4199902136e-01 3.2979460024e-01
5.0050533461e-01 -2.5642580371e-01 8.2688585501e-01
1.1415967526e+00 2.4479160881e+00 -8.4056825476e+00
0 0 0
0 0 0
0 0 0
0 0 0
0 0 0
1.1120538898e+03 -8.2127826600e-02 3.7820938741e-01
8.4962192282e-01 1.7209927189e-01 -4.9852224512e-01
1.1688846573e-01 8.6030195387e-01 4.9620321921e-01
5.1427587426e-01 -4.7985663358e-01 7.1081498040e-01
1.3568583584e+00 -2.5749745341e+00 -1.2968203583e+01
6.9926316644e+02 -1.9994779782e-01 3.1051053176e-01
7.0493554155e-01 2.1109274979e-01 -6.7713051419e-01
8.9626374836e-03 9.5195730829e-01 3.0609958236e-01
7.0921474420e-01 -2.2184935019e-01 6.6917659286e-01
3.5909291286e+00 -1.2528821190e+00 -1.8919748880e+01
2.1013860836e+03 5.9677430254e-02 -2.3339431797e-01
8.2358008099e-01 2.0942709641e-01 -5.2712061379e-01
-5.8186955599e-02 9.5563056836e-01 2.8876373564e-01
5.6420752245e-01 -2.0714851703e-01 7.9922422604e-01
1.0460945503e+00 8.8239625964e-01 -1.3915649582e+01
7.2868096321e+02 -9.9772470249e-02 -1.0833028745e-01
8.5275056321e-01 2.0329523350e-01 -4.8113150488e-01
-9.6797983206e-02 9.6669941430e-01 2.3690165225e-01
5.1327052068e-01 -1.5544545806e-01 8.4403203859e-01
1.4143944270e+00 3.4793417292e+00 -6.5456864516e+00
-6.8361492638e+01 1.5258610529e-04 -2.5188227312e-06
9.5828987955e-01 -2.8310228304e-01 3.9161257371e-02
2.7152004786e-01 9.4459647388e-01 1.8442983800e-01
-8.9204093824e-02 -1.6610418076e-01 9.8206518662e-01
8.4553691891e-01 1.1440154747e-01 -1.1105021988e+00
0 0 0
0 0 0
0 0 0
0 0 0
0 0 0
0 0 0
0 0 0
0 0 0
0 0 0
0 0 0
2.5093178906e+03 -1.4557307409e-01 -1.5116634355e-01
8.3574390464e-01 1.7737828679e-01 -5.1968169991e-01
1.8989261084e-01 7.9464473990e-01 5.7661125006e-01
5.1524064494e-01 -5.8058305239e-01 6.3043667174e-01
-1.3958574121e-01 -3.3915901262e+00 -1.0631679471e+01
0 0 0
0 0 0
0 0 0
0 0 0
0 0 0
0 0 0
0 0 0
0 0 0
0 0 0
0 0 0
0 0 0
0 0 0
0 0 0
0 0 0
0 0 0
0 0 0
0 0 0
0 0 0
0 0 0
0 0 0
0 0 0
0 0 0
0 0 0
0 0 0
0 0 0
1.6818052929e+03 -6.9673674506e-02 -2.8019537458e-01
4.3336857167e-02 8.8069993996e-01 4.7168796101e-01
-8.5965318878e-01 -2.0768632869e-01 4.6675773576e-01
5.0903665077e-01 -4.2571587312e-01 7.4809603899e-01
-1.7863718555e+00 -1.0945476969e+00 -1.3123512547e+01
0 0 0
0 0 0
0 0 0
0 0 0
0 0 0
0 0 0
0 0 0
0 0 0
0 0 0
0 0 0
0 0 0
0 0 0
0 0 0
0 0 0
0 0 0
0 0 0
0 0 0
0 0 0
0 0 0
0 0 0
0 0 0
0 0 0
0 0 0
0 0 0
0 0 0
0 0 0
0 0 0
0 0 0
0 0 0
0 0 0
0 0 0
0 0 0
0 0 0
0 0 0
0 0 0
1.1445409674e+03 -4.7441378679e-03 2.9060386461e-01
8.3942663314e-01 2.2277699656e-01 -4.9571497595e-01
3.3315065285e-02 8.8931600269e-01 4.5607801283e-01
5.4245095078e-01 -3.9935880754e-01 7.3909370775e-01
1.5997593295e+00 -1.5174083599e+00 -1.3106582404e+01
2.4467173376e+03 -3.5158882666e-02 -6.6330052794e-02
8.2918457486e-01 2.1239522490e-01 -5.1705049004e-01
-5.7941654915e-02 9.5267377131e-01 2.9842159788e-01
5.5596376270e-01 -2.1748782470e-01 8.0224892687e-01
5.4307263880e-01 8.7563551570e-02 -1.5875668814e+01
0 0 0
0 0 0
0 0 0
0 0 0
0 0 0
0 0 0
0 0 0
0 0 0
0 0 0
0 0 0
8.2172573432e+02 -8.0599552145e-02 -4.0504576473e-02
8.1409011041e-01 2.0145024231e-01 -5.4467888890e-01
4.2771949249e-02 9.1456113166e-01 4.0217968225e-01
5.7916133546e-01 -3.5070747972e-01 7.3591875311e-01
1.5533753813e+00 -2.3455721334e+00 -1.7620645721e+01
0 0 0
0 0 0
0 0 0
0 0 0
0 0 0
0 0 0
0 0 0
0 0 0
0 0 0
0 0 0
0 0 0
0 0 0
0 0 0
0 0 0
0 0 0
0 0 0
0 0 0
0 0 0
0 0 0
0 0 0
0 0 0
0 0 0
0 0 0
0 0 0
0 0 0
0 0 0
0 0 0
0 0 0
0 0 0
0 0 0
2.1747715876e+03 -2.0375302020e-01 4.6056926177e-01
8.0851471753e-01 2.1423202749e-01 -5.4809542047e-01
1.8263783366e-01 7.9404014412e-01 5.7977898483e-01
5.5941699408e-01 -5.6886280238e-01 6.0286626942e-01
6.7372273097e-01 -3.9268222812e+00 -1.0909659525e+01
0 0 0
0 0 0
0 0 0
0 0 0
0 0 0
3.8700984144e+03 -1.5828977221e-01 -8.8389183733e-02
9.4645630720e-01 1.8453597330e-01 -2.6489041720e-01
-1.4960837201e-01 9.7781086510e-01 1.4663985511e-01
2.8607305639e-01 -9.9158391675e-02 9.5306338707e-01
-3.4903540687e+00 2.9436335624e+00 -1.6235911925e+01
1.8808799242e+03 -7.3285276459e-02 6.8603113630e-02
8.1281605554e-01 1.8878382157e-01 -5.5108141737e-01
-7.5935500456e-02 9.7229536033e-01 2.2107811300e-01
5.7754987631e-01 -1.3784919656e-01 8.0463267358e-01
4.0922269152e-01 9.7603891983e-01 -1.5642321776e+01
0 0 0
0 0 0
0 0 0
0 0 0
0 0 0
0 0 0
0 0 0
0 0 0
0 0 0
0 0 0
0 0 0
0 0 0
0 0 0
0 0 0
0 0 0
0 0 0
0 0 0
0 0 0
0 0 0
0 0 0
1.9638718537e+03 1.2338617081e-01 -3.0006900151e-01
9.5268720203e-01 1.9459850244e-01 -2.3349200830e-01
9.2472181530e-02 5.4621004439e-01 8.3252836771e-01
2.8954445382e-01 -8.1473063662e-01 5.0237237087e-01
9.8015615762e-01 -1.3347274707e+00 -6.0218674134e+00
0 0 0
0 0 0
0 0 0
0 0 0
0 0 0
0 0 0
0 0 0
0 0 0
0 0 0
0 0 0
0 0 0
0 0 0
0 0 0
0 0 0
0 0 0
0 0 0
0 0 0
0 0 0
0 0 0
0 0 0
1.7611642083e+03 -1.0165124522e-01 -7.5306343169e-02
8.1308186079e-01 2.4551533485e-01 -5.2784477644e-01
-6.5463599684e-03 9.1051581160e-01 4.1342242561e-01
5.8211256028e-01 -3.3269081320e-01 7.4193112213e-01
2.5902356958e+00 -2.4099392090e+00 -1.8368208136e+01
0 0 0
0 0 0
0 0 0
0 0 0
0 0 0
1.8409839868e+03 -1.7588324826e-01 1.8633027783e-01
7.5739527171e-01 2.2859773438e-01 -6.1163345087e-01
-2.6113782099e-02 9.4656891801e-01 3.2144261359e-01
6.5243426701e-01 -2.2748705300e-01 7.2289637428e-01
2.2435764985e+00 -1.2602178908e+00 -1.8670845725e+01
0 0 0
0 0 0
0 0 0
0 0 0
0 0 0
5.7870180990e+02 -1.6531680729e-01 4.8609374391e-02
8.9305743896e-01 1.3601446150e-01 -4.2889215076e-01
4.2146418130e-02 9.2373625510e-01 3.8070331027e-01
4.4796438492e-01 -3.5806619119e-01 8.1921701189e-01
-2.4388850718e+00 -2.2934158949e+00 -1.7469519078e+01
1.0229455233e+03 -9.3424197596e-02 -6.2127021130e-02
8.4177794838e-01 2.1507336582e-01 -4.9512961225e-01
1.5120668843e-02 9.0745184427e-01 4.1988393123e-01
5.3961213014e-01 -3.6093572509e-01 7.6062089858e-01
6.7640400263e-01 -2.3767839533e+00 -1.7207526622e+01
0 0 0
0 0 0
0 0 0
0 0 0
0 0 0
5.9642389377e+02 -9.1749452371e-02 9.1225755546e-02
8.2400619877e-01 2.0282172021e-01 -5.2903415220e-01
-3.7396187565e-02 9.5116432832e-01 3.0641139940e-01
5.6534530116e-01 -2.3270103210e-01 7.9135006168e-01
9.8603070329e-01 -4.9297681707e-01 -1.8089283852e+01
0 0 0
0 0 0
0 0 0
0 0 0
0 0 0
1.6698378455e+03 -1.4484161416e-01 -2.6256114175e-02
8.5613504767e-01 2.1934603171e-01 -4.6788898098e-01
-1.1127903029e-02 9.1305747069e-01 4.0767907107e-01
5.1663231598e-01 -3.4382171774e-01 7.8414136257e-01
1.1853943785e-01 -2.3340358144e+00 -1.8177003506e+01
1.3509975063e+00 1.2618151630e+00 1.8612593237e+00
99 99 89
4 25 3516 623.6600 520.8000 39 3187 332.3600 353.2200 75 2887 720.7600 361.2400 20 3746 235.7400 70.1200
5.1180807780e-01 -6.6120387638e-01 1.4675044604e+00
121 120 107
2 25 1894 344.7100 -48.8100 39 1940 272.6801 -24.6700
1.9276179121e+00 -1.1888979089e-01 1.6220001103e+00
169 174 167
3 25 2078 932.9199 214.9299 39 2136 576.5900 170.3900 20 2381 336.7100 -74.8600
4.4293890145e-02 -1.9774708045e+00 1.0883246630e+00
168 173 175
15 25 2509 108.1200 -581.2300 39 2448 360.3000 -372.6100 19 2225 138.9200 -145.0700 33 4261 91.6000 341.8800 7 9070 16.0800 -155.6500 16 17222 -11.7500 68.3400 30 7509 -13.6300 263.1900 2 5120 68.6300 -595.6500 10 11494 -93.2800 1415.8101 23 2379 -106.3600 860.5000 37 21490 12.4200 -113.6801 48 5868 -439.6700 -33.3800 57 15091 -70.7300 -244.2400 4 10938 35.2700 -297.3000 70 13515 -69.6400 -88.1899
2.0963970692e+00 -2.0479399333e-01 1.6154456811e+00
169 172 165
3 25 2059 1020.0100 200.8301 39 2134 626.4700 165.9200 20 2359 368.5700 -81.1500
-1.5336036096e+00 5.1767826539e-01 1.3845241222e+00
94 91 82
2 25 3178 -313.2800 195.0400 39 2912 -166.9800 93.5200
1.7477112219e-01 -2.0524582604e+00 1.0826058112e+00
76 68 45
6 25 2502 166.1100 -614.6000 39 1706 400.0800 -387.6900 33 4258 129.8700 316.9000 11 3194 21.1400 466.7800 30 16217 8.3600 248.9900 10 48904 -71.2600 1398.2700
1.6389094551e+00 -2.0461794406e-01 1.5874350099e+00
107 98 81
4 25 3143 806.7300 170.7700 39 2967 513.8900 136.8800 75 2550 925.9800 4.7400 20 3334 287.1100 -95.0400
-8.2515016960e-02 -2.0107232353e+00 1.0736158071e+00
82 76 56
4 25 115 48.2600 -598.9000 39 107 327.4301 -388.1700 19 86 105.6500 -156.2700 33 348 54.0200 332.8500
3.0944294845e-01 -2.0357625434e+00 1.0945381940e+00
154 155 155
3 25 114 231.2100 -607.2400 39 108 437.7300 -376.9400 19 142 209.7600 -158.1600
6.0618775267e-01 -1.4008366089e+00 1.2482549461e+00
159 160 152
4 25 328 377.7700 -309.3400 39 548 436.3199 -188.9400 75 271 484.1600 -489.5601 19 405 272.8800 -3.6700
-3.9335807376e-02 -2.1107661528e+00 1.0586889352e+00
138 140 135
3 25 450 66.9500 -646.5900 39 742 342.1300 -414.5400 19 593 116.3800 -182.5500
3.7944301333e-01 -1.3468732430e+00 1.2431890012e+00
135 135 130
4 25 790 274.4700 -295.5800 39 829 375.0400 -186.4000 75 447 372.0601 -473.9399 19 652 217.1800 2.1000
6.3249520175e-01 4.8699354061e-01 1.6569788091e+00
141 148 140
3 25 1003 385.9700 291.1400 39 1049 244.4600 193.2000 19 740 240.7400 294.8800
7.8469900661e-02 -2.0208949598e+00 1.0822811976e+00
76 68 47
3 25 1146 122.3700 -602.6600 39 1192 372.2500 -383.8400 19 919 146.3600 -156.2300
-1.9483264992e-01 -1.9174862954e+00 1.0833872796e+00
148 151 149
5 25 1160 1.5300 -556.4301 39 1200 295.3199 -366.0400 19 926 77.4600 -132.3400 30 3617 -54.2700 271.2900 35 2372 30.9100 -359.6300
2.0696907944e-02 -1.9109349625e+00 1.1001266213e+00
141 142 132
4 25 708 99.5900 -548.1500 39 1202 349.5200 -353.2000 19 927 131.9300 -128.0500 33 2056 86.2500 366.1300
1.2941391463e+00 -8.6502311918e-01 1.4011480693e+00
150 153 153
3 25 1339 685.4301 -68.1000 39 1350 555.3300 -23.2500 19 1053 436.0800 122.3200
1.5332829592e+00 2.1155505169e+00 2.0575565622e+00
135 141 140
5 25 1091 658.2400 691.9000 39 1130 290.5200 471.3700 75 932 751.8101 530.1799 19 1196 372.5000 500.9299 20 1084 266.4600 171.9700
4.7522365500e-01 -2.4357403341e+00 1.0258848123e+00
45 43 31
3 25 1682 321.1700 -820.9700 39 1665 517.6500 -496.3101 19 1432 263.4200 -269.6100
3.3053585813e-01 -2.1090420991e+00 1.0812299351e+00
65 59 44
3 25 1142 242.3400 -644.2500 39 1704 450.2400 -398.6700 19 1456 215.2100 -176.3600
9.1788894381e-03 -1.9979817316e+00 1.0825787726e+00
83 75 59
3 25 1147 91.2600 -592.5000 39 1707 351.3400 -379.7700 19 1461 127.7500 -151.2200
-2.4310930798e+00 1.6790873811e+00 1.6743551623e+00
93 95 88
4 25 1509 -443.2000 361.7500 39 1517 -271.3200 196.3400 75 1204 -382.6900 201.9100 19 1740 -220.6000 333.9600
1.7022849838e-01 -2.0269029602e+00 1.0875549841e+00
159 165 161
4 25 2506 166.0800 -602.0800 39 2437 397.9500 -380.0400 19 2217 171.2100 -154.4700 33 4259 129.9900 325.5801
-8.6563357126e-02 -1.9648264688e+00 1.0819220654e+00
73 62 44
3 25 2512 48.4200 -577.9800 39 2443 324.4200 -375.4000 19 2226 103.7900 -144.3300
-4.1628104507e+00 1.0134584244e+00 1.3530680539e+00
72 68 50
5 25 2018 -884.5400 154.7400 39 1410 -549.7300 32.3800 75 1138 -838.2100 -9.7000 19 2476 -466.9200 216.3300 20 3314 -331.4700 -105.4600
-3.9935519590e+00 1.1639332657e+00 1.4061619557e+00
161 162 153
5 25 2050 -832.5800 192.2900 39 2019 -515.4200 60.6200 75 1682 -784.7600 28.9100 19 2512 -438.2600 237.3700 20 2335 -313.7200 -91.7000
1.5794318697e+00 1.9697135677e+00 2.0299880600e+00
165 182 189
4 25 3655 679.9700 670.8500 39 3250 306.1600 459.6700 75 2997 775.1100 509.1000 19 2780 385.6600 489.0900
9.9223010486e-02 -2.2222142204e+00 1.0444240623e+00
131 132 125
3 25 2477 128.8500 -703.6400 39 3385 391.8300 -443.1700 19 3233 152.7400 -209.0200
4.1600411294e-01 -2.1392796608e+00 1.0806090999e+00
68 64 50
3 25 2491 285.1500 -659.4100 39 3439 477.7200 -404.2100 19 3240 239.9500 -183.3000
-1.2269062289e-02 -1.8882255621e+00 1.1017895369e+00
145 148 139
4 25 2548 84.4600 -540.9200 39 3544 338.8600 -350.0300 75 2081 172.4500 -732.9000 19 3278 123.6600 -123.8400
5.9467657740e-01 -1.5687920867e-01 1.5142222535e+00
139 138 127
4 25 3099 372.2800 125.5900 39 2888 297.1300 71.3600 75 2518 464.6300 -40.7300 19 3654 238.5600 207.2600
-4.1613149047e+00 1.1915730587e+00 1.3979073908e+00
88 82 71
5 25 3163 -864.7600 189.6799 39 2869 -538.6800 57.8500 75 2574 -817.1100 26.4200 19 3696 -456.4700 235.9900 20 4874 -324.6900 -92.1700
-4.5420107628e-01 5.4453136288e-01 1.6547961720e+00
71 67 51
2 25 4768 32.2700 217.4700 39 4243 41.6900 128.3400
6.1343225397e-01 1.1403524589e+00 1.7856036483e+00
56 56 48
5 25 5015 374.6700 439.8300 39 4438 198.8200 290.5400 75 4098 461.5800 278.9000 19 3873 228.9100 372.1000 20 5256 137.9700 30.9400
-4.0318845397e+00 2.9375792780e+00 1.7945680658e+00
168 173 169
4 25 3469 -675.2700 480.5200 39 3135 -495.0000 272.4500 75 2831 -618.0600 317.9500 19 3896 -362.3700 390.7700
2.3768650035e-01 -2.0869979298e+00 1.0796304754e+00
119 120 108
3 25 5557 197.0000 -633.7400 39 4919 421.6600 -396.4500 19 4779 189.5400 -171.4000
-1.4174777560e+00 -1.8731650606e+00 1.0008792481e+00
150 156 151
3 25 3883 -484.4900 -560.8600 39 3436 8.9400 -409.8600 19 4805 -195.5400 -139.2300
-1.9588589373e+00 -1.8025985608e+00 9.7310583003e-01
53 50 39
4 25 5648 -666.7800 -541.5800 39 3433 -108.4900 -413.8000 75 3146 -626.6500 -727.4900 19 4844 -298.5100 -130.2600
-1.6498379724e+00 -1.8118069503e+00 9.9514689557e-01
72 68 56
4 25 5657 -561.8200 -539.4200 39 4900 -43.7700 -403.4800 75 3154 -515.2500 -725.9301 19 4853 -240.0500 -128.7000
-4.6117050189e-01 -1.8702856456e+00 1.0730755394e+00
143 149 141
4 25 3930 -110.5800 -540.9301 39 3513 227.7100 -365.5700 75 3138 -36.7200 -731.3199 19 4864 14.0600 -125.4900
-3.0131045238e+00 -8.5625260360e-01 1.0977589674e+00
60 59 48
4 25 4211 -851.8400 -242.9600 39 3699 -312.4600 -239.1900 75 3437 -813.6000 -411.2500 19 5150 -417.2500 24.2800
-1.8894661210e+00 -8.8203717661e-01 1.1744844455e+00
136 137 120
3 25 6129 -530.2600 -213.7700 39 5275 -122.8200 -195.0800 19 5175 -238.4300 40.2200
-1.5495075030e+00 -8.9161604817e-01 1.1984189520e+00
133 126 110
6 25 4250 -423.9200 -201.8900 39 3793 -58.3600 -179.8100 75 3468 -367.7600 -370.7300 19 5195 -178.9800 46.9200 20 4206 -182.8000 -293.5800 33 6391 -302.5200 682.9500
-2.4936556435e+00 -7.1318095297e-01 1.1718948408e+00
80 72 49
4 25 6191 -689.5700 -182.6000 39 3779 -224.9100 -187.1300 75 3497 -643.6100 -349.0800 19 5221 -328.6100 56.3900
2.1386363101e-01 -2.7580846711e-01 1.5506974003e+00
143 139 119
2 25 6492 234.6801 46.8000 39 5672 185.2500 29.5800
5.7934133841e-01 1.0848888766e+00 1.7727930083e+00
49 49 42
4 25 10180 365.0601 425.4500 39 6094 192.9500 281.4700 75 5790 451.5800 264.2400 19 5722 223.5200 363.6000
5.9919521370e-01 1.1004748407e+00 1.7773350199e+00
125 127 119
5 25 7132 370.2000 429.8900 39 6098 197.0400 283.9400 75 5797 457.3000 269.0800 19 5729 226.6900 366.3200 20 7886 136.4600 27.6300
5.9919521370e-01 1.1004748407e+00 1.7773350199e+00
125 127 119
5 25 7133 370.2000 429.8900 39 6099 197.0400 283.9400 75 5798 457.3000 269.0800 19 5730 226.6900 366.3200 20 7887 136.4600 27.6300
1.0998588565e+00 2.7844750564e+00 2.1624977808e+00
111 111 110
4 25 7726 506.3300 767.8700 39 6349 189.8400 517.2700 75 6335 592.5601 605.2300 19 6047 288.2200 540.8800
7.9537182160e-01 -2.4509540609e+00 1.0403956395e+00
76 73 65
3 25 7851 499.0400 -833.6300 39 6495 623.5699 -487.4100 19 6761 363.1400 -272.9000
-6.9676473134e-02 -1.9532044265e+00 1.0856892112e+00
144 147 143
4 25 5591 57.3600 -570.5300 39 4965 328.7000 -370.0900 19 6904 108.9200 -139.5500 33 8631 56.8300 351.2000
6.0675359680e-02 -1.8589827490e+00 1.1116588977e+00
56 49 41
4 25 5723 118.4301 -526.3101 39 5031 356.5500 -339.4300 75 4583 209.2400 -717.7100 19 7015 141.7100 -115.3700
1.1794683547e+00 -1.5964460839e+00 1.2448612293e+00
59 55 45
4 25 8371 667.1500 -374.6500 39 7090 618.2000 -209.6000 75 4776 798.6899 -562.7900 19 7224 438.9200 -34.9200
5.0696161850e-01 -1.0946602235e+00 1.2971480424e+00
148 134 117
4 25 6172 331.6100 -194.3800 39 5401 388.2600 -122.7100 75 3474 431.1801 -366.8500 19 7450 243.8900 55.3000
5.0696161850e-01 -1.0946602235e+00 1.2971480424e+00
148 134 117
4 25 6173 331.6100 -194.3800 39 5402 388.2600 -122.7100 75 3475 431.1801 -366.8500 19 7451 243.8900 55.3000
2.1386363101e-01 -2.7580846711e-01 1.5506974003e+00
143 139 119
2 25 6491 234.6801 46.8000 39 5671 185.2500 29.5800
3.0040182082e-01 1.1298471594e+00 1.7611727351e+00
166 175 177
4 25 10165 274.7700 415.6200 39 8069 140.9900 270.8300 75 8015 357.9700 254.2900 19 8223 173.4000 358.6800
-3.3074951598e+00 2.4592610317e+00 1.7498309969e+00
140 143 132
4 25 7172 -571.7100 446.4000 39 6047 -411.5300 252.8300 75 5817 -513.5400 284.2300 19 8265 -301.6100 372.5400
4.9508744467e-03 1.3844654345e+00 1.7904485923e+00
169 181 178
4 25 7174 186.7200 447.4700 39 6110 78.7300 288.3000 75 5822 265.9200 286.4100 19 8273 123.0100 375.1700
-4.1073575613e+00 3.1468397911e+00 1.8358514963e+00
168 171 165
4 25 7341 -673.2500 505.4500 39 4440 -498.8000 290.3900 75 5958 -615.3500 342.7200 19 8405 -361.3200 404.2100
-4.1073575613e+00 3.1468397911e+00 1.8358514963e+00
168 171 165
4 25 7342 -673.2500 505.4500 39 4441 -498.8000 290.3900 75 5959 -615.3500 342.7200 19 8406 -361.3200 404.2100
-1.7746038239e-01 1.7485563815e+00 1.8522624013e+00
176 176 163
4 25 10476 138.9000 504.3101 39 6189 37.7500 324.6800 75 5960 216.0400 344.4299 19 8414 94.7600 405.5701
9.6412692457e-01 2.3671592123e+00 2.0674709103e+00
130 140 142
5 25 7606 476.2900 690.2300 39 6328 177.8900 466.3101 75 6194 561.8500 527.3900 19 8577 271.5700 498.7900 20 8705 195.0400 169.8000
-7.8310479465e-01 -2.2656381626e+00 9.6868399964e-01
44 47 35
3 25 11469 -275.7700 -732.5000 39 8662 174.2000 -494.9301 19 9888 -71.0200 -226.0600
-1.1132558152e-01 -1.9682928640e+00 1.0792233553e+00
130 130 114
3 25 8015 36.6700 -580.3101 39 8960 319.0500 -377.5600 19 10025 97.8400 -144.9500
2.3013738281e-01 -1.6608775988e+00 1.1669377048e+00
152 151 139
5 25 12072 203.4900 -431.2900 39 9322 373.1400 -276.4200 75 6711 298.5000 -618.3101 19 10420 183.1700 -68.4600 33 33312 164.8500 468.7500
8.6634000318e-01 -1.7023910679e+00 1.2046230564e+00
63 54 47
4 25 12067 510.2100 -432.8500 39 9445 540.2500 -254.1000 75 9344 629.3700 -622.7600 19 10427 353.2100 -67.1200
9.9426387243e-01 4.4851591599e-02 1.5757531178e+00
175 191 194
4 25 9625 522.5601 202.4600 39 7841 374.7300 139.1800 75 7617 623.5699 41.0100 19 11611 327.1000 256.4100
-3.1994287758e+00 1.1728260074e+00 1.4702772553e+00
53 54 46
4 25 14102 -658.3000 231.0300 39 7737 -406.1000 97.9500 75 10649 -605.6000 68.2600 19 11632 -340.7900 259.3600
7.1807118495e-01 2.8103443604e-01 1.6225392538e+00
76 73 61
4 25 14154 417.4200 247.3301 39 10721 271.2200 166.5000 75 10692 509.8500 84.4800 19 11682 261.2100 271.3500
1.4302941915e+00 9.7472643362e-01 1.8092840644e+00
112 112 103
3 25 14976 664.2600 464.9700 39 11256 364.8900 319.0500 19 12245 389.1500 386.0100
-5.0020112897e+00 3.4259823288e+00 1.8247118627e+00
77 78 70
3 25 10453 -804.2800 498.5400 39 8089 -590.4500 279.4300 19 12370 -435.8400 400.0300
1.7193883777e+00 1.0832179119e+00 1.8504901177e+00
169 171 168
3 25 10512 765.5200 512.4000 39 8273 416.1200 353.0100 19 12455 443.8800 412.5100
-4.0531197014e+00 5.2559580049e+00 2.2855835388e+00
151 157 151
3 25 16336 -520.1400 750.3600 39 11679 -485.1800 475.9399 19 12868 -288.2300 530.6500
-3.7504694236e+00 5.3002836784e+00 2.3236634842e+00
68 67 72
3 25 11089 -469.5200 768.9800 39 8448 -451.1800 490.4600 19 12934 -260.0900 540.9900
-4.4328034289e+00 2.8036508094e+00 1.7277496422e+00
46 52 51
4 25 424 -760.4100 443.9399 39 271 -547.8700 241.4500 75 356 -707.1000 278.6700 20 416 -285.0000 28.6100
-2.4527633566e+00 -3.8320804319e-01 1.2386456379e+00
156 158 151
3 25 1329 -634.6000 -86.4200 39 1274 -234.2300 -119.6500 20 1346 -253.0700 -241.8200
-5.2847878473e+00 1.1501737936e+00 1.2945801795e+00
83 83 75
3 25 975 -1089.3800 132.6600 39 967 -689.8600 3.4300 20 1536 -405.8500 -116.0800
-2.7199497808e-01 1.3155450631e-01 1.6604979456e+00
104 97 78
2 25 965 83.6500 117.5500 39 1007 79.8500 67.0400
-4.8402418347e+00 1.0890737449e+00 1.3134357634e+00
149 159 152
4 25 979 -1013.4200 139.3300 39 979 -641.1000 14.6400 75 821 -969.8700 -26.1100 20 1560 -377.8800 -110.6600
2.0002960106e+00 -4.2328321971e-01 1.5677838264e+00
31 28 24
2 25 1420 997.3101 125.1800 39 1476 622.9301 118.8800
-5.1787918893e+00 1.2038284771e+00 1.3139444022e+00
87 88 76
3 25 1435 -1063.5900 147.3100 39 980 -676.5000 15.3300 20 1562 -397.2300 -109.5400
-5.6090617199e+00 1.3827592033e+00 1.3226220380e+00
87 82 68
3 25 1442 -1118.4800 162.6000 39 984 -715.4400 22.7300 20 1593 -415.9100 -104.0900
-4.2131574335e+00 1.2711565102e+00 1.4106453011e+00
167 173 168
4 25 2060 -867.8800 202.3101 39 2024 -545.0100 65.4400 75 1691 -819.8400 38.6300 20 2341 -326.3700 -87.1900
1.7732827035e+00 -1.2543253886e-01 1.6114134665e+00
167 170 163
4 25 3195 861.6300 204.0500 39 3003 538.2000 160.3700 75 1689 983.1000 39.1900 20 2365 309.3200 -79.8800
-2.7484697235e+00 -5.9297610960e-01 1.1840956444e+00
142 145 134
3 25 2878 -743.8100 -156.1500 39 2611 -263.3600 -174.1100 75 2352 -699.1600 -321.0000
-2.3451860241e+00 -3.7549007072e-01 1.2480082315e+00
143 160 164
3 25 1874 -604.7700 -79.9700 39 1875 -216.6900 -113.5400 20 3011 -241.8400 -238.5300
6.5372072752e-01 9.4986945790e-02 1.5942373956e+00
95 96 88
3 25 4708 390.8500 184.4600 39 4229 270.0900 124.5200 20 3351 132.6400 -90.1900
-4.5390221870e+00 1.7079141137e+00 1.4831279219e+00
92 92 90
4 25 3260 -885.4800 266.3900 39 2083 -574.5700 109.9000 75 2659 -837.4600 103.1200 20 3426 -331.9100 -58.0800
-4.0022865278e+00 1.5745885854e+00 1.4959728336e+00
68 69 64
4 25 3264 -792.7700 267.0100 39 2091 -510.3800 115.6200 75 2657 -742.1400 104.3100 20 3427 -298.8100 -57.4400
-4.2407724088e+00 3.3595597666e+00 1.8717944616e+00
63 64 49
4 25 3536 -682.2300 528.8400 39 3152 -509.2100 306.1500 75 2897 -623.8900 366.0300 20 3725 -255.1500 65.2700
1.3042691166e+00 1.2905457570e+00 1.8636119736e+00
90 91 84
4 25 3520 606.2600 523.1600 39 3189 321.8000 354.3700 75 2893 702.3500 363.8700 20 3751 229.2200 70.7300
-5.6562012706e+00 5.2607991460e+00 2.1352500140e+00
147 157 162
4 25 2342 -769.4600 678.9900 39 2262 -651.5700 416.9400 75 1971 -709.2800 511.3700 20 3908 -283.3500 154.3700
1.9885983561e+00 -8.3208434754e-01 1.4810732863e+00
171 176 179
2 25 4520 1033.8601 -17.8900 39 5673 676.0900 32.2600
-4.8250008039e+00 1.4808985284e+00 1.4081391934e+00
156 158 145
3 25 4759 -965.7100 214.1400 39 2882 -617.6900 67.9500 20 4932 -360.9600 -81.6500
-4.8300810367e+00 1.4831632325e+00 1.4088059409e+00
156 158 145
4 25 4760 -965.7100 214.1400 39 2883 -617.6900 67.9500 75 3861 -919.9200 50.7800 20 4933 -360.9600 -81.6500
-4.7399819398e+00 1.4717327396e+00 1.4140320333e+00
157 155 147
4 25 4766 -949.4900 216.0601 39 2887 -606.1900 70.4600 75 3869 -903.9900 52.4100 20 4935 -355.3200 -80.8400
1.6906662966e+00 1.0966522616e+00 1.8496383446e+00
171 173 166
3 25 5115 755.2300 514.7300 39 4516 410.2000 354.3200 20 5477 286.2700 68.2400
1.5648257731e+00 1.1552919387e+00 1.8548816101e+00
159 163 158
4 25 5118 704.8000 514.5701 39 4513 380.5800 352.2800 75 2882 806.4200 355.2200 20 5480 267.0900 67.7900
1.7413665246e+00 1.0822829797e+00 1.8501146605e+00
168 170 164
3 25 5120 775.1600 515.8101 39 4522 421.6400 355.6700 20 5488 294.1000 68.7700
1.8351464575e+00 1.0539227458e+00 1.8506502927e+00
164 169 163
3 25 5125 812.7500 517.1899 39 4528 443.0400 358.0900 20 5492 308.5300 69.6700
1.9879826555e+00 1.0154875558e+00 1.8528587202e+00
119 120 121
3 25 5140 874.6500 521.8500 39 6248 478.5400 362.5500 20 5503 332.3100 72.1500
-2.2159266703e+00 -4.6415494716e-01 1.2325695932e+00
154 159 154
3 25 4406 -578.1600 -101.3600 39 3869 -199.3200 -125.0600 20 6397 -232.3800 -245.5000
-4.9627983933e+00 8.5893016956e-01 1.2534556701e+00
153 160 154
3 25 9308 -1065.8199 87.7100 39 5570 -663.9300 -25.7500 20 6978 -397.1700 -133.7100
-1.8598592746e+00 3.5097451289e-01 1.3395019998e+00
47 47 39
2 25 6614 -417.9100 130.2100 39 4140 -215.5900 43.5500
-3.5276544750e+00 8.6032731587e-01 1.3736137372e+00
97 94 80
4 25 6649 -765.3100 151.4600 39 5688 -457.4100 37.1000 75 5394 -716.4500 -12.3800 20 7097 -289.9900 -110.1600
-3.8197731416e+00 3.1250369808e+00 1.8542811635e+00
140 139 129
4 25 7378 -622.4800 517.6500 39 6139 -466.3900 300.7900 75 5987 -563.8500 355.0200 20 8154 -233.5000 61.2200
2.0101800796e+00 9.9501944544e-01 1.8504990670e+00
171 179 171
3 25 5127 884.8500 518.5601 39 4531 484.3199 361.3000 20 8241 336.3300 70.7000
-7.8088339253e-01 -1.7346479577e+00 1.0750597281e+00
61 66 74
3 25 5807 -231.7200 -489.1600 39 5013 150.6000 -344.5600 75 4672 -164.9700 -673.5900
6.3305110718e-01 5.4801963643e-03 1.5747249808e+00
156 162 158
2 25 9477 385.9000 159.8000 39 7760 273.0900 108.5900
9.7272410099e-03 1.4183082526e+00 1.7993576371e+00
116 117 111
3 25 14884 188.0300 453.5100 39 11111 78.6700 292.3400 75 11256 267.5200 292.1600
-3.8441661552e+00 3.2084091424e+00 1.8763543584e+00
64 61 51
2 25 23384 -618.5200 524.0300 39 11188 -464.2800 305.6900
-3.8441661552e+00 3.2084091424e+00 1.8763543584e+00
64 61 51
2 25 23385 -618.5200 524.0300 39 11189 -464.2800 305.6900
3.0440926176e-01 -2.2614013467e+00 1.0499616221e+00
122 124 113
2 25 108 229.7900 -723.4200 39 103 452.9301 -447.4000
7.1929674697e-01 -2.2074442156e+00 1.0867272162e+00
170 186 202
2 25 109 445.1500 -692.9000 39 106 572.4100 -410.6700
7.6865059602e-01 -2.0281255870e+00 1.1279462432e+00
165 175 177
2 25 179 467.6600 -596.3400 39 182 561.9200 -353.1300
-2.5091665421e+00 -9.3933010529e-01 1.1215887133e+00
47 38 29
2 25 205 -717.0000 -251.7900 39 205 -226.3900 -233.1100
-8.2645479246e-01 -1.0715053800e+00 1.2078436120e+00
119 116 106
3 25 209 -194.0800 -237.3700 39 222 91.1700 -185.4900 75 176 -125.4900 -408.6801
7.0865997661e-01 -1.2126969881e+00 1.2890440400e+00
136 139 130
3 25 218 423.1000 -229.5200 39 231 448.1899 -139.1400 75 92 530.3400 -406.0100
-2.3618602888e+00 -8.4892191076e-01 1.1536967554e+00
111 113 108
2 25 222 -664.7900 -217.2500 39 213 -199.3300 -208.8300
-2.3618602888e+00 -8.4892191076e-01 1.1536967554e+00
111 113 108
2 25 223 -664.7900 -217.2500 39 214 -199.3300 -208.8300
4.5703502976e-01 -1.2766024047e+00 1.2613642928e+00
45 41 30
3 25 345 309.7800 -264.9000 39 562 388.4500 -166.6500 75 282 409.8000 -441.1899
7.6585131912e-01 -2.3357851502e+00 1.0617527105e+00
71 72 64
2 25 447 474.3300 -764.9600 39 460 604.3800 -451.0000
-4.8361763070e+00 1.6722328990e+00 1.4491981011e+00
168 179 174
3 25 624 -946.4000 248.1300 39 400 -614.2500 92.9000 75 546 -898.8300 84.9400
2.1853719512e+00 6.8951760516e-01 1.8011199837e+00
136 139 132
2 25 660 979.7200 459.6600 39 691 548.8300 328.0300
8.3483095366e-01 -2.3750252452e+00 1.0582414303e+00
88 85 71
2 25 696 514.5900 -788.1100 39 1171 629.5699 -458.9500
8.6786033385e-01 -2.3577933039e+00 1.0633201825e+00
162 164 178
2 25 697 532.5601 -778.1801 39 1173 639.1100 -452.0400
9.5037637732e-01 -2.4156394262e+00 1.0552510190e+00
160 166 177
2 25 1116 583.1600 -812.6700 39 1680 673.2200 -467.5800
5.2324010122e-01 -2.4125002426e+00 1.0331486115e+00
143 145 144
2 25 1118 343.8500 -808.2200 39 1669 532.7500 -485.3600
4.8341447325e-01 -2.1779065875e+00 1.0774723809e+00
82 77 64
2 25 1138 319.5400 -678.5300 39 1183 500.4700 -412.4900
-7.1724734076e-01 -2.1460177331e+00 9.9740047614e-01
164 168 169
2 25 1139 -238.0500 -673.3199 39 1172 186.4900 -456.7200
4.4838952064e-01 -2.1263225862e+00 1.0856001581e+00
168 179 181
2 25 1140 301.4000 -651.6300 39 1703 485.0699 -398.3700
-1.2182594759e-01 -1.9140408846e+00 1.0887665919e+00
144 146 143
2 25 1162 34.5200 -554.9700 39 1714 313.1801 -362.8800
-1.2182594759e-01 -1.9140408846e+00 1.0887665919e+00
144 146 143
2 25 1163 34.5200 -554.9700 39 1715 313.1801 -362.8800
1.1361515805e+00 -1.3810558496e+00 1.2885128747e+00
57 59 46
3 25 1247 633.4800 -280.9500 39 1832 572.8101 -154.2800 75 1009 759.2700 -461.2600
-2.5552174174e+00 -9.5132352180e-01 1.1107388729e+00
46 42 31
3 25 1250 -735.5600 -257.2200 39 1229 -237.4400 -238.8100 75 1015 -692.7100 -427.6000
-2.3122019660e+00 -4.6709007274e-01 1.2272125433e+00
138 140 135
3 25 1306 -605.5400 -108.1700 39 1266 -213.8000 -131.2400 75 1045 -556.1500 -273.4200
1.8897488041e+00 -7.3198269453e-01 1.4973615194e+00
81 82 71
2 25 1371 972.5500 11.8700 39 1428 634.4500 47.4100
1.8509733449e+00 -6.9927351961e-01 1.5018291025e+00
80 80 68
2 25 1374 949.8201 21.0000 39 1431 620.3101 51.7500
1.4270081619e-01 -4.9181382688e-02 1.5865035626e+00
151 145 133
2 25 1407 211.7300 104.6500 39 1441 163.3100 65.8900
1.4270081619e-01 -4.9181382688e-02 1.5865035626e+00
151 145 133
2 25 1408 211.7300 104.6500 39 1442 163.3100 65.8900
-4.8565298782e+00 9.9978707019e-01 1.2911002331e+00
34 32 19
3 25 1419 -1028.0000 123.2800 39 1378 -647.6000 2.4400 75 1123 -984.7300 -41.8100
-4.5673136034e+00 1.0545327571e+00 1.3269749222e+00
156 158 155
3 25 1433 -964.0200 146.3800 39 1400 -607.0600 21.8000 75 1134 -919.8400 -18.4900
3.7468017084e-01 2.0077695055e-01 1.6026579678e+00
160 171 164
2 25 1458 292.0300 193.7100 39 1479 207.7700 125.7400
-3.3053232211e+00 1.1267908530e+00 1.4487288223e+00
157 158 151
3 25 1469 -687.8500 216.6799 39 1458 -424.4100 87.0300 75 1161 -635.3600 53.2300
-1.0327561491e-01 5.0382721178e-01 1.6416565050e+00
163 168 156
2 25 1477 137.0000 235.8401 39 1490 103.6800 145.0700
-2.1073924364e-01 5.5186886608e-01 1.6476449142e+00
168 172 161
2 25 1479 104.6801 239.5100 39 1491 82.7700 145.8700
-5.9681727749e+00 3.5564941531e+00 1.7662181336e+00
153 162 163
3 25 1551 -953.1500 474.8000 39 1072 -690.2200 254.1000 75 1244 -899.3400 310.8400
8.8992385912e-01 -2.4037452537e+00 1.0542982470e+00
90 91 78
2 25 1684 547.1899 -805.3900 39 2383 652.9399 -466.7800
-6.7682917700e-01 -2.1638746351e+00 9.9661920322e-01
83 77 62
2 25 1705 -221.8700 -681.5400 39 1684 196.4400 -461.0500
-2.3679272789e+00 -3.9868770312e-01 1.2393356430e+00
61 63 51
3 25 1865 -614.4300 -90.8900 39 1870 -222.2600 -120.8400 75 1055 -563.8700 -255.8400
4.2124112807e-01 -2.9930543622e-01 1.5349817788e+00
156 155 150
2 25 1945 308.9200 54.7100 39 1417 233.3700 39.4400
-2.3027691852e+00 1.5732916998e-01 1.3638524910e+00
171 173 172
3 25 1946 -537.9600 54.4100 39 1943 -223.7600 -19.1200 75 1590 -483.5700 -107.4200
-4.4368133776e+00 7.4840395047e-01 1.2698610985e+00
138 145 140
3 25 1968 -974.1700 89.8900 39 1944 -598.2300 -17.1400 75 1607 -931.6000 -75.8300
-1.4954296503e-03 4.0506780075e-02 1.6082426289e+00
142 138 126
2 25 1982 164.9500 117.6000 39 1448 132.1500 71.8300
-1.5429513745e-01 1.2742899111e-01 1.6357540881e+00
147 143 130
2 25 1991 118.2000 127.7500 39 2039 100.9600 75.6000
8.7082854668e-02 1.1416153496e-01 1.6023618950e+00
143 143 133
2 25 2008 193.9301 146.0800 39 2059 149.4600 91.2500
1.3367875903e-02 1.6505703747e-01 1.6142034452e+00
146 143 131
2 25 2015 170.6200 153.5400 39 2062 132.9300 94.4900
-1.2671803871e-01 2.4094586367e-01 1.6312367679e+00
148 143 129
2 25 2022 127.1500 162.0300 39 2069 104.6100 97.9500
-4.3028018965e+00 1.0790528938e+00 1.3547561366e+00
68 66 53
3 25 2026 -907.0400 163.1699 39 993 -569.2700 35.8000 75 1141 -862.2700 -2.1400
2.9976173756e-01 2.5690695533e-01 1.6086699911e+00
177 182 180
2 25 2062 266.0900 203.4700 39 2111 190.9000 130.5400
-4.3600324866e+00 1.3323829252e+00 1.4127938194e+00
164 165 161
3 25 2068 -890.5900 208.3800 39 2028 -562.3300 68.1200 75 1699 -843.6000 44.9500
2.0885232450e-01 3.6785842441e-01 1.6244985796e+00
98 99 91
2 25 2087 236.1500 225.4700 39 2124 167.9700 143.2700
1.2351835226e-01 4.2268648119e-01 1.6328762541e+00
107 106 95
2 25 2096 208.6000 232.7000 39 2128 148.6600 146.4100
3.6152118305e-02 4.6945125302e-01 1.6372818118e+00
104 104 94
2 25 2097 180.6500 238.1599 39 2129 130.7700 148.6800
-2.9229896980e-01 5.8951016401e-01 1.6521914264e+00
171 175 171
2 25 2102 80.6899 242.7300 39 1492 67.3800 146.4200
9.6591316827e-01 6.9604798350e-01 1.7059692295e+00
79 73 66
2 25 2146 497.3700 373.2800 39 2175 313.0800 248.2500
2.1357807335e+00 7.2507568318e-01 1.8055173085e+00
138 139 132
2 25 2184 956.0200 464.5400 39 2224 534.1100 329.2100
-5.7127609328e+00 3.6567040632e+00 1.8100643815e+00
154 158 157
3 25 2215 -904.1700 498.0100 39 2197 -662.1000 274.1500 75 1859 -849.6000 334.5500
8.1065972249e-01 -2.4257387080e+00 1.0466708483e+00
67 61 50
2 25 2432 503.5900 -817.4500 39 2377 625.5800 -477.6600
3.7824646189e-01 -2.3685133941e+00 1.0329367112e+00
71 68 50
2 25 2449 266.8199 -782.6300 39 2378 485.0601 -477.5900
5.6506152809e-01 -2.2449722434e+00 1.0691105538e+00
126 123 108
2 25 2472 362.9600 -714.3000 39 2406 531.3101 -429.6899
5.6506152809e-01 -2.2449722434e+00 1.0691105538e+00
126 123 108
2 25 2473 362.9600 -714.3000 39 2407 531.3101 -429.6899
1.4163793596e-01 -2.2367637866e+00 1.0445385468e+00
130 134 129
2 25 2476 149.6000 -711.0500 39 2400 404.0000 -446.1600
5.5166567279e-01 -2.2020877472e+00 1.0766989833e+00
80 77 68
2 25 2483 355.0900 -691.1600 39 3422 523.6400 -416.9100
-5.2419021391e-01 -2.1739074782e+00 1.0079497241e+00
61 58 48
2 25 2486 -154.3900 -684.8600 39 3376 228.9000 -456.7300
3.3278275181e-01 -2.0835029945e+00 1.0863489972e+00
166 171 172
2 25 2496 243.5200 -630.7200 39 3461 448.5400 -391.1000
-1.9740325271e-01 -2.0401842511e+00 1.0595581625e+00
119 114 97
2 25 2500 -3.1400 -615.6000 39 3442 300.7600 -402.1200
-1.6094991379e+00 -1.8666512569e+00 9.8840460257e-01
144 145 140
2 25 2515 -550.6300 -561.5300 39 1700 -31.2200 -415.8300
-9.5449019396e-01 -1.8868753431e+00 1.0334430334e+00
150 154 152
2 25 2519 -310.2000 -557.9500 39 2427 113.2600 -393.1500
-6.2603452771e-01 -1.8297359151e+00 1.0687701152e+00
132 134 123
3 25 2557 -175.9200 -526.3000 39 2462 187.0800 -362.3500 75 2092 -105.7900 -714.7000
-7.8928441397e-01 -1.8229022465e+00 1.0581635526e+00
128 128 118
3 25 2561 -241.0900 -526.6200 39 2457 148.9200 -368.1000 75 2096 -175.2700 -714.4399
-8.7730637881e-01 -1.8192117922e+00 1.0526595724e+00
129 132 124
2 25 2563 -275.3400 -526.9900 39 2451 128.5900 -370.9500
1.5971903527e+00 -1.6495215272e+00 1.2579147075e+00
146 152 148
2 25 2640 904.4299 -384.4399 39 3764 752.2800 -198.5000
8.8184169414e-01 -1.3624335886e+00 1.2754076060e+00
97 91 77
3 25 2697 508.5601 -283.0300 39 3808 502.2600 -164.2900 75 2233 622.0699 -462.2100
-1.8588482718e+00 -1.0104170979e+00 1.1504168234e+00
122 123 114
2 25 2713 -533.2300 -252.6899 39 2562 -112.1700 -220.8200
1.0210545704e+00 -1.2403771651e+00 1.3070372747e+00
141 144 142
3 25 2728 571.5800 -228.1100 39 2692 528.9900 -127.5700 75 2248 688.8500 -403.7000
-3.7503482265e+00 -6.7487534833e-01 1.0757787077e+00
71 62 44
2 25 2738 -1004.1000 -216.8300 39 2550 -438.5800 -233.8600
-3.8946793083e+00 -6.5832375884e-01 1.0684242945e+00
74 68 49
2 25 2739 -1035.5400 -216.9399 39 2543 -460.1000 -236.0400
-1.5095507885e+00 -8.9690983074e-01 1.2008980250e+00
133 129 112
3 25 2750 -410.8100 -203.2200 39 2598 -50.0500 -179.7100 75 2263 -353.7000 -372.0400
-1.5919009198e+00 -8.4321732856e-01 1.2054877284e+00
82 76 62
2 25 2764 -433.6300 -189.3101 39 2617 -67.4100 -172.3300
-1.8119214201e+00 -8.1309117188e-01 1.1979125525e+00
92 86 70
2 25 2765 -498.1400 -187.8600 39 2602 -107.9000 -176.4900
-8.8918568924e-01 -9.1299615694e-01 1.2294057569e+00
98 94 82
2 25 2772 -209.4700 -186.0200 39 2641 70.4700 -154.6300
-1.0790356432e+00 -8.9554479732e-01 1.2226284913e+00
80 74 60
2 25 2775 -273.0900 -187.2900 39 2633 31.8200 -159.6900
-1.1787636044e+00 -8.8418344881e-01 1.2194413764e+00
80 75 55
2 25 2776 -305.6100 -187.1600 39 2629 12.1200 -161.9300
-1.7075768080e+00 -8.2511704529e-01 1.2041204626e+00
92 86 71
3 25 2778 -466.3400 -187.4399 39 2612 -87.7800 -173.7500 75 2305 -412.0600 -355.3700
-1.7031120867e+00 -8.2480062518e-01 1.2025887099e+00
92 86 71
2 25 2779 -466.3400 -187.4399 39 2613 -87.7800 -173.7500
-1.4612660985e-02 -1.0089846264e+00 1.2726089657e+00
90 85 64
3 25 2795 116.2100 -185.1801 39 3854 263.3199 -131.6000 75 2279 201.2400 -355.6899
-5.3257788103e-01 -9.4947225887e-01 1.2473306493e+00
97 91 75
