# Bundle file v0.3
90 17783
0 0 0
0 0 0
0 0 0
0 0 0
0 0 0
0 0 0
0 0 0
0 0 0
0 0 0
0 0 0
2.0273126708e+03 4.0551635619e-02 6.2636398636e-02
8.5079085639e-01 2.3652119496e-01 -4.6926819945e-01
3.7966059032e-02 8.6298728614e-01 5.0379710431e-01
5.2413118305e-01 -4.4644223399e-01 7.2524191458e-01
1.2971197022e+00 -2.1896057236e+00 -1.3040977310e+01
0 0 0
0 0 0
0 0 0
0 0 0
0 0 0
1.9298067625e+03 -2.0931761899e-02 4.4869561205e-02
8.5945461992e-01 2.1390959634e-01 -4.6430640841e-01
-1.5580724595e-02 9.1878499305e-01 3.9445072895e-01
5.1097455643e-01 -3.3177827105e-01 7.9298687350e-01
1.0954815188e+00 -4.2027471246e-01 -1.3234851045e+01
2.1542833452e+03 2.8991088848e-02 -2.8259961648e-03
8.3770864152e-01 2.1902714202e-01 -5.0027126939e-01
1.4875907981e-02 9.0655912859e-01 4.2181661149e-01
5.4591477291e-01 -3.6080140995e-01 7.5617418846e-01
9.3623781685e-01 -1.0551135166e+00 -1.3823970106e+01
0 0 0
0 0 0
0 0 0
0 0 0
0 0 0
1.8855834577e+03 -1.1050893020e-02 2.3312877777e-02
8.6500509949e-01 2.0516301024e-01 -4.5790208241e-01
-4.5902854846e-02 9.4111583233e-01 3.3495360584e-01
4.9965898948e-01 -2.6871756432e-01 8.2348756206e-01
9.5458768136e-01 5.1519850417e-01 -1.3242346562e+01
0 0 0
0 0 0
0 0 0
0 0 0
0 0 0
0 0 0
0 0 0
0 0 0
0 0 0
0 0 0
2.1468073497e+03 -6.0712224548e-02 9.1072806645e-03
8.3845367307e-01 2.1904813816e-01 -4.9901237588e-01
-3.8138970961e-01 8.8991672140e-01 -2.5018017184e-01
3.8927795663e-01 4.0008266914e-01 8.2969664959e-01
5.0381835005e-01 8.7547194672e+00 -1.0022262974e+01
1.2321532508e+03 -4.0433912334e-02 -1.9836977960e-01
7.4770540029e-01 1.8957670138e-01 -6.3639398856e-01
-1.3054637334e-01 9.8164377460e-01 1.3904367730e-01
6.5107163875e-01 -2.0884781171e-02 7.5872890226e-01
1.0177839897e+00 4.0312468813e+00 -6.5359140550e+00
0 0 0
0 0 0
0 0 0
0 0 0
0 0 0
1.5773154382e+03 -1.2643463128e-01 -7.4596321877e-02
7.6488497555e-01 1.1606585871e-01 -6.3362425034e-01
2.0149854051e-01 8.9116263244e-01 4.0648185778e-01
6.1184092079e-01 -4.3858622753e-01 6.5824980720e-01
6.9208001504e-01 -3.4059242140e+00 -1.3067645012e+01
1.5757748390e+03 2.3473571752e-01 -5.1803815499e-01
9.4036798452e-01 2.3560846493e-01 -2.4535016801e-01
-1.5350766008e-01 9.3759539115e-01 3.1201006521e-01
3.0355139925e-01 -2.5574114598e-01 9.1785239242e-01
1.2243331741e+00 -3.2460841702e-01 -1.2860263809e+01
6.2621137377e+02 -1.8137658647e-01 2.0006748610e-01
7.8994718521e-01 2.1652876885e-01 -5.7367127943e-01
-8.7200876096e-02 9.6573663551e-01 2.4443559078e-01
6.0694270882e-01 -1.4306656875e-01 7.8176243522e-01
2.1281513104e+00 -2.3705355620e-01 -2.0824090765e+01
1.9595877295e+03 1.6560809709e-01 3.1013480370e-01
8.4624552665e-01 2.1672155938e-01 -4.8672402275e-01
-1.1481254911e-01 9.6624723502e-01 2.3061734408e-01
5.2027549163e-01 -1.3927687003e-01 8.4256475495e-01
8.7060295742e-01 2.0759893406e+00 -1.2738529433e+01
0 0 0
0 0 0
0 0 0
0 0 0
0 0 0
0 0 0
0 0 0
0 0 0
0 0 0
0 0 0
8.1425532040e+02 8.7632543557e-02 -1.3094527738e-01
9.7933142767e-01 1.1349259347e-01 -1.6741978977e-01
3.7580789857e-02 7.1122160626e-01 7.0196261370e-01
1.9874012935e-01 -6.9374581658e-01 6.9225652974e-01
8.9254099072e-01 7.4978929389e-02 -5.3116186519e+00
9.9312667998e+02 3.8702383704e-02 -3.5847423072e-01
8.7358828778e-01 2.5148016322e-01 -4.1665481032e-01
1.8384690735e-01 6.2216993113e-01 7.6098941613e-01
4.5060383722e-01 -7.4139213936e-01 4.9728651457e-01
8.5492208400e-01 -1.9679533351e+00 -7.2341811171e+00
1.2098032427e+03 -8.4795175974e-02 -2.3776071688e-01
8.7059227451e-01 2.2909146922e-01 -4.3541496334e-01
-3.1216057949e-02 9.0891692296e-01 4.1580714866e-01
4.9101389929e-01 -3.4840655258e-01 7.9844738388e-01
1.3486494818e+00 -3.1229135505e+00 -2.0642762875e+01
0 0 0
0 0 0
0 0 0
0 0 0
0 0 0
2.3855979352e+03 -5.3233290399e-02 9.5205643269e-02
8.7129119796e-01 2.1194360336e-01 -4.4264156757e-01
-1.9980225307e-01 9.7699888226e-01 7.4513379598e-02
4.4825295093e-01 2.3517930730e-02 8.9359733601e-01
5.2239737970e-01 4.6100285225e+00 -8.5141742961e+00
0 0 0
0 0 0
0 0 0
0 0 0
0 0 0
-1.8321693027e+03 6.0820447280e-02 -1.3141525899e-01
9.0876039133e-01 3.4312001240e-02 4.1590532302e-01
1.6865315341e-01 8.8140571414e-01 -4.4122565759e-01
-3.8172066356e-01 4.7111214551e-01 7.9519977450e-01
-2.0287601198e-01 1.0146869678e+00 3.8811642525e+00
1.2797463461e+03 -2.4555649749e-01 3.6476519147e-01
8.6711666579e-01 2.0733029952e-01 -4.5290488494e-01
-6.9733424527e-02 9.5083004370e-01 3.0176062949e-01
4.9319969323e-01 -2.3007906230e-01 8.3893842902e-01
-7.8308874221e-01 -4.0511302030e-01 -1.9838082976e+01
1.4767204924e+03 1.5447241625e-02 -1.3242377311e-01
8.1155873362e-01 1.7224775840e-01 -5.5830379866e-01
1.0866953544e-01 8.9438401057e-01 4.3389880584e-01
5.7407608724e-01 -4.1280497982e-01 7.0712707111e-01
7.3620417275e-01 -5.8056654065e+00 -2.3725881706e+01
0 0 0
0 0 0
0 0 0
0 0 0
0 0 0
0 0 0
0 0 0
0 0 0
0 0 0
0 0 0
1.8565430716e+03 -2.8537123537e-02 1.0938469275e-01
7.7955868889e-01 2.0442434219e-01 -5.9202950847e-01
-1.1427925769e-01 9.7579386654e-01 1.8645798801e-01
6.1581531472e-01 -7.7698251903e-02 7.8405004930e-01
9.3833724639e-01 2.9665194651e+00 -9.7191905658e+00
0 0 0
0 0 0
0 0 0
0 0 0
0 0 0
7.1876877713e+02 -5.4585258524e-02 -4.5638006448e-03
7.9523162405e-01 1.7450694877e-01 -5.8064962667e-01
4.2554974724e-03 9.5605444853e-01 2.9315828861e-01
6.0629081707e-01 -2.3559969498e-01 7.5954211790e-01
1.6099125556e+00 -6.6047243504e-01 -1.8171845405e+01
2.5661337456e+03 1.3471144351e-01 -5.1070137788e-01
8.6351533945e-01 2.1661787422e-01 -4.5543161407e-01
-6.2419420938e-02 9.4201841368e-01 3.2970460140e-01
5.0044487650e-01 -2.5627720317e-01 8.2696851253e-01
1.1419338579e+00 2.4480426335e+00 -8.4055262571e+00
3.1492947679e+03 1.3975783654e-01 -3.6966731879e-01
7.9285796763e-01 2.3843285247e-01 -5.6082619235e-01
2.8720994910e-03 9.1881041980e-01 3.9468869190e-01
6.0939969988e-01 -3.1454282272e-01 7.2780135920e-01
1.0288601870e+00 2.8557357663e+00 -5.8715325160e+00
1.1114765948e+03 -8.2173950568e-02 3.7824225287e-01
8.4965697675e-01 1.7182746230e-01 -4.9855626068e-01
1.1712629418e-01 8.6031795802e-01 4.9611938314e-01
5.1416383875e-01 -4.7992534244e-01 7.1084964135e-01
1.3566350365e+00 -2.5755533559e+00 -1.2964244996e+01
6.9989286970e+02 -1.9979551722e-01 3.1055127932e-01
7.0508984500e-01 2.1133836740e-01 -6.7689320055e-01
8.6850969021e-03 9.5191121916e-01 3.0625087743e-01
7.0906479222e-01 -2.2181326673e-01 6.6934743977e-01
3.5862560514e+00 -1.2522682428e+00 -1.8920590100e+01
2.1014519165e+03 6.0190771470e-02 -2.3305193883e-01
8.2354891160e-01 2.0941896840e-01 -5.2717253900e-01
-5.8131000133e-02 9.5562074514e-01 2.8880751077e-01
5.6425878551e-01 -2.0720204422e-01 7.9917415864e-01
1.0458698947e+00 8.8205376934e-01 -1.3916578588e+01
7.2886525650e+02 -9.9718861058e-02 -1.0832213295e-01
8.5285396510e-01 2.0338667000e-01 -4.8090953065e-01
-9.6867384961e-02 9.6665996402e-01 2.3703422471e-01
5.1308559124e-01 -1.5557112978e-01 8.4412131808e-01
1.4144127708e+00 3.4787070922e+00 -6.5459829757e+00
-6.8361351169e+01 1.5172131086e-04 -2.5158790766e-06
9.5828953507e-01 -2.8310390470e-01 3.9157963731e-02
2.7152123967e-01 9.4459407673e-01 1.8444036060e-01
-8.9204166867e-02 -1.6611504855e-01 9.8206334177e-01
8.4552748242e-01 1.1438965313e-01 -1.1104993783e+00
1.0982801808e+03 -1.2211283765e-01 3.2092704995e-02
6.1456922429e-01 1.1754941272e-01 -7.8005564168e-01
-2.9772481782e-01 9.5026974381e-01 -9.1363815890e-02
7.3052351188e-01 2.8839131327e-01 6.1900391681e-01
1.1962881082e+00 4.2059794319e+00 -8.6418228147e+00
0 0 0
0 0 0
0 0 0
0 0 0
0 0 0
2.5133454883e+03 -1.4488402880e-01 -1.5102581405e-01
8.3597584049e-01 1.7712847021e-01 -5.1939378043e-01
1.9001616552e-01 7.9449243291e-01 5.7678040093e-01
5.1481865832e-01 -5.8086769500e-01 6.3051920665e-01
-1.3768692303e-01 -3.3880101202e+00 -1.0634037796e+01
1.8002523587e+03 -5.4170373654e-02 -2.3720280194e-01
8.6347614568e-01 1.9440067523e-01 -4.6542166184e-01
-6.6579632067e-04 9.2318073562e-01 3.8436556309e-01
5.0438923715e-01 -3.3158061892e-01 7.9727397462e-01
9.1126524931e-01 -1.4210591340e+00 -1.6876268057e+01
1.9320263982e+03 -2.6845128392e-01 4.1879656471e-01
8.4579139312e-01 1.7192067856e-01 -5.0505465012e-01
5.0391387281e-02 9.1668229482e-01 3.9642688916e-01
5.3112863547e-01 -3.6074485533e-01 7.6665867369e-01
-8.2454670654e-01 -4.8474991755e+00 -2.3653693785e+01
0 0 0
0 0 0
0 0 0
0 0 0
0 0 0
1.2162471693e+03 2.9679121928e+00 -7.1336390765e+00
6.6816673787e-01 1.4693413591e-02 -7.4386646248e-01
1.9537973451e-01 9.6125056351e-01 1.9448422431e-01
7.1789969338e-01 -2.7528432167e-01 6.3940485805e-01
3.4057875192e-01 1.0670802941e+00 -1.1985902758e+01
1.2137691725e+03 -1.3411239784e-01 2.6216229939e-02
8.4352021301e-01 2.0315810802e-01 -4.9719255162e-01
-2.3120862856e-01 9.7288990821e-01 5.2722460174e-03
4.8478471544e-01 1.1050796191e-01 8.6762421015e-01
-1.7973679129e-01 5.5217906878e+00 -1.6067299742e+01
1.6819935749e+03 -7.0689056047e-02 -2.8034633090e-01
4.2995826777e-02 8.8067129439e-01 4.7177264664e-01
-8.5967734451e-01 -2.0797659335e-01 4.6658396883e-01
5.0902477565e-01 -4.2563341957e-01 7.4815103416e-01
-1.7860252704e+00 -1.0944788630e+00 -1.3120000440e+01
3.3662578131e+02 -1.8866852177e-02 -1.1807053798e-02
7.5990011695e-01 1.5543863290e-01 -6.3118194181e-01
3.6358128055e-02 9.5930623781e-01 2.8001719344e-01
6.4902226371e-01 -2.3573369191e-01 7.2332546458e-01
-6.9705645404e-02 -6.3422810844e-01 -1.4581660043e+01
1.5692106216e+03 -2.6426257791e-02 -1.6802878519e-01
8.9276899358e-01 1.7865980198e-01 -4.1357490162e-01
-8.2840446284e-02 9.6745357819e-01 2.3910465181e-01
4.4283290817e-01 -1.7920448993e-01 8.7851281506e-01
-2.6380893791e+00 -4.2032867164e-01 -2.0588914532e+01
1.5385391797e+03 -4.4848915414e-01 -1.8203749727e-01
9.2008814353e-01 1.9196708716e-01 -3.4144757370e-01
-1.7480249526e-01 9.8129377106e-01 8.0663638169e-02
3.5054514088e-01 -1.4531769211e-02 9.3643308992e-01
-1.8460623965e+00 4.3152167735e+00 -7.5106010477e+00
2.0939696312e+03 -3.1289754659e-01 1.7617957697e+00
6.9403030903e-01 6.0589662528e-02 -7.1739168029e-01
3.2702562327e-01 8.6118930152e-01 3.8911081799e-01
6.4138613321e-01 -5.0466016263e-01 5.7787710491e-01
3.2600660381e-01 -3.4937331480e+00 -1.1242913246e+01
2.6902149287e+03 -2.9311930261e-01 7.0658980219e-01
8.2718951187e-01 2.3549860186e-01 -5.1019400230e-01
1.2709831205e-01 8.0600156535e-01 5.7810682035e-01
5.4736051240e-01 -5.4304869504e-01 6.3678456662e-01
1.2291582682e+00 -2.8236302990e+00 -1.1443516249e+01
0 0 0
0 0 0
0 0 0
0 0 0
0 0 0
2.6969659794e+03 -6.5111943566e-02 -3.5455151513e-01
8.4622823646e-01 2.5054105998e-01 -4.7024137322e-01
-2.8428326823e-01 9.5874001774e-01 -7.7574723675e-04
4.5064486597e-01 1.3433821365e-01 8.8253750579e-01
3.6060277928e+00 5.2316155198e+00 -1.3947062331e+01
1.1442022812e+03 -4.7227060199e-03 2.9058820045e-01
8.3945086866e-01 2.2255414000e-01 -4.9577403510e-01
3.3475551302e-02 8.8938642985e-01 4.5592890439e-01
5.4240356431e-01 -3.9932622398e-01 7.3914608858e-01
1.5999603712e+00 -1.5169596040e+00 -1.3102803488e+01
2.4468529278e+03 -3.4491054612e-02 -6.6102135268e-02
8.2915718216e-01 2.1235256488e-01 -5.1711193706e-01
-5.7852483819e-02 9.5266969196e-01 2.9845191930e-01
5.5601390035e-01 -2.1754734245e-01 8.0219804064e-01
5.4294788425e-01 8.7469315106e-02 -1.5877488186e+01
0 0 0
0 0 0
0 0 0
0 0 0
0 0 0
0 0 0
0 0 0
0 0 0
0 0 0
0 0 0
8.2202443178e+02 -8.0520983328e-02 -4.0486208499e-02
8.1412867780e-01 2.0140897561e-01 -5.4463650311e-01
4.2749939414e-02 9.1458768540e-01 4.0212163382e-01
5.7910874510e-01 -3.5066193157e-01 7.3598184155e-01
1.5526651632e+00 -2.3450917768e+00 -1.7620954692e+01
0 0 0
0 0 0
0 0 0
0 0 0
0 0 0
0 0 0
0 0 0
0 0 0
0 0 0
0 0 0
1.6066321045e+03 1.0320160721e-01 -8.0465300694e-01
8.5305837135e-01 2.2176844419e-01 -4.7234539506e-01
1.3724344046e-03 9.0423951261e-01 4.2702344228e-01
5.2181369424e-01 -3.6492418527e-01 7.7106472329e-01
2.2412928432e+00 -3.0674953475e+00 -1.9471963149e+01
0 0 0
0 0 0
0 0 0
0 0 0
0 0 0
0 0 0
0 0 0
0 0 0
0 0 0
0 0 0
0 0 0
0 0 0
0 0 0
0 0 0
0 0 0
2.1755801381e+03 -2.0295365890e-01 4.6073327518e-01
8.0842460957e-01 2.1439336281e-01 -5.4816524573e-01
1.8274236380e-01 7.9386010398e-01 5.7999255494e-01
5.5951307323e-01 -5.6905326754e-01 6.0259729470e-01
6.7334453340e-01 -3.9261301493e+00 -1.0916390781e+01
1.8122375174e+03 -8.9219838662e-01 1.4260963700e+00
7.2432755413e-01 8.9835350113e-02 -6.8357823561e-01
1.5477497859e-01 9.4498205886e-01 2.8819024002e-01
6.7185883959e-01 -3.1454493846e-01 6.7057227899e-01
-1.8305403365e-01 -2.7560291916e+00 -1.2731104027e+01
3.8744682992e+03 -1.5819783302e-01 -8.8383627021e-02
9.4637222623e-01 1.8448487926e-01 -2.6522620297e-01
-1.4947227609e-01 9.7780810588e-01 1.4679695760e-01
2.8642215015e-01 -9.9280599332e-02 9.5294580879e-01
-3.4877387318e+00 2.9423787654e+00 -1.6236680567e+01
1.8816508836e+03 -7.3151188935e-02 6.8310225354e-02
8.1273582244e-01 1.8882008263e-01 -5.5118731781e-01
-7.5680019217e-02 9.7222743633e-01 2.2146409806e-01
5.7769630223e-01 -1.3827793908e-01 8.0445397255e-01
4.0888406650e-01 9.7607923510e-01 -1.5644322137e+01
0 0 0
0 0 0
0 0 0
0 0 0
0 0 0
9.2280319609e+02 -5.5366187346e-02 1.9764441994e-01
7.6117736883e-01 3.0065868438e-01 -5.7464194826e-01
2.6798816667e-01 6.6105321662e-01 7.0085018892e-01
5.9058560405e-01 -6.8746854495e-01 4.2260577846e-01
-2.3001688668e-01 -2.4831025322e-01 -6.8594680236e+00
0 0 0
0 0 0
0 0 0
0 0 0
0 0 0
0 0 0
0 0 0
0 0 0
0 0 0
0 0 0
1.9638791266e+03 1.2340442428e-01 -3.0006182177e-01
9.5268692362e-01 1.9459759694e-01 -2.3349389891e-01
9.2474444333e-02 5.4620969905e-01 8.3252834295e-01
2.8954464717e-01 -8.1473108443e-01 5.0237153320e-01
9.8013985427e-01 -1.3347161878e+00 -6.0219466252e+00
0 0 0
0 0 0
0 0 0
0 0 0
0 0 0
0 0 0
0 0 0
0 0 0
0 0 0
0 0 0
0 0 0
0 0 0
0 0 0
0 0 0
0 0 0
0 0 0
0 0 0
0 0 0
0 0 0
0 0 0
1.7612357197e+03 -1.0127080003e-01 -7.5321462616e-02
8.1301182922e-01 2.4550639971e-01 -5.2795679108e-01
-6.6660040285e-03 9.1062247151e-01 4.1318552584e-01
5.8220900880e-01 -3.3240535808e-01 7.4198338795e-01
2.5903404374e+00 -2.4102673356e+00 -1.8371478211e+01
0 0 0
0 0 0
0 0 0
0 0 0
0 0 0
1.8406289680e+03 -1.7340624486e-01 1.8684495248e-01
7.5736885079e-01 2.2878635630e-01 -6.1159564013e-01
-2.6402861018e-02 9.4657537558e-01 3.2139998021e-01
6.5245330314e-01 -2.2727045897e-01 7.2294731876e-01
2.2427884285e+00 -1.2606355907e+00 -1.8673742504e+01
0 0 0
0 0 0
0 0 0
0 0 0
0 0 0
5.7886257602e+02 -1.6548744058e-01 4.8515494106e-02
8.9302368049e-01 1.3612998535e-01 -4.2892578981e-01
4.2025263442e-02 9.2375448457e-01 3.8067247006e-01
4.4804305966e-01 -3.5797524959e-01 8.1921373119e-01
-2.4375024799e+00 -2.2928010432e+00 -1.7470465289e+01
1.0230717260e+03 -9.3129796358e-02 -6.2028286850e-02
8.4183650646e-01 2.1508071076e-01 -4.9502685205e-01
1.4983219128e-02 9.0750433174e-01 4.1977540546e-01
5.3952460513e-01 -3.6079935662e-01 7.6074767480e-01
6.7641197107e-01 -2.3758362573e+00 -1.7208302988e+01
0 0 0
0 0 0
0 0 0
0 0 0
0 0 0
5.9653719099e+02 -9.1707531187e-02 9.1234406759e-02
8.2400178277e-01 2.0279401379e-01 -5.2905165151e-01
-3.7385768646e-02 9.5117713873e-01 3.0637290198e-01
5.6535242663e-01 -2.3267281478e-01 7.9135326812e-01
9.8605533257e-01 -4.9271060293e-01 -1.8089403527e+01
0 0 0
0 0 0
0 0 0
0 0 0
0 0 0
1.6699901556e+03 -1.4390997270e-01 -2.5979110705e-02
8.5617233375e-01 2.1935913315e-01 -4.6781460604e-01
-1.1337614675e-02 9.1316396345e-01 4.0743469949e-01
5.1656596230e-01 -3.4353041577e-01 7.8431273101e-01
1.1873428883e-01 -2.3339967564e+00 -1.8181913299e+01
1.3510028953e+00 1.2617947978e+00 1.8612550039e+00
99 99 89
4 25 3516 623.6600 520.8000 39 3187 332.3600 353.2200 75 2887 720.7600 361.2400 20 3746 235.7400 70.1200
5.1182642927e-01 -6.6120817667e-01 1.4674926273e+00
121 120 107
2 25 1894 344.7100 -48.8100 39 1940 272.6801 -24.6700
1.9276044959e+00 -1.1890376104e-01 1.6219769568e+00
169 174 167
3 25 2078 932.9199 214.9299 39 2136 576.5900 170.3900 20 2381 336.7100 -74.8600
4.4078208377e-02 -1.9773151441e+00 1.0883202528e+00
168 173 175
17 25 2509 108.1200 -581.2300 39 2448 360.3000 -372.6100 19 2225 138.9200 -145.0700 33 4261 91.6000 341.8800 7 9070 16.0800 -155.6500 16 17222 -11.7500 68.3400 30 7509 -13.6300 263.1900 2 5120 68.6300 -595.6500 10 11494 -93.2800 1415.8101 23 2379 -106.3600 860.5000 37 21490 12.4200 -113.6801 48 5868 -439.6700 -33.3800 57 15091 -70.7300 -244.2400 4 10938 35.2700 -297.3000 70 13515 -69.6400 -88.1899 14 31752 73.1000 -257.7200 55 6242 528.2300 671.4900
2.0963807111e+00 -2.0480803996e-01 1.6154193594e+00
169 172 165
3 25 2059 1020.0100 200.8301 39 2134 626.4700 165.9200 20 2359 368.5700 -81.1500
-1.5335906330e+00 5.1767433181e-01 1.3845261421e+00
94 91 82
2 25 3178 -313.2800 195.0400 39 2912 -166.9800 93.5200
1.7476315019e-01 -2.0524125374e+00 1.0825728858e+00
76 68 45
6 25 2502 166.1100 -614.6000 39 1706 400.0800 -387.6900 33 4258 129.8700 316.9000 11 3194 21.1400 466.7800 30 16217 8.3600 248.9900 10 48904 -71.2600 1398.2700
1.6389180036e+00 -2.0463584523e-01 1.5874182743e+00
107 98 81
4 25 3143 806.7300 170.7700 39 2967 513.8900 136.8800 75 2550 925.9800 4.7400 20 3334 287.1100 -95.0400
-8.2527305190e-02 -2.0107576230e+00 1.0735833202e+00
82 76 56
4 25 115 48.2600 -598.9000 39 107 327.4301 -388.1700 19 86 105.6500 -156.2700 33 348 54.0200 332.8500
3.0948450920e-01 -2.0358424755e+00 1.0944955662e+00
154 155 155
3 25 114 231.2100 -607.2400 39 108 437.7300 -376.9400 19 142 209.7600 -158.1600
6.0623042954e-01 -1.4008782107e+00 1.2482263112e+00
159 160 152
4 25 328 377.7700 -309.3400 39 548 436.3199 -188.9400 75 271 484.1600 -489.5601 19 405 272.8800 -3.6700
-3.9307814909e-02 -2.1108404250e+00 1.0586464146e+00
138 140 135
3 25 450 66.9500 -646.5900 39 742 342.1300 -414.5400 19 593 116.3800 -182.5500
3.7948018699e-01 -1.3469100204e+00 1.2431624882e+00
135 135 130
4 25 790 274.4700 -295.5800 39 829 375.0400 -186.4000 75 447 372.0601 -473.9399 19 652 217.1800 2.1000
6.3255475991e-01 4.8700280733e-01 1.6569939665e+00
141 148 140
3 25 1003 385.9700 291.1400 39 1049 244.4600 193.2000 19 740 240.7400 294.8800
7.8502675104e-02 -2.0209680316e+00 1.0822402736e+00
76 68 47
3 25 1146 122.3700 -602.6600 39 1192 372.2500 -383.8400 19 919 146.3600 -156.2300
-1.9481675872e-01 -1.9175201589e+00 1.0833509054e+00
148 151 149
5 25 1160 1.5300 -556.4301 39 1200 295.3199 -366.0400 19 926 77.4600 -132.3400 30 3617 -54.2700 271.2900 35 2372 30.9100 -359.6300
2.0686214483e-02 -1.9109659608e+00 1.1000967442e+00
141 142 132
4 25 708 99.5900 -548.1500 39 1202 349.5200 -353.2000 19 927 131.9300 -128.0500 33 2056 86.2500 366.1300
1.2942179418e+00 -8.6506926275e-01 1.4011269966e+00
150 153 153
3 25 1339 685.4301 -68.1000 39 1350 555.3300 -23.2500 19 1053 436.0800 122.3200
1.5332931027e+00 2.1155246861e+00 2.0575515896e+00
135 141 140
5 25 1091 658.2400 691.9000 39 1130 290.5200 471.3700 75 932 751.8101 530.1799 19 1196 372.5000 500.9299 20 1084 266.4600 171.9700
4.7527295715e-01 -2.4358487682e+00 1.0258309694e+00
45 43 31
3 25 1682 321.1700 -820.9700 39 1665 517.6500 -496.3101 19 1432 263.4200 -269.6100
3.3057882451e-01 -2.1091270960e+00 1.0811854510e+00
65 59 44
3 25 1142 242.3400 -644.2500 39 1704 450.2400 -398.6700 19 1456 215.2100 -176.3600
9.2091326379e-03 -1.9980518172e+00 1.0825387874e+00
83 75 59
3 25 1147 91.2600 -592.5000 39 1707 351.3400 -379.7700 19 1461 127.7500 -151.2200
-2.4310670931e+00 1.6790945150e+00 1.6743674185e+00
93 95 88
4 25 1509 -443.2000 361.7500 39 1517 -271.3200 196.3400 75 1204 -382.6900 201.9100 19 1740 -220.6000 333.9600
1.7022358486e-01 -2.0269379814e+00 1.0875202579e+00
159 165 161
4 25 2506 166.0800 -602.0800 39 2437 397.9500 -380.0400 19 2217 171.2100 -154.4700 33 4259 129.9900 325.5801
-8.6536649950e-02 -1.9648924330e+00 1.0818833631e+00
73 62 44
3 25 2512 48.4200 -577.9800 39 2443 324.4200 -375.4000 19 2226 103.7900 -144.3300
-4.1627518338e+00 1.0134671689e+00 1.3530581890e+00
72 68 50
5 25 2018 -884.5400 154.7400 39 1410 -549.7300 32.3800 75 1138 -838.2100 -9.7000 19 2476 -466.9200 216.3300 20 3314 -331.4700 -105.4600
-3.9934968335e+00 1.1639391792e+00 1.4061542485e+00
161 162 153
5 25 2050 -832.5800 192.2900 39 2019 -515.4200 60.6200 75 1682 -784.7600 28.9100 19 2512 -438.2600 237.3700 20 2335 -313.7200 -91.7000
1.5794646636e+00 1.9696854268e+00 2.0299854171e+00
165 182 189
4 25 3655 679.9700 670.8500 39 3250 306.1600 459.6700 75 2997 775.1100 509.1000 19 2780 385.6600 489.0900
9.9256808437e-02 -2.2222991131e+00 1.0443780836e+00
131 132 125
3 25 2477 128.8500 -703.6400 39 3385 391.8300 -443.1700 19 3233 152.7400 -209.0200
4.1605070158e-01 -2.1393690166e+00 1.0805633503e+00
68 64 50
3 25 2491 285.1500 -659.4100 39 3439 477.7200 -404.2100 19 3240 239.9500 -183.3000
-1.2242510170e-02 -1.8882692385e+00 1.1017544243e+00
145 148 139
4 25 2548 84.4600 -540.9200 39 3544 338.8600 -350.0300 75 2081 172.4500 -732.9000 19 3278 123.6600 -123.8400
5.9472355142e-01 -1.5689473432e-01 1.5142176572e+00
139 138 127
4 25 3099 372.2800 125.5900 39 2888 297.1300 71.3600 75 2518 464.6300 -40.7300 19 3654 238.5600 207.2600
-4.1612562360e+00 1.1915800679e+00 1.3978987159e+00
88 82 71
5 25 3163 -864.7600 189.6799 39 2869 -538.6800 57.8500 75 2574 -817.1100 26.4200 19 3696 -456.4700 235.9900 20 4874 -324.6900 -92.1700
-4.5418806176e-01 5.4452593842e-01 1.6547967738e+00
71 67 51
2 25 4768 32.2700 217.4700 39 4243 41.6900 128.3400
6.1346350941e-01 1.1403412924e+00 1.7856099352e+00
56 56 48
5 25 5015 374.6700 439.8300 39 4438 198.8200 290.5400 75 4098 461.5800 278.9000 19 3873 228.9100 372.1000 20 5256 137.9700 30.9400
-4.0318429481e+00 2.9375873488e+00 1.7945769372e+00
168 173 169
4 25 3469 -675.2700 480.5200 39 3135 -495.0000 272.4500 75 2831 -618.0600 317.9500 19 3896 -362.3700 390.7700
2.3772561220e-01 -2.0870790234e+00 1.0795870628e+00
119 120 108
3 25 5557 197.0000 -633.7400 39 4919 421.6600 -396.4500 19 4779 189.5400 -171.4000
-1.4174883126e+00 -1.8732062539e+00 1.0008487893e+00
150 156 151
3 25 3883 -484.4900 -560.8600 39 3436 8.9400 -409.8600 19 4805 -195.5400 -139.2300
-1.9588615837e+00 -1.8026133106e+00 9.7307723694e-01
53 50 39
4 25 5648 -666.7800 -541.5800 39 3433 -108.4900 -413.8000 75 3146 -626.6500 -727.4900 19 4844 -298.5100 -130.2600
-1.6498376040e+00 -1.8118265556e+00 9.9511862360e-01
72 68 56
4 25 5657 -561.8200 -539.4200 39 4900 -43.7700 -403.4800 75 3154 -515.2500 -725.9301 19 4853 -240.0500 -128.7000
-4.6115261939e-01 -1.8703222081e+00 1.0730431014e+00
143 149 141
4 25 3930 -110.5800 -540.9301 39 3513 227.7100 -365.5700 75 3138 -36.7200 -731.3199 19 4864 14.0600 -125.4900
-3.0131001659e+00 -8.5624403101e-01 1.0977428531e+00
60 59 48
4 25 4211 -851.8400 -242.9600 39 3699 -312.4600 -239.1900 75 3437 -813.6000 -411.2500 19 5150 -417.2500 24.2800
-1.8894809650e+00 -8.8204433247e-01 1.1744806374e+00
136 137 120
3 25 6129 -530.2600 -213.7700 39 5275 -122.8200 -195.0800 19 5175 -238.4300 40.2200
-1.5495312469e+00 -8.9164303217e-01 1.1984250305e+00
133 126 110
6 25 4250 -423.9200 -201.8900 39 3793 -58.3600 -179.8100 75 3468 -367.7600 -370.7300 19 5195 -178.9800 46.9200 20 4206 -182.8000 -293.5800 33 6391 -302.5200 682.9500
-2.4936531096e+00 -7.1317805565e-01 1.1718854136e+00
80 72 49
4 25 6191 -689.5700 -182.6000 39 3779 -224.9100 -187.1300 75 3497 -643.6100 -349.0800 19 5221 -328.6100 56.3900
2.1387956754e-01 -2.7581140515e-01 1.5506927893e+00
143 139 119
2 25 6492 234.6801 46.8000 39 5672 185.2500 29.5800
5.7938744281e-01 1.0848858532e+00 1.7728034598e+00
49 49 42
4 25 10180 365.0601 425.4500 39 6094 192.9500 281.4700 75 5790 451.5800 264.2400 19 5722 223.5200 363.6000
5.9922670109e-01 1.1004635895e+00 1.7773413465e+00
125 127 119
5 25 7132 370.2000 429.8900 39 6098 197.0400 283.9400 75 5797 457.3000 269.0800 19 5729 226.6900 366.3200 20 7886 136.4600 27.6300
5.9922670109e-01 1.1004635895e+00 1.7773413465e+00
125 127 119
5 25 7133 370.2000 429.8900 39 6099 197.0400 283.9400 75 5798 457.3000 269.0800 19 5730 226.6900 366.3200 20 7887 136.4600 27.6300
1.0998900673e+00 2.7844468636e+00 2.1625024002e+00
111 111 110
4 25 7726 506.3300 767.8700 39 6349 189.8400 517.2700 75 6335 592.5601 605.2300 19 6047 288.2200 540.8800
7.9543240205e-01 -2.4510719699e+00 1.0403389645e+00
76 73 65
3 25 7851 499.0400 -833.6300 39 6495 623.5699 -487.4100 19 6761 363.1400 -272.9000
-6.9742164901e-02 -1.9532508662e+00 1.0856720031e+00
144 147 143
5 25 5591 57.3600 -570.5300 39 4965 328.7000 -370.0900 19 6904 108.9200 -139.5500 33 8631 56.8300 351.2000 55 17354 509.7100 678.3800
6.0703684557e-02 -1.8590269883e+00 1.1116240288e+00
56 49 41
4 25 5723 118.4301 -526.3101 39 5031 356.5500 -339.4300 75 4583 209.2400 -717.7100 19 7015 141.7100 -115.3700
1.1795223138e+00 -1.5965009737e+00 1.2448245796e+00
59 55 45
4 25 8371 667.1500 -374.6500 39 7090 618.2000 -209.6000 75 4776 798.6899 -562.7900 19 7224 438.9200 -34.9200
5.0700257645e-01 -1.0946933450e+00 1.2971257414e+00
148 134 117
4 25 6172 331.6100 -194.3800 39 5401 388.2600 -122.7100 75 3474 431.1801 -366.8500 19 7450 243.8900 55.3000
5.0700257645e-01 -1.0946933450e+00 1.2971257414e+00
148 134 117
4 25 6173 331.6100 -194.3800 39 5402 388.2600 -122.7100 75 3475 431.1801 -366.8500 19 7451 243.8900 55.3000
2.1387956754e-01 -2.7581140515e-01 1.5506927893e+00
143 139 119
2 25 6491 234.6801 46.8000 39 5671 185.2500 29.5800
3.0044453063e-01 1.1298465233e+00 1.7611855248e+00
166 175 177
4 25 10165 274.7700 415.6200 39 8069 140.9900 270.8300 75 8015 357.9700 254.2900 19 8223 173.4000 358.6800
-3.3074606990e+00 2.4592676299e+00 1.7498417465e+00
140 143 132
4 25 7172 -571.7100 446.4000 39 6047 -411.5300 252.8300 75 5817 -513.5400 284.2300 19 8265 -301.6100 372.5400
4.9900304615e-03 1.3844666624e+00 1.7904640453e+00
169 181 178
4 25 7174 186.7200 447.4700 39 6110 78.7300 288.3000 75 5822 265.9200 286.4100 19 8273 123.0100 375.1700
-4.1073146930e+00 3.1468475360e+00 1.8358610102e+00
168 171 165
4 25 7341 -673.2500 505.4500 39 4440 -498.8000 290.3900 75 5958 -615.3500 342.7200 19 8405 -361.3200 404.2100
-4.1073146930e+00 3.1468475360e+00 1.8358610102e+00
168 171 165
4 25 7342 -673.2500 505.4500 39 4441 -498.8000 290.3900 75 5959 -615.3500 342.7200 19 8406 -361.3200 404.2100
-1.7742267233e-01 1.7485573112e+00 1.8522795023e+00
176 176 163
4 25 10476 138.9000 504.3101 39 6189 37.7500 324.6800 75 5960 216.0400 344.4299 19 8414 94.7600 405.5701
9.6414558904e-01 2.3671404189e+00 2.0674747571e+00
130 140 142
5 25 7606 476.2900 690.2300 39 6328 177.8900 466.3101 75 6194 561.8500 527.3900 19 8577 271.5700 498.7900 20 8705 195.0400 169.8000
-7.8310091719e-01 -2.2657058571e+00 9.6864144554e-01
44 47 35
3 25 11469 -275.7700 -732.5000 39 8662 174.2000 -494.9301 19 9888 -71.0200 -226.0600
-1.1129971496e-01 -1.9683586035e+00 1.0791847130e+00
130 130 114
3 25 8015 36.6700 -580.3101 39 8960 319.0500 -377.5600 19 10025 97.8400 -144.9500
2.3012900302e-01 -1.6608945444e+00 1.1669146785e+00
152 151 139
5 25 12072 203.4900 -431.2900 39 9322 373.1400 -276.4200 75 6711 298.5000 -618.3101 19 10420 183.1700 -68.4600 33 33312 164.8500 468.7500
8.6638770672e-01 -1.7024442200e+00 1.2045866126e+00
63 54 47
4 25 12067 510.2100 -432.8500 39 9445 540.2500 -254.1000 75 9344 629.3700 -622.7600 19 10427 353.2100 -67.1200
9.9431724757e-01 4.4835404021e-02 1.5757479855e+00
175 191 194
4 25 9625 522.5601 202.4600 39 7841 374.7300 139.1800 75 7617 623.5699 41.0100 19 11611 327.1000 256.4100
-3.1994049778e+00 1.1728381383e+00 1.4702810449e+00
53 54 46
4 25 14102 -658.3000 231.0300 39 7737 -406.1000 97.9500 75 10649 -605.6000 68.2600 19 11632 -340.7900 259.3600
7.1812076084e-01 2.8102427132e-01 1.6225408302e+00
76 73 61
4 25 14154 417.4200 247.3301 39 10721 271.2200 166.5000 75 10692 509.8500 84.4800 19 11682 261.2100 271.3500
1.4303564036e+00 9.7472240654e-01 1.8092890154e+00
112 112 103
3 25 14976 664.2600 464.9700 39 11256 364.8900 319.0500 19 12245 389.1500 386.0100
-5.0019534633e+00 3.4260000472e+00 1.8247184329e+00
77 78 70
3 25 10453 -804.2800 498.5400 39 8089 -590.4500 279.4300 19 12370 -435.8400 400.0300
1.7194408750e+00 1.0832035608e+00 1.8504876579e+00
169 171 168
3 25 10512 765.5200 512.4000 39 8273 416.1200 353.0100 19 12455 443.8800 412.5100
-4.0530786357e+00 5.2559708855e+00 2.2856052709e+00
151 157 151
3 25 16336 -520.1400 750.3600 39 11679 -485.1800 475.9399 19 12868 -288.2300 530.6500
-3.7504296512e+00 5.3002933597e+00 2.3236861283e+00
68 67 72
3 25 11089 -469.5200 768.9800 39 8448 -451.1800 490.4600 19 12934 -260.0900 540.9900
-4.4327931066e+00 2.8036463928e+00 1.7277502100e+00
46 52 51
4 25 424 -760.4100 443.9399 39 271 -547.8700 241.4500 75 356 -707.1000 278.6700 20 416 -285.0000 28.6100
-2.4527172307e+00 -3.8321785790e-01 1.2386229417e+00
156 158 151
3 25 1329 -634.6000 -86.4200 39 1274 -234.2300 -119.6500 20 1346 -253.0700 -241.8200
-5.2847581492e+00 1.1501698502e+00 1.2945606461e+00
83 83 75
3 25 975 -1089.3800 132.6600 39 967 -689.8600 3.4300 20 1536 -405.8500 -116.0800
-2.7198139750e-01 1.3155017474e-01 1.6604963620e+00
104 97 78
2 25 965 83.6500 117.5500 39 1007 79.8500 67.0400
-4.8402177435e+00 1.0890700426e+00 1.3134199063e+00
149 159 152
4 25 979 -1013.4200 139.3300 39 979 -641.1000 14.6400 75 821 -969.8700 -26.1100 20 1560 -377.8800 -110.6600
2.0003138189e+00 -4.2329555060e-01 1.5677603737e+00
31 28 24
2 25 1420 997.3101 125.1800 39 1476 622.9301 118.8800
-5.1787628449e+00 1.2038238860e+00 1.3139261128e+00
87 88 76
3 25 1435 -1063.5900 147.3100 39 980 -676.5000 15.3300 20 1562 -397.2300 -109.5400
-5.6090359782e+00 1.3827565799e+00 1.3226024443e+00
87 82 68
3 25 1442 -1118.4800 162.6000 39 984 -715.4400 22.7300 20 1593 -415.9100 -104.0900
-4.2131337011e+00 1.2711482052e+00 1.4106350020e+00
167 173 168
4 25 2060 -867.8800 202.3101 39 2024 -545.0100 65.4400 75 1691 -819.8400 38.6300 20 2341 -326.3700 -87.1900
1.7732892338e+00 -1.2545033830e-01 1.6113957806e+00
167 170 163
4 25 3195 861.6300 204.0500 39 3003 538.2000 160.3700 75 1689 983.1000 39.1900 20 2365 309.3200 -79.8800
-2.7484634218e+00 -5.9298158886e-01 1.1840809161e+00
142 145 134
3 25 2878 -743.8100 -156.1500 39 2611 -263.3600 -174.1100 75 2352 -699.1600 -321.0000
-2.3451405555e+00 -3.7550020469e-01 1.2479853755e+00
143 160 164
3 25 1874 -604.7700 -79.9700 39 1875 -216.6900 -113.5400 20 3011 -241.8400 -238.5300
6.5372254428e-01 9.4973013461e-02 1.5942299721e+00
95 96 88
3 25 4708 390.8500 184.4600 39 4229 270.0900 124.5200 20 3351 132.6400 -90.1900
-4.5390026135e+00 1.7079077121e+00 1.4831193163e+00
92 92 90
4 25 3260 -885.4800 266.3900 39 2083 -574.5700 109.9000 75 2659 -837.4600 103.1200 20 3426 -331.9100 -58.0800
-4.0022648050e+00 1.5745787875e+00 1.4959661799e+00
68 69 64
4 25 3264 -792.7700 267.0100 39 2091 -510.3800 115.6200 75 2657 -742.1400 104.3100 20 3427 -298.8100 -57.4400
-4.2407660747e+00 3.3595568162e+00 1.8717999712e+00
63 64 49
4 25 3536 -682.2300 528.8400 39 3152 -509.2100 306.1500 75 2897 -623.8900 366.0300 20 3725 -255.1500 65.2700
1.3042747721e+00 1.2905253328e+00 1.8636081346e+00
90 91 84
4 25 3520 606.2600 523.1600 39 3189 321.8000 354.3700 75 2893 702.3500 363.8700 20 3751 229.2200 70.7300
-5.6562196503e+00 5.2608220368e+00 2.1352634507e+00
147 157 162
4 25 2342 -769.4600 678.9900 39 2262 -651.5700 416.9400 75 1971 -709.2800 511.3700 20 3908 -283.3500 154.3700
1.9886169503e+00 -8.3209646933e-01 1.4810444881e+00
171 176 179
2 25 4520 1033.8601 -17.8900 39 5673 676.0900 32.2600
-4.8249753007e+00 1.4808918765e+00 1.4081258717e+00
156 158 145
3 25 4759 -965.7100 214.1400 39 2882 -617.6900 67.9500 20 4932 -360.9600 -81.6500
-4.8300601772e+00 1.4831587071e+00 1.4087936242e+00
156 158 145
4 25 4760 -965.7100 214.1400 39 2883 -617.6900 67.9500 75 3861 -919.9200 50.7800 20 4933 -360.9600 -81.6500
-4.7399607942e+00 1.4717276319e+00 1.4140202001e+00
157 155 147
4 25 4766 -949.4900 216.0601 39 2887 -606.1900 70.4600 75 3869 -903.9900 52.4100 20 4935 -355.3200 -80.8400
1.6906536667e+00 1.0966415794e+00 1.8496291136e+00
171 173 166
3 25 5115 755.2300 514.7300 39 4516 410.2000 354.3200 20 5477 286.2700 68.2400
1.5648296811e+00 1.1552719254e+00 1.8548750186e+00
159 163 158
4 25 5118 704.8000 514.5701 39 4513 380.5800 352.2800 75 2882 806.4200 355.2200 20 5480 267.0900 67.7900
1.7413533574e+00 1.0822723775e+00 1.8501048280e+00
168 170 164
3 25 5120 775.1600 515.8101 39 4522 421.6400 355.6700 20 5488 294.1000 68.7700
1.8351322345e+00 1.0539122744e+00 1.8506393053e+00
164 169 163
3 25 5125 812.7500 517.1899 39 4528 443.0400 358.0900 20 5492 308.5300 69.6700
1.9879665836e+00 1.0154773273e+00 1.8528458594e+00
119 120 121
3 25 5140 874.6500 521.8500 39 6248 478.5400 362.5500 20 5503 332.3100 72.1500
-2.2158821448e+00 -4.6416375089e-01 1.2325467643e+00
154 159 154
3 25 4406 -578.1600 -101.3600 39 3869 -199.3200 -125.0600 20 6397 -232.3800 -245.5000
-4.9627642965e+00 8.5892549783e-01 1.2534356416e+00
153 160 154
3 25 9308 -1065.8199 87.7100 39 5570 -663.9300 -25.7500 20 6978 -397.1700 -133.7100
-1.8598495981e+00 3.5097389912e-01 1.3395032998e+00
47 47 39
2 25 6614 -417.9100 130.2100 39 4140 -215.5900 43.5500
-3.5276270488e+00 8.6031556310e-01 1.3736037781e+00
97 94 80
4 25 6649 -765.3100 151.4600 39 5688 -457.4100 37.1000 75 5394 -716.4500 -12.3800 20 7097 -289.9900 -110.1600
-3.8197636532e+00 3.1250303502e+00 1.8542868095e+00
140 139 129
4 25 7378 -622.4800 517.6500 39 6139 -466.3900 300.7900 75 5987 -563.8500 355.0200 20 8154 -233.5000 61.2200
2.0101637587e+00 9.9500921167e-01 1.8504858076e+00
171 179 171
3 25 5127 884.8500 518.5601 39 4531 484.3199 361.3000 20 8241 336.3300 70.7000
-7.8086461702e-01 -1.7346589205e+00 1.0750325483e+00
61 66 74
3 25 5807 -231.7200 -489.1600 39 5013 150.6000 -344.5600 75 4672 -164.9700 -673.5900
6.3306829424e-01 5.4758027988e-03 1.5747197011e+00
156 162 158
2 25 9477 385.9000 159.8000 39 7760 273.0900 108.5900
9.7499350719e-03 1.4182926503e+00 1.7993625878e+00
116 117 111
3 25 14884 188.0300 453.5100 39 11111 78.6700 292.3400 75 11256 267.5200 292.1600
-3.8441675310e+00 3.2084183687e+00 1.8763691332e+00
64 61 51
2 25 23384 -618.5200 524.0300 39 11188 -464.2800 305.6900
-3.8441675310e+00 3.2084183687e+00 1.8763691332e+00
64 61 51
2 25 23385 -618.5200 524.0300 39 11189 -464.2800 305.6900
3.0443364707e-01 -2.2614099807e+00 1.0499215615e+00
122 124 113
2 25 108 229.7900 -723.4200 39 103 452.9301 -447.4000
7.1932149375e-01 -2.2074536600e+00 1.0866858678e+00
170 186 202
2 25 109 445.1500 -692.9000 39 106 572.4100 -410.6700
7.6867474378e-01 -2.0281349897e+00 1.1279080451e+00
165 175 177
2 25 179 467.6600 -596.3400 39 182 561.9200 -353.1300
-2.5091603608e+00 -9.3933061876e-01 1.1215710080e+00
47 38 29
2 25 205 -717.0000 -251.7900 39 205 -226.3900 -233.1100
-8.2643656052e-01 -1.0715141690e+00 1.2078265550e+00
119 116 106
3 25 209 -194.0800 -237.3700 39 222 91.1700 -185.4900 75 176 -125.4900 -408.6801
7.0868961374e-01 -1.2127086582e+00 1.2890221117e+00
136 139 130
3 25 218 423.1000 -229.5200 39 231 448.1899 -139.1400 75 92 530.3400 -406.0100
-2.3618543681e+00 -8.4892233967e-01 1.1536815809e+00
111 113 108
2 25 222 -664.7900 -217.2500 39 213 -199.3300 -208.8300
-2.3618543681e+00 -8.4892233967e-01 1.1536815809e+00
111 113 108
2 25 223 -664.7900 -217.2500 39 214 -199.3300 -208.8300
4.5706304937e-01 -1.2766140663e+00 1.2613426762e+00
45 41 30
3 25 345 309.7800 -264.9000 39 562 388.4500 -166.6500 75 282 409.8000 -441.1899
7.6587648354e-01 -2.3357945581e+00 1.0617085877e+00
71 72 64
2 25 447 474.3300 -764.9600 39 460 604.3800 -451.0000
-4.8361809260e+00 1.6722378308e+00 1.4491923243e+00
168 179 174
3 25 624 -946.4000 248.1300 39 400 -614.2500 92.9000 75 546 -898.8300 84.9400
2.1853860111e+00 6.8950172888e-01 1.8011058313e+00
136 139 132
2 25 660 979.7200 459.6600 39 691 548.8300 328.0300
8.3485615853e-01 -2.3750346271e+00 1.0581961633e+00
88 85 71
2 25 696 514.5900 -788.1100 39 1171 629.5699 -458.9500
8.6788545751e-01 -2.3578027472e+00 1.0632750254e+00
162 164 178
2 25 697 532.5601 -778.1801 39 1173 639.1100 -452.0400
9.5040145465e-01 -2.4156487026e+00 1.0552042888e+00
160 166 177
2 25 1116 583.1600 -812.6700 39 1680 673.2200 -467.5800
5.2326550431e-01 -2.4125092371e+00 1.0331044516e+00
143 145 144
2 25 1118 343.8500 -808.2200 39 1669 532.7500 -485.3600
4.8343881809e-01 -2.1779155451e+00 1.0774329998e+00
82 77 64
2 25 1138 319.5400 -678.5300 39 1183 500.4700 -412.4900
-7.1722689443e-01 -2.1460234727e+00 9.9736535593e-01
164 168 169
2 25 1139 -238.0500 -673.3199 39 1172 186.4900 -456.7200
4.4841355714e-01 -2.1263313889e+00 1.0855619814e+00
168 179 181
2 25 1140 301.4000 -651.6300 39 1703 485.0699 -398.3700
-1.2180492910e-01 -1.9140474967e+00 1.0887350466e+00
144 146 143
2 25 1162 34.5200 -554.9700 39 1714 313.1801 -362.8800
-1.2180492910e-01 -1.9140474967e+00 1.0887350466e+00
144 146 143
2 25 1163 34.5200 -554.9700 39 1715 313.1801 -362.8800
1.1361834463e+00 -1.3810671508e+00 1.2884852397e+00
57 59 46
3 25 1247 633.4800 -280.9500 39 1832 572.8101 -154.2800 75 1009 759.2700 -461.2600
-2.5552103863e+00 -9.5132971044e-01 1.1107200297e+00
46 42 31
3 25 1250 -735.5600 -257.2200 39 1229 -237.4400 -238.8100 75 1015 -692.7100 -427.6000
-2.3121925627e+00 -4.6709630895e-01 1.2272010423e+00
138 140 135
3 25 1306 -605.5400 -108.1700 39 1266 -213.8000 -131.2400 75 1045 -556.1500 -273.4200
1.8897678697e+00 -7.3199431446e-01 1.4973352956e+00
81 82 71
2 25 1371 972.5500 11.8700 39 1428 634.4500 47.4100
1.8509925548e+00 -6.9928492035e-01 1.5018037750e+00
80 80 68
2 25 1374 949.8201 21.0000 39 1431 620.3101 51.7500
1.4271596245e-01 -4.9184461276e-02 1.5865012242e+00
151 145 133
2 25 1407 211.7300 104.6500 39 1441 163.3100 65.8900
1.4271596245e-01 -4.9184461276e-02 1.5865012242e+00
151 145 133
2 25 1408 211.7300 104.6500 39 1442 163.3100 65.8900
-4.8565339465e+00 9.9979115529e-01 1.2910872650e+00
34 32 19
3 25 1419 -1028.0000 123.2800 39 1378 -647.6000 2.4400 75 1123 -984.7300 -41.8100
-4.5673162284e+00 1.0545357358e+00 1.3269648245e+00
156 158 155
3 25 1433 -964.0200 146.3800 39 1400 -607.0600 21.8000 75 1134 -919.8400 -18.4900
3.7469597938e-01 2.0077319596e-01 1.6026561300e+00
160 171 164
2 25 1458 292.0300 193.7100 39 1479 207.7700 125.7400
-3.3053175271e+00 1.1267885321e+00 1.4487281572e+00
157 158 151
3 25 1469 -687.8500 216.6799 39 1458 -424.4100 87.0300 75 1161 -635.3600 53.2300
-1.0326204256e-01 5.0382268351e-01 1.6416580799e+00
163 168 156
2 25 1477 137.0000 235.8401 39 1490 103.6800 145.0700
-2.1072596618e-01 5.5186394097e-01 1.6476466208e+00
168 172 161
2 25 1479 104.6801 239.5100 39 1491 82.7700 145.8700
-5.9681897748e+00 3.5565123311e+00 1.7662219642e+00
153 162 163
3 25 1551 -953.1500 474.8000 39 1072 -690.2200 254.1000 75 1244 -899.3400 310.8400
8.8994904505e-01 -2.4037545721e+00 1.0542520922e+00
90 91 78
2 25 1684 547.1899 -805.3900 39 2383 652.9399 -466.7800
-6.7680846078e-01 -2.1638805178e+00 9.9658370474e-01
83 77 62
2 25 1705 -221.8700 -681.5400 39 1684 196.4400 -461.0500
-2.3679180699e+00 -3.9869381782e-01 1.2393247463e+00
61 63 51
3 25 1865 -614.4300 -90.8900 39 1870 -222.2600 -120.8400 75 1055 -563.8700 -255.8400
4.2125816903e-01 -2.9930893413e-01 1.5349751454e+00
156 155 150
2 25 1945 308.9200 54.7100 39 1417 233.3700 39.4400
-2.3027576701e+00 1.5732272904e-01 1.3638471623e+00
171 173 172
3 25 1946 -537.9600 54.4100 39 1943 -223.7600 -19.1200 75 1590 -483.5700 -107.4200
-4.4368152471e+00 7.4840615413e-01 1.2698487865e+00
138 145 140
3 25 1968 -974.1700 89.8900 39 1944 -598.2300 -17.1400 75 1607 -931.6000 -75.8300
-1.4810725674e-03 4.0503455680e-02 1.6082413102e+00
142 138 126
2 25 1982 164.9500 117.6000 39 1448 132.1500 71.8300
-1.5428135873e-01 1.2742509517e-01 1.6357530248e+00
147 143 130
2 25 1991 118.2000 127.7500 39 2039 100.9600 75.6000
8.7097520392e-02 1.1415826099e-01 1.6023608503e+00
143 143 133
2 25 2008 193.9301 146.0800 39 2059 149.4600 91.2500
1.3382158175e-02 1.6505354227e-01 1.6142028543e+00
146 143 131
2 25 2015 170.6200 153.5400 39 2062 132.9300 94.4900
-1.2670430322e-01 2.4094190983e-01 1.6312365002e+00
148 143 129
2 25 2022 127.1500 162.0300 39 2069 104.6100 97.9500
-4.3028030177e+00 1.0790548267e+00 1.3547483478e+00
68 66 53
3 25 2026 -907.0400 163.1699 39 993 -569.2700 35.8000 75 1141 -862.2700 -2.1400
2.9977714554e-01 2.5690326457e-01 1.6086689867e+00
177 182 180
2 25 2062 266.0900 203.4700 39 2111 190.9000 130.5400
